1
1
1
1
1
1
1
1
1
1
1
2
2
2
2
2
2
2
2
2
2
2
2
2
2
77
77
77
77
77
77
77
77
77
77
77
77
77
77
77
77
77
3
3
3
3
3
3
3
3
3
3
3
4
4
4
4
4
4
4
4
4
4
5
5
5
5
5
5
5
5
5
5
5
5
5
6
3
5
6
6
6
6
6
7
7
6
6
6
6
6
7
6
6
6
6
6
7
7
6
7
6
6
6
6
6
6
7
7
7
7
7
7
7
5
5
7
7
7
7
7
7
7
7
7
8
8
8
8
8
8
8
8
8
8
8
8
28
8
28
8
8
8
9
9
9
15
10
10
10
10
10
10
15
11
15
11
11
11
12
12
12
12
13
13
13
14
14
14
14
14
14
14
14
14
16
14
15
15
15
15
15
15
15
15
15
15
15
15
15
20
20
16
16
16
16
16
16
16
16
21
16
20
20
16
17
17
17
17
17
17
17
18
18
18
17
18
20
20
19
18
19
19
19
19
19
20
20
20
19
19
19
19
20
20
20
20
20
21
21
21
21
21
21
21
21
21
22
21
22
22
22
22
22
20
20
20
22
22
22
22
22
22
24
22
22
22
22
22
23
23
20
20
23
23
23
23
23
23
25
23
24
24
24
24
24
24
24
24
24
24
24
24
24
24
24
24
24
24
24
24
24
24
24
24
24
24
28
24
24
24
25
25
25
18
25
25
25
25
25
25
25
25
25
25
25
25
25
25
25
25
25
25
26
26
25
25
26
26
26
26
29
26
29
27
27
27
27
27
28
28
28
28
28
28
28
28
28
28
29
29
28
29
29
29
29
30
29
30
30
30
58
30
30
30
30
30
30
31
31
28
28
31
31
31
31
28
28
32
33
28
34
35
34
37
35
35
35
36
35
35
36
38
38
37
37
38
37
38
37
37
37
39
39
36
36
39
39
39
37
40
40
40
41
41
37
41
41
41
41
41
41
41
42
42
42
42
42
42
42
42
42
42
43
43
43
43
43
43
43
43
43
43
43
52
52
44
44
44
44
44
47
44
44
47
52
52
52
46
46
46
52
52
46
52
47
52
47
48
48
52
49
47
49
49
73
49
50
49
49
73
49
49
49
50
50
50
51
51
51
52
51
52
52
52
52
53
75
75
53
53
53
53
53
54
54
55
55
56
56
56
56
56
56
56
56
56
57
57
57
57
57
59
58
58
58
58
58
58
58
58
59
59
59
60
59
59
60
58
37
37
61
61
37
61
61
61
63
61
61
61
68
61
62
62
62
62
63
63
63
63
63
63
63
64
64
64
64
64
64
64
65
65
65
65
65
65
66
63
65
65
66
66
65
66
66
70
67
67
67
67
63
67
67
67
67
67
67
67
67
66
67
67
67
66
68
68
69
68
68
68
69
68
69
69
69
69
69
69
69
69
69
45
70
70
70
70
70
70
70
70
71
71
71
71
71
71
71
71
71
71
71
71
71
71
71
70
72
72
72
72
72
72
73
73
73
73
72
73
73
73
74
74
74
74
75
75
75
75
75
75
76
76
76
76
76
10
53
75
56
1
3
4
22
22
21
20
25
25
18
18
15
13
6
7
6
22
22
22
7
8
28
28
28
28
52
49
43
45
42
40
68
68
68
67
66
63
56
37
37
37
38
38
36
37
41
41
36
36
23
23
27
27
27
27
27
27
28
28
28
28
8
29
29
51
32
28
35
35
35
59
60
60
60
60
60
59
59
31
30
33
34
31
31
29
29
29
29
69
28
35
25
8
24
44
69
37
58
28
29
29
31
28
29
58
38
5
61
42
76
64
