1
2
1
1
1
1
1
77
1
2
1
2
2
2
2
2
1
2
2
4
2
2
2
2
1
77
77
77
1
77
1
4
4
77
77
77
77
77
3
77
4
4
4
3
3
77
3
77
3
3
4
5
3
2
4
2
4
4
4
14
14
14
14
4
5
16
5
4
5
5
5
5
5
5
5
22
5
4
5
5
5
3
6
6
6
5
5
6
6
6
6
6
6
6
6
7
7
7
7
7
6
6
6
6
6
7
6
7
7
7
7
7
7
7
7
22
7
7
7
7
7
7
7
8
7
8
8
8
8
8
8
8
8
7
8
8
8
8
8
8
8
8
8
9
9
10
10
12
12
10
10
10
10
11
11
10
15
12
12
12
12
13
12
13
14
14
14
14
14
14
14
16
16
14
14
16
14
15
15
15
15
10
15
15
15
15
15
15
15
15
14
14
14
16
16
16
16
16
16
16
16
16
16
16
16
15
19
15
17
17
76
17
17
17
19
19
18
20
15
15
19
15
19
19
15
15
15
15
20
19
19
25
19
20
20
20
20
20
5
20
21
20
21
21
21
21
21
22
21
21
22
21
22
21
20
22
22
22
22
21
21
22
22
22
22
22
23
22
20
23
22
22
20
23
23
22
22
22
22
22
23
22
24
24
24
24
24
23
24
24
24
24
24
24
24
24
24
24
24
24
24
24
24
24
24
24
24
24
24
24
24
25
25
25
25
25
25
25
25
25
25
25
25
25
25
25
25
25
25
25
25
25
25
27
26
26
25
26
26
29
29
29
29
29
27
27
29
29
27
28
24
27
27
28
28
28
28
28
28
29
29
29
29
29
29
30
30
29
30
58
31
31
29
30
30
29
30
29
31
33
33
28
28
31
28
28
8
8
33
35
33
34
35
60
35
35
35
35
36
36
35
35
36
36
35
38
38
38
38
38
38
36
39
39
36
36
39
39
39
40
40
40
40
41
39
38
38
38
38
41
41
41
41
42
42
42
38
42
42
42
42
42
43
43
69
43
43
69
43
43
43
43
46
46
43
43
44
44
69
44
44
44
44
44
44
48
46
46
48
48
46
46
48
48
48
47
45
48
48
48
48
49
47
49
49
49
49
49
49
49
75
49
49
49
51
50
51
51
51
51
46
52
52
52
55
52
53
75
75
53
53
53
53
53
55
54
55
55
56
56
56
56
56
56
56
64
56
57
30
57
58
57
58
58
58
58
58
58
58
58
58
31
31
59
60
31
31
31
59
61
60
61
61
59
59
59
58
58
59
59
61
60
60
63
62
62
63
58
58
63
58
63
63
63
62
64
64
64
64
64
64
63
62
64
65
65
70
63
63
66
66
66
66
66
65
66
70
61
61
61
61
67
61
67
67
67
71
67
67
67
67
71
68
71
71
61
67
69
68
68
69
71
68
69
69
42
42
69
69
69
69
69
69
70
70
70
70
70
70
70
70
69
71
71
71
70
70
70
71
71
71
71
71
73
71
71
72
72
72
72
72
75
75
73
73
73
73
72
73
73
73
75
74
75
75
75
75
75
75
75
75
76
76
76
76
76
10
53
75
30
1
3
4
22
22
21
23
20
25
18
25
14
14
5
5
5
22
22
22
7
7
28
28
28
28
48
73
43
48
69
40
69
61
69
67
67
63
56
60
37
35
38
38
38
38
38
38
36
36
23
23
27
29
27
27
27
27
28
28
24
28
8
27
29
51
33
32
35
35
36
31
60
59
60
60
60
31
59
29
30
35
34
31
31
29
29
30
30
69
33
35
23
8
24
44
69
61
58
28
29
29
31
28
29
58
36
5
60
69
76
64
