1
2
1
1
1
1
1
1
1
1
1
2
2
2
2
2
2
2
2
4
13
4
2
4
2
77
77
77
77
1
2
2
77
77
77
77
77
77
77
77
4
4
3
3
77
3
6
3
3
3
3
4
3
4
4
4
14
4
4
14
14
5
4
5
5
5
5
5
5
5
5
5
5
5
5
22
5
5
5
6
5
6
6
3
3
6
6
3
6
7
6
3
6
5
5
5
5
5
7
6
6
6
7
6
6
7
6
7
7
7
6
6
7
7
7
7
7
7
6
7
7
7
7
7
6
8
8
8
8
7
8
8
8
8
8
8
8
8
8
8
8
8
8
9
9
11
11
11
10
10
11
11
11
12
12
11
11
11
15
12
12
12
12
13
13
13
14
14
14
13
14
16
16
16
14
14
14
15
15
15
15
15
15
15
15
15
15
20
15
15
14
14
16
16
14
16
16
16
16
16
21
15
15
20
15
17
15
17
17
17
76
17
17
18
17
15
18
15
15
15
15
15
19
19
19
19
19
15
19
19
25
19
19
20
20
20
20
20
21
20
20
22
21
21
22
21
21
21
21
22
22
22
22
22
20
20
22
22
22
22
22
22
22
22
22
22
23
22
20
23
23
22
23
23
19
23
23
23
19
19
23
24
24
24
24
24
24
24
24
24
24
24
24
24
24
24
24
24
24
24
24
24
23
24
24
24
24
24
24
24
24
19
25
19
19
25
25
25
25
25
25
25
25
25
25
25
25
25
25
25
25
25
25
26
26
26
25
26
26
26
26
26
29
29
27
27
29
29
27
28
28
28
28
28
28
28
28
28
28
29
29
28
29
29
29
29
30
29
29
29
29
30
29
30
30
30
30
30
31
28
28
28
28
28
28
28
8
32
32
35
33
34
35
34
38
35
35
35
35
35
38
35
36
35
38
38
38
40
40
40
40
40
39
39
39
40
39
39
39
40
40
40
40
41
39
40
41
41
41
42
42
41
42
42
42
42
40
40
40
42
42
42
42
43
43
69
45
43
43
43
43
43
46
46
43
46
44
47
44
44
44
49
44
44
44
48
46
45
45
46
45
45
48
46
52
47
48
48
48
48
48
49
44
49
49
49
50
49
49
49
49
75
49
50
50
50
50
48
51
51
52
52
52
52
55
52
53
75
75
53
53
53
53
53
54
50
55
51
56
56
56
56
56
56
64
64
56
57
57
57
62
57
30
58
58
58
58
58
58
59
59
58
59
58
60
60
60
59
58
61
61
61
61
61
61
61
58
61
61
61
67
61
67
62
62
62
62
58
58
58
66
58
66
66
62
64
64
64
64
64
65
65
62
65
65
66
70
66
66
65
66
66
63
66
66
63
66
67
67
67
61
61
61
61
61
67
67
67
67
67
63
67
67
67
67
61
67
68
67
67
68
68
68
69
69
42
69
69
69
71
44
45
45
70
70
70
70
70
70
70
71
71
67
71
70
70
71
71
71
71
71
71
71
71
73
49
73
73
73
72
72
72
72
73
73
73
71
73
73
73
49
72
74
74
74
49
75
75
75
75
75
76
76
76
76
76
10
53
72
30
2
3
4
22
22
21
20
19
26
19
19
15
14
5
3
3
22
22
24
22
7
28
28
28
28
48
49
45
47
69
40
69
67
67
67
63
58
56
40
37
40
38
38
38
40
41
39
36
36
23
27
27
29
27
27
27
27
28
28
28
28
7
29
29
51
33
8
35
35
35
59
60
60
38
34
60
59
59
30
29
35
34
28
31
29
30
30
30
69
31
35
19
7
24
44
69
61
58
28
29
30
31
29
30
30
40
5
69
42
76
56
