1
2
1
1
1
1
1
1
2
1
1
2
2
4
2
1
2
4
2
14
13
4
4
4
4
77
77
1
1
77
2
2
2
77
2
77
77
77
77
77
77
77
4
77
3
3
3
3
3
3
4
3
3
4
14
4
14
14
4
14
14
4
4
5
5
5
5
5
5
22
22
5
5
5
5
5
3
5
5
3
3
3
6
6
6
6
5
6
6
6
6
6
6
6
6
6
5
5
7
6
6
7
6
7
6
6
7
7
7
7
7
7
7
7
7
7
22
22
22
7
7
7
7
7
7
8
8
8
7
7
8
8
8
7
8
8
8
8
8
8
8
8
7
9
9
76
10
10
10
76
10
11
10
11
11
11
15
11
11
11
12
12
14
13
13
13
14
14
16
14
14
16
16
16
14
14
14
15
15
15
15
15
15
15
15
15
19
15
15
15
16
16
16
16
16
16
5
16
16
16
16
16
15
16
16
15
15
17
17
76
76
17
17
17
17
15
18
15
19
15
15
19
19
19
19
19
19
20
19
19
19
19
19
20
20
20
19
20
21
21
21
22
21
22
21
21
21
22
22
22
22
22
22
22
22
22
22
23
22
22
22
24
22
22
22
22
23
22
23
23
23
22
23
23
23
23
23
23
23
23
26
24
24
24
24
24
24
24
24
24
24
24
24
24
24
28
24
24
24
24
24
24
24
24
24
24
24
24
28
28
24
25
25
25
25
25
25
25
23
25
25
25
25
25
25
25
25
25
25
25
25
25
25
26
23
25
25
25
26
26
26
27
26
27
27
27
29
29
27
28
28
28
28
28
28
28
28
28
28
29
30
29
29
30
29
30
30
29
30
30
30
30
30
30
30
30
30
30
31
31
31
28
31
31
31
31
8
32
32
33
28
37
34
34
38
33
35
35
35
38
38
38
38
35
38
38
38
38
38
38
38
38
39
39
39
38
39
39
39
40
40
40
69
41
41
40
41
41
42
41
42
41
41
42
42
42
42
42
40
42
42
42
43
43
42
43
43
43
43
43
43
43
46
46
46
43
44
44
44
44
44
49
49
44
44
45
46
46
51
46
45
45
51
46
46
47
51
48
48
48
51
49
47
49
49
49
49
49
50
49
73
49
49
49
50
50
50
51
51
51
52
52
52
52
52
52
53
53
49
53
53
53
53
54
54
54
55
55
56
56
56
56
56
56
56
64
56
58
30
57
57
56
58
30
30
58
58
58
58
58
58
59
59
59
60
28
28
60
58
61
61
61
61
61
61
61
63
63
61
67
61
68
61
62
62
62
62
63
58
62
63
63
63
63
62
56
64
64
64
64
64
63
62
64
65
65
70
66
63
66
63
66
66
66
65
66
70
67
61
67
61
61
61
67
61
67
67
67
61
67
67
71
67
71
71
68
68
68
67
71
68
71
71
69
42
42
69
42
69
69
69
69
44
70
70
70
70
70
70
71
72
71
71
71
71
71
71
71
71
71
71
71
71
73
71
73
72
72
72
72
75
75
72
73
71
73
73
73
73
72
73
74
74
75
75
73
72
72
75
75
49
76
76
76
76
76
76
53
75
30
2
3
4
22
24
21
20
25
26
15
25
15
13
5
6
6
22
22
24
22
7
28
28
28
28
46
71
43
45
42
40
68
68
67
67
63
63
56
37
37
37
38
38
38
40
41
39
36
36
23
23
23
27
27
27
27
28
28
28
28
28
8
29
29
50
28
28
35
35
38
59
60
60
37
34
60
58
59
31
30
33
34
31
31
29
30
29
30
43
28
35
23
7
24
44
69
61
58
28
29
30
28
29
30
31
38
22
61
42
76
64
