1
1
1
1
1
1
1
1
1
2
1
2
2
2
2
2
2
2
2
2
2
4
4
4
2
77
77
77
77
1
2
77
77
77
77
77
77
3
3
77
3
77
3
3
77
77
3
3
3
3
4
4
5
4
4
4
4
4
4
5
4
4
5
5
5
4
5
5
5
5
5
5
5
5
7
5
3
4
5
5
5
3
6
5
5
5
6
6
6
6
6
6
6
6
6
6
5
6
6
7
6
6
6
7
7
6
6
6
7
7
7
7
7
7
6
7
7
7
7
7
7
7
7
7
7
8
8
7
7
7
8
8
8
8
8
8
8
8
8
8
8
8
8
9
9
10
10
10
10
10
11
10
11
11
10
11
11
11
11
10
12
13
14
13
14
14
14
14
16
14
14
14
16
16
14
14
14
15
15
15
15
15
15
15
15
15
15
15
15
15
14
14
16
16
14
16
16
16
16
16
16
16
14
14
16
15
17
17
17
17
76
17
17
17
17
17
18
15
15
15
19
19
25
19
15
19
19
25
25
19
25
25
19
16
20
20
20
20
21
16
21
21
21
21
21
21
21
22
21
21
22
21
22
22
20
22
20
22
22
22
22
22
22
22
22
24
22
22
22
23
23
20
20
23
23
20
23
23
23
20
23
24
22
24
24
24
24
23
24
24
24
24
24
24
24
24
24
24
24
24
24
24
24
24
28
24
24
24
24
28
24
25
25
25
25
25
25
25
25
25
25
25
25
25
25
25
25
25
25
25
25
25
26
23
26
26
26
26
29
29
29
29
25
27
27
27
27
29
27
8
24
28
28
31
28
28
28
28
28
29
30
30
29
30
29
30
30
30
30
31
31
30
30
30
56
30
30
30
31
31
28
28
28
31
28
28
8
32
32
33
33
34
35
34
38
35
35
35
36
38
38
36
38
38
38
38
40
38
38
38
38
38
39
39
39
40
39
39
39
40
40
40
40
41
39
41
41
41
41
41
42
41
41
42
42
42
42
42
42
42
69
42
43
43
43
43
43
69
43
43
43
69
43
43
43
43
44
44
44
44
44
44
49
44
49
69
46
46
46
46
46
69
46
46
48
47
47
47
48
48
48
49
47
49
49
49
51
50
50
49
49
49
49
49
51
50
50
48
51
51
46
52
52
52
52
52
53
49
75
75
53
53
53
53
54
54
55
55
56
56
56
56
56
56
56
64
64
58
57
57
58
57
58
30
30
58
58
58
58
58
58
59
37
59
60
60
60
60
37
61
37
61
61
37
61
37
58
63
63
61
61
68
68
62
62
62
62
63
62
63
62
63
63
63
62
64
64
64
64
64
65
62
62
65
62
65
65
66
62
62
66
66
66
66
65
66
70
67
61
67
67
67
67
67
61
67
67
67
67
67
70
67
71
67
70
67
68
68
68
68
69
68
68
69
69
69
69
69
69
69
44
69
69
70
70
70
70
70
72
70
72
71
71
70
70
71
71
71
71
71
71
71
70
71
71
71
72
72
72
72
72
72
72
71
73
73
73
73
73
73
75
72
74
74
74
75
75
72
75
75
75
76
76
76
76
76
10
53
75
56
1
3
4
22
22
21
20
25
25
19
25
14
14
5
5
5
22
22
22
7
7
28
28
28
28
48
49
69
45
42
40
68
68
68
67
63
63
56
37
37
38
39
38
39
40
41
41
36
36
23
23
27
27
27
27
27
27
28
28
28
28
7
29
29
51
31
32
35
35
38
59
60
59
60
34
60
59
59
31
30
35
34
31
31
30
30
30
30
69
31
35
23
8
24
44
69
37
62
28
29
30
31
29
30
30
40
4
61
42
76
62
