1
2
1
1
1
1
1
1
1
1
1
2
2
2
2
2
2
2
2
2
2
2
2
2
2
77
77
77
1
1
1
4
4
77
4
77
4
77
77
77
77
4
77
77
77
3
3
3
3
3
3
5
3
4
4
4
4
4
4
4
4
4
5
5
5
5
5
5
5
5
5
5
5
5
5
5
5
5
6
5
3
3
6
6
3
6
6
6
6
6
3
3
3
6
7
7
7
6
6
6
6
6
6
6
7
7
7
7
7
7
7
7
7
7
7
7
7
7
7
7
7
7
7
7
7
8
8
8
8
7
8
8
8
8
8
8
8
8
8
8
8
8
8
9
9
9
10
10
10
10
10
10
10
11
11
11
11
11
11
12
12
12
12
13
13
13
14
14
14
14
14
16
14
14
14
14
16
15
15
15
15
15
15
15
15
15
15
15
15
15
16
16
16
16
14
16
16
16
16
16
16
16
16
16
16
15
15
15
15
17
17
17
17
17
17
17
18
20
19
19
19
19
19
25
19
19
19
20
19
19
19
19
25
20
20
20
20
20
21
21
21
21
21
21
21
21
21
22
22
22
22
22
22
22
22
22
22
22
22
22
22
22
22
22
22
22
22
22
22
23
23
22
22
23
23
22
23
23
23
22
23
24
24
24
24
24
24
24
24
24
24
24
24
24
24
24
24
24
24
24
24
24
24
24
28
28
24
28
24
24
24
25
25
25
25
25
25
25
25
25
25
25
25
25
25
25
25
25
25
25
25
25
25
26
26
23
25
25
26
26
27
26
26
27
27
27
27
27
27
8
28
28
31
28
28
31
28
31
31
30
29
29
29
29
30
30
30
30
30
30
30
30
30
30
30
30
30
30
31
31
31
31
31
31
31
31
8
8
28
33
33
34
34
34
38
33
35
33
36
38
38
36
38
38
38
38
38
38
38
38
38
38
39
39
39
39
39
39
39
42
40
40
40
41
39
41
41
41
41
42
42
41
41
42
42
42
42
42
42
42
42
42
42
43
42
43
43
42
43
43
43
43
46
46
43
43
44
47
44
44
44
49
44
44
44
45
46
46
46
46
45
46
48
48
52
50
45
50
50
45
48
49
49
49
49
49
49
50
50
49
49
49
49
49
50
50
50
51
48
48
52
52
52
52
52
52
49
53
75
53
53
53
53
49
54
50
55
55
56
56
56
56
56
56
56
56
56
57
57
57
57
57
58
30
58
58
58
58
58
58
58
58
59
59
60
31
60
60
58
61
61
68
61
61
61
61
58
61
61
67
61
61
68
62
62
62
62
63
58
62
62
62
63
63
64
64
64
64
64
64
64
65
65
65
65
65
65
66
63
63
63
63
66
66
63
66
66
67
61
67
61
67
67
67
61
67
67
67
67
67
66
71
67
71
71
61
68
69
68
68
68
68
68
69
69
42
69
69
69
69
44
69
69
70
70
70
70
70
70
70
71
71
68
71
71
71
71
71
71
71
71
71
71
71
73
71
72
72
72
72
72
72
72
73
73
73
73
72
73
73
73
74
74
75
75
75
72
75
75
75
75
76
76
76
76
76
10
53
75
30
1
3
4
22
22
21
20
25
25
25
25
15
13
6
3
3
22
22
22
7
7
28
24
24
28
46
49
43
45
42
40
68
68
68
67
66
63
56
38
37
38
38
38
38
40
42
39
36
36
24
27
23
27
27
27
27
27
28
31
28
31
8
29
29
51
28
32
35
33
38
60
60
60
60
60
60
59
59
30
30
33
34
30
31
30
29
29
30
69
28
35
23
8
24
44
69
61
58
31
29
30
31
29
30
30
38
5
68
42
76
56
