1
2
1
1
1
1
1
77
1
1
1
2
2
2
2
2
2
2
2
2
2
2
4
4
2
77
77
77
77
77
1
4
4
77
4
77
77
3
3
77
77
4
4
3
3
77
3
3
3
4
4
4
3
4
4
2
13
4
5
4
5
5
5
5
5
16
5
5
5
5
5
5
5
5
5
22
6
5
6
6
3
3
3
6
6
6
5
6
6
6
6
6
6
6
6
5
5
6
7
7
6
6
6
7
6
6
6
7
7
7
7
7
7
7
7
22
7
7
7
7
7
7
7
7
7
7
8
8
8
8
8
8
8
8
8
8
8
8
8
8
8
8
7
9
9
9
10
10
10
10
10
15
15
11
15
15
15
13
15
10
12
13
13
2
13
2
14
14
16
14
14
14
14
16
14
14
14
15
15
15
15
15
15
15
15
15
15
15
15
15
14
16
16
16
14
16
16
16
16
16
21
16
14
16
16
15
17
17
17
17
76
17
17
17
18
19
18
20
19
15
19
15
19
19
19
19
19
19
19
19
19
19
19
20
20
20
20
20
21
20
21
21
21
21
21
21
21
22
21
22
22
22
22
20
22
20
22
22
22
22
22
22
22
22
22
24
24
22
22
24
22
22
23
23
25
23
23
23
23
23
23
24
24
24
24
24
24
24
24
24
24
24
24
24
24
24
24
24
24
24
24
24
24
28
28
24
24
24
24
24
28
25
19
25
19
25
25
25
25
25
25
25
25
25
25
25
25
25
25
25
25
25
25
27
25
25
25
25
26
26
26
29
26
26
27
27
29
29
27
28
28
28
28
28
28
28
28
28
28
29
30
29
29
30
30
30
30
30
30
30
30
30
30
30
30
30
30
30
31
31
28
28
28
28
31
28
8
8
8
33
35
34
34
34
34
35
35
35
35
35
35
38
38
38
35
35
37
38
35
38
37
37
39
39
39
37
39
41
39
40
40
40
40
41
41
37
41
41
42
41
41
42
42
42
42
42
42
40
42
42
42
42
43
42
43
45
45
45
43
43
43
43
43
43
43
43
44
47
44
44
44
44
44
47
47
48
46
46
46
46
45
45
46
46
52
47
48
48
47
47
48
49
47
49
49
49
51
50
49
49
49
49
49
49
51
50
50
51
48
48
52
52
52
52
52
52
53
53
75
75
53
54
53
54
54
54
55
54
30
56
56
56
56
56
56
56
62
57
57
57
58
57
59
30
30
58
58
58
58
58
58
59
61
59
60
31
31
31
61
59
37
61
61
59
59
61
63
63
61
61
61
68
61
62
62
62
63
63
58
58
63
58
63
63
64
62
64
64
64
64
64
65
65
65
65
65
65
66
63
65
70
66
66
66
70
66
70
68
61
67
67
67
67
67
61
68
67
67
67
67
66
67
71
71
71
68
68
69
68
68
71
71
71
69
69
42
69
69
71
71
69
69
44
70
70
70
70
70
72
72
72
71
71
71
71
72
71
71
71
71
71
71
71
71
71
49
72
72
72
72
72
75
72
49
73
73
72
73
73
73
73
72
74
72
72
75
75
75
75
75
49
76
76
76
76
76
10
53
75
30
1
3
5
22
22
21
23
25
25
19
18
14
13
5
6
3
22
7
22
7
7
28
28
28
28
46
49
45
48
42
40
68
68
69
67
63
63
56
37
37
35
38
38
37
37
41
37
36
36
23
27
27
27
27
27
27
28
28
28
28
28
8
29
30
51
28
32
35
35
35
60
60
60
60
34
34
59
59
30
30
35
35
28
59
30
29
29
30
69
28
35
23
7
24
44
42
59
58
28
29
30
31
29
30
30
37
5
61
42
76
62
