1
1
1
1
1
1
1
1
1
2
1
2
2
13
2
2
2
2
2
2
13
2
2
2
2
77
77
77
77
2
2
2
2
77
77
77
77
77
77
77
77
77
3
3
3
3
3
3
3
3
3
5
3
4
4
4
13
4
4
4
4
5
4
5
5
5
5
5
5
5
5
5
5
5
5
5
5
5
5
5
5
6
6
6
5
5
6
6
6
6
6
6
6
6
5
5
5
5
6
6
7
6
6
7
6
7
7
7
7
7
7
7
7
7
7
5
7
7
7
7
7
7
7
7
7
8
8
8
8
8
8
8
8
7
8
8
8
8
8
8
8
8
8
9
9
9
15
10
10
10
10
10
15
13
11
15
15
11
11
12
12
12
13
13
13
13
14
14
14
13
14
14
16
16
14
14
14
15
15
15
15
15
15
15
15
15
15
15
15
15
16
16
16
16
16
16
16
16
16
16
16
16
16
20
16
15
15
15
17
17
17
17
17
18
17
17
18
20
20
15
19
19
19
19
19
19
19
20
19
19
19
19
19
20
20
20
20
20
21
20
21
21
21
21
21
21
5
22
22
22
22
22
22
22
20
22
22
22
22
22
22
22
22
22
22
22
22
22
22
23
23
23
23
23
23
23
23
23
23
23
23
24
24
24
24
24
24
24
24
24
24
24
24
24
24
24
24
24
24
24
24
24
24
24
24
24
24
24
24
24
24
25
25
25
25
25
25
25
25
25
25
25
25
25
25
25
25
25
25
25
25
25
25
23
26
26
26
26
26
26
26
29
26
27
27
27
27
27
27
28
28
28
28
28
28
28
28
28
28
29
29
29
29
29
29
30
30
30
30
30
30
30
30
30
30
30
30
30
31
31
28
31
31
31
28
28
28
28
32
33
33
34
34
34
34
35
35
35
36
35
35
36
36
36
38
38
38
38
38
38
38
38
39
39
36
39
39
39
39
40
40
40
40
41
41
41
41
41
41
41
41
41
41
42
42
42
42
42
42
42
42
42
42
43
42
43
43
43
43
43
43
43
43
43
43
43
44
47
44
44
44
44
44
44
47
45
46
46
46
46
46
46
46
46
51
47
48
47
47
48
48
49
47
49
49
49
49
50
49
50
49
49
49
49
50
50
50
51
51
51
52
52
52
52
52
52
53
53
75
75
53
53
53
54
54
54
55
55
56
56
56
56
56
56
56
64
56
57
57
57
57
57
58
58
58
58
58
58
58
58
58
59
59
59
60
60
59
59
63
61
63
63
61
61
61
61
63
63
61
61
61
61
61
62
62
62
62
63
63
63
63
63
63
63
64
64
64
64
64
64
64
65
65
65
65
65
65
66
66
66
66
66
66
66
66
66
65
67
67
67
63
63
63
63
63
67
67
67
67
67
67
67
67
67
67
68
68
69
68
68
68
69
68
69
69
42
69
69
69
69
69
69
69
70
70
70
70
70
70
70
72
71
71
71
71
70
71
71
71
71
71
71
71
71
73
71
72
72
72
72
72
72
72
73
73
73
73
72
73
73
73
74
74
74
74
75
75
75
75
75
75
76
76
76
76
76
10
53
75
30
1
3
4
22
22
21
20
25
25
19
18
15
13
5
6
5
22
22
22
7
7
28
28
28
28
46
49
43
45
69
40
69
37
69
67
66
63
56
37
37
38
38
38
36
40
41
41
36
36
23
23
27
27
27
27
27
27
28
28
28
28
8
29
29
51
32
28
35
35
35
59
60
60
60
60
60
59
59
30
30
33
34
31
31
29
29
29
29
69
28
35
23
8
24
44
69
63
58
28
29
29
31
29
29
30
38
5
37
42
76
62
