1
1
1
1
1
1
1
1
1
2
1
2
2
2
2
2
2
2
2
4
2
2
2
4
2
77
77
77
77
1
2
4
4
77
77
77
77
77
3
77
77
4
4
77
3
77
3
3
3
5
4
5
3
4
4
4
4
4
4
4
4
4
5
5
5
16
5
5
5
5
5
5
5
5
5
5
5
5
5
6
3
3
6
6
6
6
5
6
6
6
6
6
6
6
5
5
5
5
6
7
6
6
6
6
7
6
7
7
7
7
7
7
7
7
7
7
7
7
7
7
7
7
7
7
7
8
8
8
8
7
8
8
8
8
8
8
8
8
8
8
8
8
8
9
9
10
10
10
10
10
10
10
10
11
10
11
11
11
15
12
12
2
12
2
12
4
14
14
14
14
14
16
16
16
14
14
14
15
15
15
15
15
15
15
15
15
15
15
15
15
16
16
16
16
16
16
16
16
16
16
16
16
16
16
16
15
15
17
17
17
17
17
17
17
17
17
18
19
19
19
19
19
19
19
19
19
19
20
20
19
19
19
19
16
20
20
20
20
21
16
21
21
21
21
21
21
21
22
22
22
22
22
22
22
20
22
22
22
22
22
22
22
22
22
22
22
22
22
22
22
23
22
22
20
20
20
22
23
22
20
23
24
24
24
24
24
24
24
24
24
24
24
24
24
24
24
24
24
24
24
24
24
24
24
24
24
24
24
24
24
24
25
25
25
25
25
25
25
25
25
25
25
25
25
25
25
25
25
25
25
25
25
25
26
26
25
25
25
26
26
26
27
26
27
27
27
27
27
29
28
28
31
28
28
31
31
31
28
28
29
29
31
29
30
29
30
30
30
30
30
30
31
30
30
30
30
29
30
31
31
28
31
31
31
31
31
8
8
33
33
35
34
35
34
34
35
35
35
36
38
35
36
36
36
37
38
38
38
37
37
38
37
39
39
36
36
39
39
39
40
40
40
40
41
39
40
40
41
41
41
41
41
42
42
42
42
42
42
42
42
42
42
42
43
43
69
69
43
43
43
43
43
43
46
43
43
69
44
44
44
44
44
44
44
44
48
46
46
46
46
46
46
46
46
46
47
48
48
47
51
48
49
49
49
49
49
51
49
49
49
75
49
49
49
51
50
50
51
51
51
46
46
46
52
52
51
54
53
75
53
53
54
54
54
54
54
55
51
56
56
56
56
56
56
56
56
64
57
57
57
57
57
58
58
58
58
58
58
58
58
58
59
59
59
60
60
60
60
61
59
59
68
59
61
61
61
58
58
61
67
61
61
68
58
62
62
65
63
58
63
63
63
63
63
64
64
64
64
64
64
64
65
64
65
65
65
65
63
63
65
66
66
66
66
65
66
70
67
61
67
61
63
61
67
61
67
67
67
61
67
67
71
71
71
66
61
67
68
71
71
68
69
71
69
69
69
69
69
69
69
69
69
69
70
70
70
70
70
70
70
72
71
69
71
71
70
71
71
71
71
71
71
71
71
71
71
72
72
72
72
72
72
72
71
73
73
71
73
49
73
73
72
74
74
74
75
75
75
75
75
75
76
76
76
76
76
10
53
75
30
2
3
4
22
22
21
20
25
25
19
25
16
13
5
6
3
22
22
22
7
7
31
28
28
28
46
49
69
45
42
40
68
68
71
67
63
63
56
37
37
37
38
38
38
37
40
39
36
36
23
23
27
27
29
27
26
27
27
28
28
31
8
29
29
51
32
32
35
35
35
60
60
59
60
34
60
59
59
31
58
35
34
31
31
29
29
29
29
69
31
35
26
7
24
44
69
59
58
31
26
29
31
31
29
58
38
5
68
42
76
64
