1
2
1
1
1
1
1
1
1
2
2
2
2
2
2
2
2
2
4
2
2
2
4
4
2
77
77
77
1
77
2
4
77
77
77
77
77
77
77
77
77
4
4
4
3
3
3
3
3
4
4
5
3
4
14
14
14
14
4
14
14
14
16
4
16
16
16
16
5
5
5
5
22
5
5
22
3
5
5
5
5
3
6
3
6
5
5
6
6
6
6
6
6
6
6
6
22
7
6
6
7
6
6
7
7
6
7
6
7
7
7
7
7
7
7
22
7
7
8
7
7
7
8
8
8
8
7
8
8
8
8
8
8
8
8
8
8
8
8
32
8
8
8
9
9
9
11
10
10
9
10
10
11
11
11
11
11
12
15
10
12
13
12
2
13
2
14
14
14
14
13
16
14
14
14
14
14
15
15
15
15
15
15
15
15
15
15
15
15
15
15
16
16
16
16
16
16
16
16
16
16
15
16
15
15
15
15
15
17
17
76
17
17
17
17
17
18
20
15
15
19
19
25
19
15
19
19
20
20
19
19
25
19
20
20
20
20
20
21
21
21
20
21
20
21
21
22
22
22
21
20
20
20
20
22
22
22
22
22
22
22
22
22
22
24
22
22
22
20
24
22
22
23
25
25
23
22
23
23
23
26
24
24
24
24
24
24
23
24
24
24
24
24
24
24
24
24
24
24
24
24
24
24
24
24
24
24
24
28
28
24
25
19
25
25
25
25
25
25
25
25
25
25
25
25
25
25
25
25
26
25
25
25
26
26
26
25
26
26
29
26
27
29
27
27
27
27
29
29
28
28
28
28
28
28
28
28
28
28
29
30
28
29
30
30
30
30
30
30
58
30
31
30
30
30
30
30
30
31
31
28
28
28
28
28
28
32
32
32
33
28
34
35
34
35
35
35
35
36
36
35
36
38
36
35
37
38
38
38
38
38
40
39
38
39
39
39
39
39
41
40
40
40
41
41
41
41
41
42
42
42
41
41
42
42
42
42
42
42
42
42
42
43
43
42
48
48
48
43
43
43
48
46
46
43
43
44
44
44
44
44
49
49
44
50
48
52
46
46
52
46
48
46
52
52
50
48
47
48
48
46
49
50
50
49
49
49
49
50
49
49
75
49
49
50
50
49
51
46
51
52
52
52
52
52
52
53
53
53
53
54
53
53
54
54
54
55
55
56
56
56
56
56
56
56
64
64
57
57
57
57
57
58
30
30
58
58
58
58
59
58
58
58
59
59
31
31
31
58
58
37
68
61
61
58
61
58
58
61
61
61
68
61
58
62
62
65
58
63
63
63
63
66
66
65
64
64
64
64
64
64
65
65
64
65
65
65
66
63
66
66
66
66
71
71
71
65
67
67
67
61
67
67
67
67
67
71
67
67
66
66
71
67
71
71
68
68
69
68
68
68
68
71
69
69
42
69
69
71
71
69
69
69
70
70
70
70
70
70
70
71
71
71
71
71
70
70
70
71
71
71
71
71
71
71
71
72
73
72
72
72
72
72
71
73
71
71
73
49
73
73
74
74
74
74
72
75
75
75
75
75
76
76
76
76
76
10
53
75
30
1
3
4
22
22
21
23
25
26
25
25
16
13
5
6
3
22
22
24
22
7
28
28
28
28
52
49
48
45
42
40
68
68
68
67
63
63
56
37
37
37
38
38
38
40
42
39
38
36
23
23
27
27
27
27
27
27
27
28
28
28
8
29
29
51
32
32
35
36
36
59
59
60
60
60
60
59
59
28
30
33
34
28
31
30
30
30
30
69
28
35
25
8
24
44
69
61
58
28
29
30
31
29
30
58
38
22
61
42
76
62
