1
1
1
1
1
1
1
1
1
2
2
2
2
13
13
2
2
13
2
13
13
13
2
2
2
77
77
77
77
1
2
77
77
77
77
77
77
77
3
77
77
4
4
3
3
3
3
3
3
4
4
4
3
4
14
4
14
4
4
14
14
16
4
4
5
16
5
5
5
5
22
5
5
5
5
5
4
5
5
6
3
6
6
3
3
6
6
6
6
6
6
6
6
7
6
6
5
5
7
7
6
6
6
7
7
7
7
7
7
7
7
7
7
7
7
7
22
7
7
8
7
7
8
7
8
7
8
8
7
8
8
8
8
8
8
8
8
8
8
28
8
8
7
9
9
10
10
12
10
10
10
10
10
12
12
11
11
15
15
13
13
13
12
13
13
14
14
14
14
13
14
15
16
16
14
16
14
15
15
15
15
15
15
15
15
15
15
15
15
15
14
15
16
16
16
21
16
16
16
21
16
16
16
20
20
17
15
17
17
17
76
76
17
18
17
17
18
19
19
15
17
15
19
19
19
19
19
20
19
19
19
25
19
19
20
20
20
20
22
20
21
20
21
21
21
21
21
22
22
22
21
21
22
20
20
22
22
22
22
22
22
22
22
22
22
22
22
22
22
22
22
22
19
23
23
19
19
23
23
23
23
24
24
24
24
24
24
22
24
24
24
24
24
24
24
24
24
24
24
24
24
24
24
24
24
24
28
28
24
28
24
25
25
25
25
25
25
25
25
25
25
25
25
25
25
25
25
25
25
25
25
25
25
29
23
26
25
25
26
23
23
23
26
29
27
27
27
27
29
24
28
28
28
28
28
28
28
28
28
30
30
29
29
30
30
30
30
29
30
30
30
30
30
30
30
30
30
30
31
28
28
31
28
28
28
31
32
32
32
33
33
34
35
34
38
35
35
35
35
38
35
36
36
38
38
38
38
38
38
38
38
36
39
39
38
38
39
39
39
41
40
40
42
41
39
41
38
41
41
41
41
42
41
42
42
41
42
42
42
42
42
42
42
42
43
42
43
43
42
42
42
42
43
43
43
46
44
44
69
44
44
44
49
47
49
45
46
46
46
46
45
45
46
46
46
47
46
47
48
48
46
49
49
49
49
49
49
49
50
49
73
49
49
49
50
50
50
51
51
51
52
52
52
52
52
52
53
49
53
53
49
53
53
53
54
54
55
55
56
56
56
56
56
56
56
56
56
57
57
57
58
57
59
30
30
58
58
58
58
58
58
59
61
59
31
31
60
31
61
61
61
68
61
61
61
58
58
61
61
61
61
68
61
62
62
62
63
63
58
63
63
58
63
63
64
64
64
64
64
64
65
65
64
64
65
65
65
66
63
66
65
65
66
66
66
70
70
67
61
67
67
61
61
67
61
67
67
67
67
66
66
67
71
67
67
68
68
68
68
68
68
71
68
69
40
42
69
69
69
69
44
69
69
70
65
70
70
70
70
70
73
71
71
71
70
71
71
71
71
73
71
71
71
71
71
71
73
72
72
72
72
75
72
73
73
73
73
72
73
73
73
72
74
74
74
75
75
75
75
75
75
76
76
76
76
76
76
53
75
30
1
3
4
22
22
21
19
25
25
19
18
15
14
6
3
6
22
22
24
22
7
28
28
28
28
52
73
43
45
42
40
40
61
68
68
66
63
56
61
37
38
36
38
36
38
41
38
36
36
23
27
27
27
28
27
27
28
28
28
28
28
7
29
29
50
32
28
35
35
38
60
31
60
60
31
31
59
59
30
30
33
34
31
59
29
30
29
29
69
28
35
23
8
24
44
40
61
58
28
29
30
31
29
30
30
36
22
61
42
76
64
