1
1
1
1
1
1
1
1
1
1
1
2
2
2
2
2
2
2
2
13
13
2
2
4
2
77
77
77
77
2
2
2
77
77
77
77
77
77
77
77
77
2
4
4
77
3
3
3
3
3
4
4
3
4
13
13
13
4
4
4
13
4
4
5
5
4
5
5
5
5
5
5
5
5
5
5
5
5
5
6
5
3
6
6
6
6
7
6
6
6
6
6
7
6
6
5
5
5
7
7
6
6
6
6
6
7
7
7
7
7
7
7
7
7
5
5
7
7
7
7
7
7
7
7
7
8
7
8
8
8
8
8
8
8
8
8
8
8
8
28
8
8
8
9
9
9
10
12
10
10
10
10
10
13
10
10
11
15
15
12
12
12
13
13
13
13
14
14
14
13
14
16
14
16
14
16
14
15
15
15
15
15
15
15
15
15
15
15
15
15
16
16
16
16
16
16
16
16
16
16
21
20
16
16
20
15
19
15
17
17
76
76
17
17
15
19
18
20
19
19
19
15
19
19
19
19
20
20
19
19
19
19
19
20
20
20
20
20
21
20
20
21
20
21
21
21
5
5
22
21
22
22
22
21
22
20
22
22
22
22
22
22
22
24
22
24
22
22
20
24
24
23
23
23
25
23
23
23
23
23
23
24
24
24
24
24
24
24
24
24
24
24
24
24
24
24
24
24
28
28
24
24
24
24
24
28
24
24
24
28
24
19
19
25
25
25
25
19
25
25
25
25
25
25
25
25
25
25
25
25
25
25
25
27
27
26
25
25
26
26
29
29
26
29
27
29
29
29
27
28
28
28
28
28
28
28
28
28
28
29
29
29
29
29
29
29
30
29
29
30
29
29
29
30
29
30
29
30
31
31
31
31
31
31
31
31
32
32
32
33
28
34
34
34
34
35
33
35
35
38
35
36
39
38
38
38
39
38
38
38
38
38
39
39
39
39
39
39
39
40
40
40
40
41
39
40
41
41
41
41
41
41
41
42
42
42
42
42
42
42
42
42
42
42
43
43
43
43
43
42
43
43
46
43
43
43
44
47
44
44
44
47
47
47
47
46
52
46
46
46
46
46
46
46
52
47
48
47
47
48
48
49
47
49
49
49
49
50
50
49
49
49
49
49
50
50
54
51
51
51
52
52
52
52
52
52
53
53
54
54
53
54
54
54
54
54
55
55
56
56
56
56
56
56
56
56
56
57
57
57
57
57
58
58
58
58
58
58
58
58
58
59
59
59
60
28
59
28
58
58
58
61
61
61
58
61
61
71
61
61
61
61
61
62
62
62
62
63
58
62
62
62
63
65
64
64
64
64
64
64
64
65
65
65
65
65
65
63
63
66
66
66
66
70
70
66
70
67
67
67
61
71
67
67
71
71
67
67
67
71
71
67
71
71
71
71
71
68
68
68
69
69
68
69
69
69
69
69
69
71
69
69
45
70
65
70
70
70
70
70
71
69
71
71
71
71
71
71
71
71
71
71
71
71
71
71
72
72
72
72
72
72
72
71
73
73
73
73
71
73
73
72
74
74
74
75
75
75
75
75
75
76
76
76
76
76
10
54
75
30
1
3
4
22
7
21
19
25
25
19
25
15
13
6
6
6
22
7
22
7
7
28
28
28
28
52
49
43
45
69
40
69
69
69
71
63
63
56
58
37
38
38
38
39
40
41
40
36
36
23
27
27
29
27
27
27
27
28
28
28
28
8
29
29
51
28
28
35
35
35
60
60
59
60
60
60
59
59
31
30
33
34
31
31
29
29
29
29
69
28
35
25
8
24
44
69
58
58
28
29
29
28
29
29
30
38
5
61
42
76
62
