1
1
1
1
1
1
1
1
1
2
1
2
2
2
2
2
2
2
2
2
2
2
2
2
2
77
77
77
77
1
77
77
1
77
77
77
77
77
77
77
77
77
77
3
3
3
6
3
3
4
77
4
3
4
14
2
13
4
4
4
14
14
5
5
5
16
5
6
5
5
21
21
5
5
5
21
3
6
6
3
6
6
6
3
6
3
6
6
7
6
6
6
6
6
6
5
7
7
6
6
7
6
7
6
6
7
6
7
7
7
7
7
7
7
7
5
22
7
7
7
7
8
7
8
7
8
8
8
8
8
8
32
8
32
8
8
8
32
8
8
8
8
8
9
9
9
10
10
10
10
10
10
11
14
10
11
11
11
11
12
12
12
14
13
13
13
14
14
16
14
14
14
16
16
14
16
14
15
15
15
15
15
17
15
19
15
15
19
19
15
16
16
16
16
16
16
16
16
16
16
16
16
16
19
16
17
17
17
17
17
17
17
17
17
18
17
18
20
19
19
19
19
19
19
19
19
19
19
19
19
19
19
19
20
20
20
20
20
16
20
21
20
21
21
21
21
21
22
21
21
22
22
22
20
22
22
23
22
21
22
22
22
22
22
22
22
22
23
22
23
23
23
20
23
23
23
23
23
23
23
23
24
22
24
24
24
24
24
24
24
24
24
24
22
24
24
24
24
24
24
24
24
24
28
24
28
28
24
24
28
24
25
25
25
25
25
25
25
25
25
25
25
25
25
25
25
25
25
25
25
25
25
25
27
23
26
26
26
26
26
29
29
25
29
27
27
27
27
27
24
24
28
28
28
28
28
28
28
28
29
29
29
29
29
29
29
30
30
30
31
31
31
58
30
30
30
29
30
31
31
28
31
31
28
28
28
8
32
32
33
34
34
35
34
38
35
35
35
38
35
35
35
36
38
38
37
38
38
38
37
40
38
39
39
36
39
39
39
39
40
40
40
40
41
39
41
41
41
41
41
41
41
41
42
42
42
42
40
42
42
42
42
43
43
69
43
43
43
43
43
43
43
46
43
43
43
44
47
44
44
44
49
44
44
44
45
46
46
46
46
46
46
48
46
52
50
45
48
48
48
48
49
49
49
49
49
49
50
49
50
49
49
49
54
50
50
50
51
51
51
52
52
52
52
52
52
53
75
75
53
53
53
53
53
54
54
55
55
57
56
56
56
56
56
64
64
64
57
57
57
62
56
58
58
58
58
58
58
59
59
58
59
59
59
60
31
60
60
61
61
37
37
61
61
61
63
63
63
61
61
61
61
37
62
62
62
62
63
63
62
63
63
63
63
56
64
64
64
64
64
64
65
62
65
65
65
65
66
65
65
65
65
66
66
66
70
66
61
61
67
67
63
67
61
61
67
67
67
67
63
67
70
70
70
70
61
61
61
68
68
69
71
68
69
69
42
69
69
69
71
44
44
69
70
65
70
70
70
70
70
70
71
71
71
70
70
71
71
71
71
71
71
71
71
71
71
72
72
72
72
72
72
72
73
73
73
72
73
73
49
49
72
74
74
74
75
75
75
75
75
75
76
76
76
76
76
10
53
75
58
2
3
4
22
22
16
20
25
25
25
25
16
13
6
6
3
22
22
24
22
7
28
28
28
28
46
73
43
45
42
40
37
61
61
67
66
63
56
37
37
37
38
38
39
40
41
41
36
36
23
23
27
27
27
27
27
27
28
28
24
24
8
29
29
54
32
32
35
35
35
60
60
59
38
60
60
59
59
29
30
33
34
31
31
29
29
29
29
69
31
35
23
8
24
73
69
61
58
28
29
29
31
27
30
58
39
21
37
69
76
56
