1
2
1
1
1
1
1
1
1
1
1
2
2
2
2
2
2
2
2
2
2
2
2
4
2
77
77
77
77
1
2
4
1
77
77
77
77
77
77
77
77
4
4
4
3
77
77
3
3
3
4
4
3
4
4
4
2
4
16
16
16
4
4
5
5
5
5
5
5
5
5
5
5
5
5
5
6
6
6
3
3
3
6
3
6
3
3
6
6
6
6
6
6
6
6
6
6
6
6
7
6
6
7
6
7
7
6
7
6
7
7
7
7
7
7
7
7
7
7
7
7
7
7
7
8
8
8
8
8
8
8
8
8
7
8
8
8
8
8
8
8
8
8
9
9
10
10
10
10
10
10
10
10
11
10
11
11
11
15
11
12
12
12
13
14
2
14
14
14
14
14
14
14
14
14
16
16
15
15
15
15
15
15
15
15
15
15
15
15
15
16
16
14
16
16
16
16
16
16
16
16
16
16
16
20
15
17
17
17
76
76
17
17
17
18
17
18
20
20
19
19
19
19
19
19
19
19
19
19
19
19
19
19
20
20
20
20
22
21
20
21
21
21
21
21
21
21
22
22
22
22
22
22
22
22
20
22
22
22
22
22
22
22
22
22
22
22
22
20
22
23
22
23
20
25
23
23
23
23
23
23
24
24
24
22
24
24
22
24
24
24
24
24
24
24
24
24
24
24
24
24
24
24
24
24
24
24
24
24
24
24
25
25
25
25
25
25
25
25
25
25
25
25
25
25
25
25
25
25
25
25
25
25
23
26
26
26
25
26
26
26
26
26
27
27
27
27
27
28
31
28
28
28
31
28
31
31
31
31
29
29
29
29
29
29
30
29
30
58
30
30
31
30
30
30
58
29
30
31
31
31
31
31
31
31
31
8
8
8
33
33
38
34
34
38
33
35
33
36
38
35
36
38
38
38
38
38
38
38
37
38
38
39
39
36
39
39
39
39
40
40
40
40
41
39
40
40
41
41
41
41
41
41
42
42
42
42
42
42
42
42
42
42
43
43
43
43
43
43
43
43
43
46
43
43
46
44
44
44
69
69
44
44
44
49
46
46
46
46
46
46
46
46
46
51
47
46
47
47
48
51
49
47
49
49
49
49
49
49
49
49
49
49
49
50
50
50
51
51
51
52
52
52
52
52
52
53
53
75
75
53
54
54
54
54
54
55
50
57
56
56
57
56
56
56
56
64
57
57
57
57
57
58
58
58
58
58
58
58
58
58
59
59
59
34
31
60
60
58
58
61
68
61
58
58
61
58
63
61
61
61
61
61
65
62
62
65
63
58
63
63
58
63
63
64
64
64
64
64
64
64
65
65
65
65
65
65
66
66
63
65
66
70
66
66
70
65
67
61
67
61
61
61
67
67
67
71
67
67
67
70
71
71
71
71
68
67
68
67
68
68
71
68
37
69
69
69
69
69
71
69
69
69
70
70
70
70
70
70
70
71
71
71
71
70
71
71
71
71
71
71
71
71
71
71
71
72
72
72
72
72
75
72
71
73
73
71
73
49
73
73
75
74
74
74
75
75
72
75
75
75
76
76
76
76
76
10
75
75
58
2
3
4
22
22
21
20
25
25
25
25
15
13
6
6
3
22
22
22
22
7
31
31
31
31
46
71
43
45
42
40
37
68
68
67
63
63
56
38
37
38
38
38
38
40
41
39
36
36
24
24
27
27
27
27
27
28
28
28
31
28
8
25
25
50
32
32
35
35
36
60
60
60
38
34
60
59
59
29
58
33
34
31
31
29
29
30
30
69
31
35
26
8
24
44
37
61
58
31
25
29
31
29
29
58
38
5
68
42
76
56
