1
1
1
1
1
1
1
1
1
2
1
2
2
2
2
2
2
2
2
2
2
2
2
2
2
77
77
77
77
1
2
77
77
77
4
77
4
4
4
77
4
4
3
3
3
77
3
77
3
4
4
5
3
4
4
4
2
4
4
14
14
5
14
5
5
5
5
5
5
5
5
5
5
5
5
5
3
5
5
3
3
3
6
3
3
6
6
3
6
6
3
6
6
5
5
5
5
6
6
6
6
6
6
6
7
7
7
7
7
7
7
7
7
6
7
22
7
7
7
7
7
7
7
7
8
7
8
8
7
8
8
8
8
8
8
8
8
8
8
8
8
8
8
9
9
10
10
10
10
10
10
10
10
14
11
11
11
14
11
10
10
12
14
13
13
13
14
14
14
13
14
16
14
16
14
14
14
15
15
15
15
15
15
15
15
15
15
15
15
15
16
16
16
16
16
16
16
16
16
16
16
16
15
16
16
17
15
17
17
17
76
17
17
17
15
15
19
19
15
19
19
15
19
19
19
19
19
19
19
19
25
19
19
20
20
20
20
20
21
21
21
21
21
21
21
21
21
22
22
22
22
22
22
22
20
22
22
22
22
22
22
22
22
22
22
22
22
22
22
22
23
22
20
20
20
20
20
23
20
20
23
24
24
24
24
24
24
24
24
24
24
24
24
24
24
24
24
24
24
24
24
24
24
24
24
24
24
24
24
24
24
25
25
25
25
25
25
25
25
25
25
25
25
25
25
25
25
25
25
25
25
25
25
23
23
26
20
25
26
26
23
27
29
27
27
27
27
29
29
8
28
31
31
8
31
31
28
28
28
29
29
29
29
29
29
29
29
30
30
31
31
31
29
29
30
29
29
30
31
31
28
31
31
31
31
31
8
8
8
33
33
34
35
34
34
33
35
33
35
38
38
33
38
38
38
38
38
38
38
38
38
38
38
38
39
39
39
39
39
41
40
40
40
42
39
41
41
41
41
42
42
41
42
42
42
42
42
42
42
42
42
42
43
43
43
43
43
43
43
43
43
43
46
43
43
43
44
44
44
44
44
44
44
44
44
45
52
46
46
52
46
46
52
46
52
47
45
45
47
47
48
49
44
49
49
49
50
50
50
49
49
49
49
49
50
50
50
51
51
51
52
52
52
52
52
52
49
49
53
53
53
53
53
49
54
54
55
55
56
56
56
56
56
56
56
56
56
57
57
57
57
57
58
31
31
58
58
58
58
58
61
61
59
59
60
60
60
60
61
59
59
61
59
59
61
61
61
63
61
61
61
61
61
62
62
65
65
63
63
65
63
63
63
65
64
64
64
64
64
64
65
65
65
65
65
65
65
66
63
63
65
66
66
66
70
66
70
67
67
67
67
67
67
67
67
67
67
67
67
67
66
67
67
67
67
68
67
69
68
68
69
71
67
69
69
42
69
69
69
69
44
69
69
70
70
70
70
70
72
72
72
71
67
71
71
71
71
71
71
71
71
71
71
71
73
71
72
72
72
72
72
75
75
73
73
73
73
72
73
73
73
72
72
74
74
73
75
75
75
75
75
76
76
76
76
76
10
53
75
30
2
3
4
22
22
21
20
25
25
19
18
15
14
5
3
3
22
22
22
7
7
31
28
28
28
52
49
46
45
42
40
69
68
68
67
63
63
56
60
37
38
38
38
38
40
42
39
38
36
23
27
27
27
27
27
27
28
28
31
31
31
8
29
29
51
31
32
35
35
35
60
60
59
60
60
60
31
59
31
30
33
34
31
31
30
30
30
31
69
31
35
20
8
22
44
69
59
62
31
29
31
31
29
29
31
38
5
61
42
76
64
