1
1
1
1
1
1
1
1
2
2
2
1
2
2
2
2
4
2
2
2
2
2
4
4
2
77
77
1
1
1
2
2
1
77
1
77
1
77
77
77
77
4
4
4
77
77
3
77
3
3
4
4
3
4
4
4
4
4
4
4
14
4
4
5
5
5
5
5
5
5
5
5
5
5
5
5
6
6
5
5
6
3
3
6
6
6
6
3
3
6
6
6
6
6
5
6
6
6
6
6
7
6
6
6
6
6
6
7
7
7
7
7
7
7
7
7
7
7
7
7
7
7
7
7
7
7
8
8
8
8
8
8
8
7
8
8
8
8
8
8
8
8
8
9
9
10
10
10
10
10
10
10
10
11
11
10
11
15
15
10
12
12
12
13
14
2
14
14
16
14
14
16
16
16
14
16
14
15
15
15
15
15
15
15
15
15
15
15
19
15
16
16
16
16
16
16
16
16
16
16
16
16
16
16
16
15
15
17
17
17
76
17
17
17
17
17
18
20
19
19
17
19
19
19
19
19
19
19
19
19
19
19
19
20
20
20
20
20
21
21
21
21
21
21
21
21
22
22
22
22
22
22
22
22
22
22
22
22
22
22
22
22
22
22
22
22
20
22
20
22
20
20
20
20
25
23
20
23
20
23
23
24
24
24
24
24
24
24
24
24
24
24
24
24
24
24
24
24
24
24
24
24
24
24
24
24
24
24
8
24
24
25
25
25
25
25
25
25
25
25
25
25
25
25
25
25
25
25
25
25
25
25
25
26
26
29
26
26
29
26
26
26
29
29
27
27
27
29
27
8
8
28
28
28
28
28
28
28
28
29
30
29
29
29
29
29
29
29
29
29
30
31
29
29
29
30
29
29
31
28
28
28
31
31
28
28
8
33
33
33
31
60
34
34
34
33
33
33
36
38
35
36
38
38
34
38
38
38
38
38
38
38
39
38
38
38
38
39
41
41
41
40
40
41
39
41
41
39
41
41
42
42
41
42
42
42
42
42
42
42
42
42
43
42
43
43
43
43
43
42
43
43
43
43
43
43
44
44
44
44
44
44
44
44
44
48
46
46
46
46
46
46
51
46
46
50
47
47
50
51
51
49
49
49
49
49
49
49
49
49
49
53
49
49
50
50
50
51
51
50
46
51
52
46
52
52
53
53
53
53
53
53
53
54
54
54
55
54
56
56
56
56
56
56
56
64
56
58
57
57
57
57
58
58
58
58
58
58
58
58
58
59
60
59
60
60
60
60
60
60
61
60
60
60
61
61
61
67
67
61
61
61
61
62
62
62
65
63
63
62
63
63
63
63
64
64
64
64
64
64
64
65
65
65
65
65
65
63
63
65
66
63
66
66
65
66
65
67
61
67
67
67
66
67
61
67
67
67
66
66
67
71
71
71
71
67
61
69
68
68
71
71
71
71
69
42
42
69
71
69
69
69
69
70
65
70
70
70
70
70
70
71
71
71
71
70
71
71
71
71
71
71
71
71
71
71
72
72
72
72
72
72
72
71
71
71
73
73
73
73
73
74
75
75
75
75
75
72
75
75
53
76
76
76
76
76
10
53
75
30
2
3
4
22
22
21
20
25
25
19
19
16
13
5
6
6
22
22
22
7
7
28
8
28
28
46
49
43
45
42
40
69
61
61
67
66
63
56
60
37
38
38
38
38
40
41
40
36
36
23
28
27
27
27
28
27
27
28
28
28
28
8
29
29
51
32
32
35
35
35
59
59
60
60
60
60
59
59
30
29
33
34
31
31
30
30
30
30
42
31
35
26
8
24
44
69
60
58
28
29
29
31
27
29
30
38
5
61
42
76
64
