1
2
1
1
1
1
1
1
1
1
1
2
2
2
2
2
2
2
2
2
2
2
2
2
2
77
77
77
77
1
1
77
77
77
4
77
4
77
4
77
4
4
4
77
77
77
3
3
3
3
3
5
3
4
4
4
4
4
4
4
4
4
4
5
5
5
5
5
5
5
5
5
5
5
5
5
5
5
5
6
3
3
6
3
3
6
6
3
6
6
6
6
6
6
6
6
6
6
7
7
7
6
6
7
6
6
7
6
7
7
7
7
7
7
7
6
7
7
7
7
7
7
7
7
8
7
8
7
8
8
8
8
8
7
8
8
8
8
8
8
8
8
8
9
9
12
10
12
10
10
10
10
10
11
11
10
11
11
11
12
12
12
12
12
13
13
14
13
14
14
14
14
14
14
14
16
14
15
15
15
15
15
15
15
15
15
15
15
15
15
16
16
16
16
16
16
5
16
16
16
16
21
16
16
21
17
15
17
17
17
17
17
17
18
17
17
18
15
19
19
19
15
19
19
19
19
19
19
19
25
19
19
19
20
20
20
20
20
21
21
21
21
21
21
21
21
5
22
22
22
22
22
22
20
22
22
22
22
22
22
22
22
22
22
22
22
22
22
22
22
23
22
22
20
25
23
22
23
23
23
26
24
24
24
24
24
24
24
24
24
24
24
24
24
24
24
24
24
24
24
24
24
24
24
28
24
24
24
24
24
7
25
25
25
18
25
25
25
25
25
25
25
25
25
25
25
25
25
25
25
25
25
26
27
26
25
25
26
26
26
29
29
29
27
27
29
27
27
27
8
28
27
27
8
28
8
8
8
31
30
30
29
29
30
30
30
30
30
30
30
30
30
30
30
30
30
30
30
31
31
31
31
31
31
31
31
8
8
32
35
33
34
35
34
34
35
35
35
36
35
35
36
36
38
38
38
38
38
38
38
38
38
39
39
39
39
39
39
41
40
40
40
40
41
38
40
41
41
41
41
41
41
41
42
42
42
42
42
42
42
42
42
43
43
42
43
43
43
43
43
43
43
46
43
43
43
69
44
44
44
44
49
44
44
44
46
52
52
46
46
46
46
46
52
52
47
48
48
48
46
46
49
49
49
49
49
49
49
50
49
49
49
49
49
50
50
50
51
51
51
52
52
52
52
52
52
53
49
75
75
75
53
53
53
54
49
55
55
56
56
56
56
56
56
56
64
56
57
57
57
62
57
58
30
58
58
30
58
58
58
58
59
59
59
60
31
60
60
58
58
37
68
61
58
58
63
63
61
61
61
61
61
61
62
62
62
62
63
63
62
63
63
63
63
64
64
64
64
64
64
64
65
65
65
65
65
65
66
63
63
65
66
67
66
66
66
65
67
61
67
67
67
67
67
61
67
67
67
66
67
66
67
67
67
67
68
67
68
71
71
68
68
71
69
69
42
69
69
69
69
69
69
69
70
70
70
70
70
70
71
72
71
71
71
71
71
71
71
71
71
71
71
71
71
71
71
72
73
72
72
72
72
72
73
73
71
73
73
73
73
73
72
74
74
74
75
75
75
75
75
75
76
76
76
76
76
10
53
75
30
1
3
5
22
22
21
20
25
25
19
18
16
13
5
3
3
22
22
24
7
7
8
28
28
8
46
49
43
45
42
40
68
68
67
67
63
63
56
37
37
38
38
38
38
38
41
38
36
36
23
24
27
27
27
24
29
27
28
28
8
8
8
29
29
51
32
8
35
35
35
60
60
60
60
34
60
58
59
30
30
35
34
31
31
29
30
30
30
43
8
34
26
8
7
44
69
61
58
31
29
30
31
29
30
30
38
5
68
42
76
64
