1
2
1
1
1
1
1
1
1
1
1
2
2
2
2
2
2
2
2
2
14
2
2
2
2
77
77
77
77
1
2
2
2
77
77
77
77
3
3
77
4
4
4
4
3
77
77
77
3
3
4
5
3
4
4
4
4
4
5
4
4
4
4
5
5
5
5
5
5
5
5
5
5
5
5
5
5
5
6
6
3
3
6
3
6
6
6
3
6
6
6
6
6
6
6
6
5
5
7
7
7
6
6
7
7
6
6
7
7
7
7
7
7
7
7
7
7
7
7
7
7
7
7
7
7
8
8
8
8
8
8
8
8
8
8
8
8
8
8
8
8
8
8
9
9
10
10
10
10
10
10
10
10
12
11
11
15
11
11
12
12
12
15
14
14
13
14
14
14
14
14
14
14
14
14
14
4
15
15
15
15
15
15
15
15
15
15
15
15
15
16
16
16
16
16
16
16
16
16
16
16
16
16
16
16
15
15
17
17
17
17
17
17
17
17
17
18
15
15
19
17
17
19
19
19
19
19
15
20
19
19
25
19
20
20
20
20
20
21
21
21
21
21
21
21
22
21
22
22
22
22
22
22
22
22
22
22
22
22
22
22
22
22
22
22
22
22
22
22
24
24
22
20
20
20
20
20
23
20
20
23
24
24
24
24
24
24
24
24
24
24
24
24
24
24
24
24
24
24
24
24
24
24
24
24
28
24
24
24
24
24
25
25
25
25
25
25
25
25
25
25
25
25
25
25
25
25
25
25
25
25
25
25
27
23
26
26
25
26
23
25
25
25
27
27
27
27
27
29
31
28
27
27
31
28
31
28
31
31
25
29
29
29
29
29
30
30
30
30
30
30
31
30
30
30
30
30
30
31
31
31
31
31
31
31
31
8
8
8
35
33
60
34
34
34
35
34
35
38
38
35
38
38
38
38
38
38
38
38
37
38
38
39
38
38
38
39
39
39
40
40
40
40
41
41
40
41
41
41
41
41
41
42
42
42
42
42
42
42
42
42
42
42
43
43
43
43
43
43
43
43
43
46
43
43
46
44
44
44
44
44
49
44
44
44
48
46
46
46
43
46
46
46
46
52
47
48
48
48
51
48
49
49
50
49
49
49
49
50
49
73
49
49
49
50
50
50
51
48
51
52
52
51
52
52
51
54
53
75
53
53
53
53
54
54
54
55
54
30
56
56
30
56
56
56
56
56
58
57
57
57
57
30
58
58
58
58
58
58
58
61
59
59
59
60
59
60
60
58
61
61
40
40
61
61
61
61
61
67
67
61
68
68
62
62
56
63
63
58
58
63
58
63
63
64
64
64
64
64
64
64
65
65
65
65
65
70
66
63
65
65
66
66
66
66
70
70
68
61
67
67
63
63
67
61
68
67
67
66
66
67
71
71
71
67
68
68
69
68
68
68
68
68
69
69
69
69
69
69
69
69
69
69
70
70
70
70
70
70
70
70
71
71
71
71
71
71
71
71
71
71
71
71
71
71
71
72
72
72
72
72
75
72
73
73
73
73
72
73
73
73
74
74
74
74
75
75
75
75
75
75
76
76
76
76
76
10
53
75
30
1
3
5
22
22
21
20
25
25
19
19
15
4
5
3
3
22
22
22
22
22
31
31
31
31
46
49
43
45
42
40
40
68
68
67
63
63
56
34
37
38
38
38
38
41
41
41
38
36
23
27
23
27
27
27
27
27
28
28
28
28
8
29
29
51
32
32
35
35
38
60
60
59
60
60
60
59
59
30
30
35
34
31
31
30
29
29
29
42
33
35
23
8
8
44
40
61
58
31
25
29
59
29
29
30
38
5
40
42
76
56
