1
2
1
1
1
1
1
1
1
2
1
2
2
2
2
2
1
2
2
13
2
13
2
2
2
77
77
77
77
4
2
4
4
77
4
77
77
77
3
77
77
4
4
77
3
77
3
77
3
4
4
4
3
13
4
4
13
4
4
5
13
16
5
5
5
16
5
5
5
5
5
5
5
5
5
5
5
5
5
5
3
3
6
3
6
6
6
3
3
6
6
6
6
6
6
7
7
6
7
6
6
6
6
7
6
6
6
7
7
7
6
7
7
7
7
7
22
7
7
7
7
7
7
7
7
8
8
8
8
8
8
8
8
8
8
8
8
8
8
8
24
24
8
9
9
10
10
9
10
10
76
10
10
9
10
11
11
11
14
9
12
13
14
13
14
13
16
14
14
14
14
16
16
14
14
14
16
15
15
15
15
15
15
15
15
15
15
15
15
15
14
16
16
16
16
16
16
16
16
21
16
16
15
15
16
17
15
17
17
76
76
76
17
18
18
19
18
19
15
15
19
15
19
19
15
19
15
19
19
19
19
25
19
20
20
20
20
20
21
20
20
20
21
21
21
21
21
22
21
21
22
20
22
20
22
20
20
22
22
22
22
22
22
22
22
22
22
22
22
24
24
22
23
25
23
23
24
24
24
23
23
24
24
24
22
22
24
24
24
24
24
24
24
24
24
24
24
24
24
24
24
24
23
27
24
28
28
28
28
28
24
25
25
25
25
25
25
25
25
25
25
25
25
25
25
25
25
25
25
25
25
25
25
23
26
26
25
26
26
26
27
26
26
27
29
27
27
27
27
28
28
28
28
28
28
28
28
28
28
29
30
28
29
30
29
30
30
30
57
31
31
29
30
30
30
29
29
29
31
33
28
28
28
28
28
31
8
8
32
33
33
34
35
34
59
35
35
35
36
38
35
36
38
38
37
38
39
38
38
38
38
38
39
39
39
38
39
39
39
40
40
40
40
41
39
40
41
41
41
41
41
41
41
41
41
42
42
40
42
42
42
42
43
42
42
43
43
42
43
42
43
43
43
46
43
43
44
44
69
44
44
47
47
47
47
46
46
46
48
46
46
46
48
48
48
47
48
45
47
48
48
47
50
50
49
73
49
49
49
49
75
49
49
54
50
50
50
51
51
51
46
51
52
52
52
52
53
53
75
75
53
54
53
54
54
54
55
54
57
56
56
57
56
56
56
56
56
62
62
57
62
56
58
58
62
58
58
58
58
58
58
58
31
60
60
31
31
60
58
61
61
61
59
59
61
61
62
63
67
61
59
61
61
62
62
62
65
63
63
62
62
63
62
62
65
64
64
64
64
64
64
65
65
65
65
65
65
66
62
66
65
66
66
65
66
70
66
61
61
61
67
63
67
67
67
61
61
67
67
63
67
67
67
71
67
61
61
37
68
68
37
69
68
69
42
42
69
69
69
71
44
69
69
70
65
70
70
70
70
70
72
71
69
71
67
70
70
71
71
71
73
71
71
71
73
73
72
72
72
72
75
75
75
73
73
73
73
72
73
73
73
75
74
74
74
75
75
75
75
75
75
76
76
76
76
76
10
53
75
57
1
3
5
22
24
21
23
25
26
18
18
15
13
5
3
3
22
22
22
22
7
28
24
28
28
48
49
43
45
42
40
37
61
68
67
63
63
56
37
37
38
38
38
39
40
41
40
36
36
23
27
27
27
27
27
29
28
28
28
28
28
8
28
30
51
32
32
35
35
38
31
60
60
59
34
60
58
31
29
57
35
34
31
31
29
29
31
31
69
33
35
23
8
24
44
42
59
62
31
29
29
31
28
29
31
38
5
61
42
76
64
