1
1
1
1
1
1
1
1
77
2
2
1
1
2
2
2
2
2
2
2
2
4
2
2
2
77
1
1
1
77
2
2
4
77
4
77
4
77
77
77
4
4
4
4
3
77
77
77
3
3
3
3
3
2
4
4
14
4
4
4
4
14
5
5
16
16
5
5
5
5
5
5
5
5
5
5
3
6
6
3
3
3
6
3
3
3
3
6
6
6
6
6
6
6
6
5
5
6
6
7
6
6
7
6
6
6
6
7
7
7
7
7
7
7
7
7
22
22
7
7
7
7
7
7
22
7
8
8
8
8
8
8
8
8
8
8
8
8
8
8
8
8
8
9
9
9
10
10
10
10
10
10
10
10
11
11
15
11
11
12
12
13
12
13
12
13
14
14
14
14
14
16
16
14
14
14
14
15
15
15
15
15
15
15
15
15
19
15
15
15
14
15
16
16
16
16
16
16
16
16
16
16
16
15
16
15
17
17
17
17
76
17
17
17
19
17
18
19
19
15
19
19
19
19
19
19
19
19
19
19
19
19
19
20
20
20
20
20
21
15
21
21
21
21
21
21
5
22
22
21
22
22
22
20
22
22
22
22
22
22
22
22
22
22
22
22
22
22
22
23
23
22
20
20
20
20
20
23
20
20
23
24
24
24
24
24
24
24
24
24
24
24
24
24
24
24
24
24
24
24
24
24
24
24
24
24
24
24
24
24
24
25
25
25
25
25
25
25
25
25
25
25
25
25
25
25
25
25
25
25
25
25
25
23
23
20
20
25
26
23
27
26
26
27
29
27
27
27
29
8
28
28
28
8
28
31
31
31
31
29
30
31
30
30
29
30
30
30
30
30
30
30
30
30
30
30
30
30
31
31
31
31
31
31
31
31
8
8
32
32
33
60
34
34
38
35
34
38
38
38
38
38
38
38
38
38
38
38
38
38
38
38
38
39
38
41
39
39
39
41
40
41
40
41
39
41
41
41
41
41
41
41
41
42
42
42
42
41
42
42
42
42
42
42
43
43
43
43
43
43
43
43
43
46
43
46
44
44
44
44
44
49
44
44
44
45
46
46
46
46
46
46
46
46
51
47
48
48
48
51
51
49
49
49
72
49
49
49
49
49
49
75
49
49
50
50
50
51
50
50
52
52
51
52
52
51
54
49
53
53
54
53
53
54
51
54
55
51
30
56
56
30
56
56
56
64
56
57
57
57
57
57
58
58
58
58
58
58
58
58
58
59
59
59
60
60
31
59
58
58
60
68
61
58
58
58
58
58
61
61
61
61
61
57
62
62
62
58
63
58
63
63
63
63
64
64
64
64
64
64
64
65
65
65
65
66
70
63
63
66
66
66
63
63
66
66
66
67
67
67
61
63
63
67
68
68
67
67
67
67
66
67
67
67
71
61
61
69
68
71
71
71
71
71
69
42
69
69
69
71
69
69
69
70
70
70
70
70
70
72
72
71
71
71
71
71
71
71
71
71
71
71
71
71
71
71
72
72
72
72
72
72
72
49
73
73
73
72
72
75
75
72
74
74
74
75
72
75
75
75
75
76
76
76
76
76
10
53
72
30
2
3
5
22
22
21
20
19
25
19
19
15
13
6
3
3
22
22
22
22
22
31
28
31
8
51
49
43
43
42
40
68
68
68
68
63
58
56
60
37
38
38
38
38
38
41
41
38
36
23
27
27
29
29
27
27
28
28
31
31
31
8
29
30
51
33
8
35
38
38
59
60
59
60
31
60
58
31
31
30
33
31
31
31
30
30
30
30
42
8
38
20
8
24
44
69
61
58
31
29
30
31
29
30
30
38
5
68
42
76
56
