1
1
1
1
1
1
1
1
1
2
1
2
2
2
2
2
2
2
2
2
13
2
2
2
2
77
77
77
77
2
2
4
77
77
77
77
77
77
77
77
77
4
4
4
3
3
3
3
3
3
3
5
3
4
4
4
14
4
4
4
14
14
4
5
5
5
5
5
5
5
5
5
5
5
5
22
5
5
5
6
5
5
6
6
6
6
5
6
6
6
6
6
6
5
5
5
6
6
6
6
7
6
6
7
6
7
7
7
7
7
7
7
7
7
7
7
7
7
7
7
7
7
7
7
7
8
8
8
7
8
8
8
8
7
8
8
8
8
8
8
8
8
8
9
9
9
10
11
10
10
10
15
15
11
11
15
11
13
11
12
12
12
13
13
13
13
14
14
14
14
14
14
14
16
14
14
14
15
15
15
15
15
15
15
15
15
15
15
15
15
14
15
16
16
14
16
16
16
16
16
16
16
15
16
16
17
18
17
17
17
76
17
18
18
18
18
18
20
20
20
19
19
19
19
19
19
19
19
19
19
19
19
19
20
20
20
20
20
21
22
21
21
21
21
21
21
21
22
22
22
22
22
22
22
20
22
22
22
22
22
22
22
22
24
24
22
22
22
22
24
22
23
23
23
23
23
24
24
23
23
23
24
24
24
24
24
24
24
24
24
24
24
24
24
24
28
24
24
28
28
28
24
24
24
24
28
24
28
28
24
28
19
25
25
18
25
25
25
25
25
25
25
25
25
25
25
25
25
25
25
25
25
25
29
29
25
25
29
26
26
26
29
29
29
27
27
27
29
27
28
28
28
28
28
28
28
28
28
28
29
29
29
29
29
29
29
29
29
29
29
29
58
30
29
30
29
29
30
31
28
28
31
28
31
31
31
8
8
32
33
33
34
35
34
37
35
35
35
36
38
35
36
36
38
38
38
38
36
38
38
38
38
39
39
36
39
39
39
39
41
41
40
40
41
39
39
41
41
41
41
41
41
41
42
41
42
42
42
42
42
42
42
43
43
43
43
43
48
48
43
43
48
48
43
43
43
44
50
44
44
44
44
44
44
47
52
46
52
52
46
46
46
52
46
52
50
52
50
50
52
52
49
50
50
49
73
49
50
49
49
75
49
49
49
50
50
50
51
51
51
52
52
52
52
52
52
53
53
75
53
53
54
54
54
51
54
55
51
56
56
56
56
56
56
64
64
56
57
57
57
57
57
58
58
58
58
58
62
62
58
58
59
59
59
60
31
31
31
58
58
61
37
37
61
58
58
62
62
58
61
61
61
61
62
62
62
62
63
62
62
63
63
63
62
64
64
64
64
64
64
64
65
62
62
65
65
65
63
65
65
65
65
66
66
70
66
70
67
67
67
67
62
67
71
71
67
71
67
67
67
71
71
71
71
71
68
68
71
68
68
71
71
71
69
69
69
69
69
69
71
71
69
48
70
70
70
70
72
70
71
72
71
71
71
71
71
71
71
71
71
71
71
71
71
71
71
72
72
72
72
72
72
72
71
73
73
73
73
73
73
73
72
74
74
74
75
75
75
75
75
75
76
76
76
76
76
10
53
72
58
1
3
4
22
22
21
20
25
25
19
18
15
13
5
6
5
22
22
24
7
7
28
28
28
28
52
49
48
45
42
40
37
37
37
67
63
63
56
37
37
38
36
38
36
41
41
39
36
36
24
24
27
29
27
27
29
27
28
28
28
28
8
29
29
51
32
8
35
35
35
59
59
60
60
60
60
31
59
58
30
33
34
31
31
25
25
25
29
69
31
35
29
8
24
44
69
61
62
28
25
29
31
28
29
58
38
5
37
42
76
62
