1
1
1
1
1
1
1
1
1
1
1
2
2
2
2
2
2
2
2
4
2
4
2
2
2
77
77
1
1
1
2
2
77
77
77
77
77
77
77
77
3
2
3
3
3
77
77
3
3
4
4
3
3
2
4
4
14
4
4
4
5
5
5
4
5
16
5
5
5
5
5
5
5
5
5
5
3
4
5
6
3
3
6
3
3
6
6
6
6
6
6
6
6
5
5
6
5
5
7
7
6
6
6
6
7
7
7
7
6
7
7
7
7
7
7
22
7
7
7
7
7
7
8
8
7
8
7
8
8
8
8
8
8
8
8
8
8
8
8
28
8
24
24
9
9
9
10
10
10
10
10
11
10
10
11
11
11
11
12
10
12
12
12
13
13
4
14
14
14
12
12
16
16
14
14
14
14
15
12
15
15
15
15
15
15
15
15
19
19
15
16
16
16
16
14
16
14
16
16
16
21
16
16
16
16
15
17
17
17
17
76
18
18
18
17
15
18
20
19
19
19
19
19
19
19
19
19
20
19
19
25
19
19
20
20
20
20
20
21
16
16
21
16
21
21
21
21
22
21
21
22
22
22
16
22
22
22
22
22
22
22
22
22
22
24
22
23
22
22
23
23
20
20
20
20
23
23
23
24
23
23
24
24
24
24
22
24
24
24
24
24
24
28
24
24
24
28
24
24
24
24
24
24
24
28
28
24
28
28
24
28
25
25
25
19
25
25
25
25
25
25
25
25
25
25
25
25
25
25
25
25
25
25
27
23
26
23
26
26
26
27
26
26
27
27
27
29
29
27
28
28
28
28
28
29
28
28
28
28
30
30
30
30
30
30
30
30
30
30
30
30
30
30
30
30
30
30
30
31
31
31
31
28
28
31
28
28
32
32
33
31
34
34
34
35
35
35
35
36
35
35
36
36
38
38
38
39
38
37
37
38
38
39
39
36
39
39
39
39
41
41
40
42
41
39
41
41
41
41
41
41
42
41
42
42
42
42
42
42
42
42
42
43
42
42
43
43
43
43
43
43
43
43
43
43
43
45
47
44
44
69
44
44
47
44
45
46
46
45
46
45
45
45
46
46
47
47
47
48
48
45
49
47
49
49
73
49
54
49
49
73
49
49
54
51
50
50
51
51
51
52
52
52
52
52
52
53
49
75
53
53
53
53
53
54
54
55
55
56
56
56
56
56
56
56
62
62
57
57
57
57
57
30
30
58
58
58
58
58
58
58
58
59
59
60
31
59
31
58
61
37
61
61
61
61
61
58
67
67
61
61
67
61
62
62
62
65
67
58
63
63
63
63
63
62
62
64
64
64
64
64
65
62
64
64
65
70
66
66
65
65
66
66
65
65
66
66
67
61
61
67
67
67
67
67
67
71
71
67
66
67
71
67
71
67
67
67
68
61
67
68
68
67
69
69
69
69
69
69
71
69
44
45
70
70
70
70
70
70
71
71
71
67
71
67
71
71
67
67
71
71
71
71
71
71
71
71
72
72
72
72
75
72
73
73
73
73
72
73
73
73
72
74
74
74
72
75
75
75
75
75
76
76
76
76
76
76
53
72
30
2
3
4
22
24
21
20
19
25
19
18
19
13
6
6
3
24
7
22
7
7
28
28
28
28
46
49
43
45
42
40
61
61
61
67
67
63
56
38
37
37
38
38
39
40
42
39
36
36
24
27
27
27
27
27
29
29
28
28
28
28
24
29
30
51
31
28
35
38
38
31
60
60
60
60
60
59
59
30
30
33
35
30
31
30
29
29
30
69
31
35
23
7
24
44
42
61
58
28
29
30
31
29
30
30
39
5
37
42
76
62
