1
1
1
1
1
1
1
1
1
2
1
2
2
2
2
2
2
2
2
2
2
2
2
2
2
77
77
77
77
1
2
2
77
77
4
77
4
77
77
77
4
4
3
3
3
77
3
3
3
4
3
4
3
4
4
4
14
4
4
4
5
5
5
5
5
5
5
5
5
5
5
5
5
5
5
5
4
4
4
6
3
6
6
3
3
3
3
3
6
6
6
3
3
3
6
6
6
6
6
6
6
6
7
6
7
7
6
7
7
7
7
6
6
7
7
7
7
7
7
7
7
7
7
7
7
8
8
8
8
7
8
8
8
8
8
8
8
8
8
8
8
8
8
9
9
10
11
10
10
10
10
11
11
11
11
11
11
12
12
12
12
12
12
13
13
13
14
13
14
14
14
14
16
14
14
16
14
15
15
15
15
11
15
15
15
15
15
15
15
15
15
16
16
16
16
16
16
16
16
16
16
16
16
15
16
15
15
17
17
17
76
76
17
17
17
17
18
19
19
15
19
15
19
19
19
19
19
20
19
19
19
19
19
20
20
20
20
20
21
21
21
21
21
22
22
21
21
22
22
22
22
22
22
22
20
22
22
22
22
22
22
22
22
22
22
22
22
22
20
23
23
20
20
20
20
23
23
23
23
26
23
24
24
22
22
22
24
24
22
24
24
24
24
24
24
24
24
24
24
24
24
24
27
24
24
24
24
8
24
24
24
25
25
25
25
25
25
25
25
25
25
25
25
25
25
25
25
25
25
25
25
25
25
26
26
26
25
26
26
25
25
26
25
26
29
27
26
29
30
8
8
27
28
28
31
31
28
31
8
29
30
31
30
29
30
30
30
30
30
30
30
31
30
30
30
30
30
30
31
31
31
31
31
31
31
31
8
8
32
33
33
34
34
35
38
35
35
35
36
35
38
36
38
38
38
38
38
38
38
38
38
38
39
39
39
39
39
39
41
40
40
40
69
41
40
40
41
40
41
42
42
41
41
42
42
42
42
42
40
42
42
42
42
43
42
43
43
43
43
43
43
43
43
46
46
46
44
44
44
44
44
44
47
47
49
43
46
46
46
46
46
46
46
46
46
47
48
47
51
51
46
49
49
49
49
49
50
50
49
49
49
49
49
49
50
50
50
51
51
51
46
51
52
52
52
51
49
49
53
53
49
53
53
49
54
54
55
54
56
56
56
56
56
56
56
56
64
58
57
58
58
62
58
30
58
58
58
58
58
58
58
59
59
59
60
31
60
60
59
60
37
61
60
61
61
61
63
61
61
67
61
61
61
62
62
62
62
63
63
62
63
63
63
63
65
64
64
64
64
64
64
65
65
64
65
65
65
66
66
63
66
66
70
66
66
70
70
67
61
67
67
61
61
67
67
67
67
67
61
67
67
71
71
71
67
68
68
69
68
68
69
69
68
69
69
42
69
69
69
69
69
69
69
70
70
70
70
70
70
71
72
44
71
71
67
71
71
71
71
44
44
71
71
71
71
71
72
72
72
72
72
72
72
71
73
73
73
73
49
73
73
74
74
74
74
75
75
75
75
75
75
76
76
76
76
76
10
53
75
57
1
3
4
22
22
21
20
25
25
19
19
15
13
6
3
3
22
22
22
7
7
28
8
28
31
46
44
43
45
42
40
40
68
69
71
63
63
56
37
37
38
38
38
38
37
41
40
39
36
23
27
27
27
29
27
29
31
27
28
28
31
8
30
29
51
33
8
35
38
38
59
60
60
60
34
60
59
59
30
30
35
35
31
31
29
30
30
29
42
8
35
26
7
7
44
69
60
63
31
29
30
31
31
30
30
38
16
68
42
76
56
