1
1
1
1
1
1
1
1
2
2
1
2
2
2
2
4
4
2
2
14
2
4
2
4
2
77
77
1
1
1
2
77
77
77
77
77
77
77
77
77
77
4
4
3
3
77
3
3
3
3
5
5
3
4
14
14
14
4
4
4
14
14
4
5
4
14
4
5
5
4
5
5
5
5
5
5
3
5
5
5
3
6
6
3
3
6
6
3
6
6
6
6
6
6
6
6
5
7
6
7
7
6
6
7
6
7
7
7
7
7
7
7
7
7
7
22
22
22
7
7
7
7
7
8
7
8
8
8
7
8
8
8
8
7
8
8
8
8
8
8
8
8
8
9
9
9
10
11
10
10
11
11
11
11
11
11
15
11
15
12
12
13
13
13
13
13
14
14
16
14
14
14
14
16
16
16
14
15
15
15
15
15
15
15
15
15
15
15
15
19
14
16
16
16
16
16
16
16
16
21
16
16
15
16
16
15
15
17
17
17
76
76
17
17
17
15
18
19
15
15
19
19
19
19
15
19
19
19
19
19
25
19
19
20
20
20
20
20
21
20
20
20
21
21
21
21
21
21
22
22
22
21
22
22
20
22
22
22
22
22
21
22
22
22
22
24
22
22
22
24
24
22
22
20
26
23
23
24
23
23
23
24
24
22
24
24
24
24
24
24
24
24
22
24
22
24
24
24
24
24
24
24
24
27
24
24
24
24
28
24
28
25
25
25
25
25
25
25
25
25
25
25
25
25
25
25
25
25
25
25
25
25
25
26
26
25
25
26
26
26
26
27
27
27
27
27
27
27
27
28
28
28
28
28
29
28
28
28
28
29
25
29
29
30
29
30
30
29
29
30
30
30
30
30
30
29
30
29
31
31
28
31
28
28
28
28
32
32
33
33
35
34
34
60
38
35
35
35
36
35
60
36
36
38
38
38
39
39
38
39
39
38
39
39
36
38
39
41
39
40
40
40
40
41
41
39
39
39
41
41
41
41
41
42
42
42
42
42
42
42
42
42
43
42
42
43
43
43
43
43
45
43
45
43
43
43
44
47
44
44
44
44
44
44
47
45
46
46
46
46
46
45
46
46
46
47
48
48
51
48
51
49
47
49
49
73
49
49
49
49
75
49
49
54
49
50
50
51
51
51
52
51
52
52
52
52
53
49
75
53
49
53
53
53
51
54
55
51
57
56
56
56
56
56
56
56
56
57
57
57
62
57
58
58
58
57
57
58
58
58
63
59
59
59
60
60
59
59
58
58
58
61
61
61
58
58
63
66
61
61
61
68
68
62
62
62
62
63
58
63
63
63
63
63
62
62
64
64
64
64
64
62
64
64
62
65
64
65
66
63
65
65
66
66
65
70
70
67
61
67
66
66
66
67
61
67
67
67
67
67
67
71
67
71
71
68
68
69
68
68
69
69
67
69
42
42
69
69
69
69
44
69
43
70
70
70
70
70
70
72
72
71
71
71
70
70
71
71
71
73
73
71
72
71
71
73
72
72
72
72
72
72
72
73
73
73
71
72
73
73
73
72
74
74
74
75
75
75
75
75
75
76
76
76
76
76
10
53
75
57
2
3
5
5
24
21
20
20
25
25
25
15
13
5
3
3
22
22
22
22
22
28
28
28
28
46
73
43
45
42
40
68
68
69
67
66
63
56
58
37
38
38
38
38
39
41
39
36
36
23
23
27
27
28
27
27
28
28
28
28
28
8
27
29
51
32
32
35
35
35
59
59
59
60
60
60
31
59
28
30
35
35
28
31
29
25
29
29
69
31
60
26
22
24
44
69
58
58
28
25
29
31
29
29
30
38
5
61
42
76
62
