1
2
1
1
1
1
1
1
1
2
1
2
2
2
2
2
4
2
2
2
2
2
2
4
4
77
77
77
1
1
2
4
4
77
77
77
77
77
77
5
77
4
5
5
5
3
3
3
3
3
5
3
3
4
4
2
4
4
4
4
4
16
4
5
4
16
4
5
5
5
5
22
22
5
7
22
6
5
5
5
6
3
6
3
6
6
5
6
6
6
6
6
6
5
5
5
5
5
7
7
6
6
7
6
7
7
6
7
6
7
7
6
7
7
7
7
7
7
7
7
7
7
7
8
7
8
8
8
8
8
8
8
8
8
8
8
8
8
8
8
8
8
8
9
9
10
11
10
10
10
10
11
10
11
15
11
15
15
15
12
12
12
12
12
14
13
14
16
16
14
14
16
16
14
14
16
14
15
15
15
15
11
17
15
15
15
15
15
15
15
15
16
16
16
16
16
16
16
22
16
16
16
15
15
21
17
15
17
17
76
76
17
17
17
25
15
18
19
19
15
15
15
15
19
15
19
19
19
19
19
19
19
19
20
20
19
20
20
21
20
20
20
20
20
21
22
21
22
22
22
22
22
20
20
20
20
20
22
22
22
22
22
22
22
22
23
22
22
22
23
23
22
25
25
23
22
22
23
23
22
23
24
24
24
24
24
24
24
24
24
24
24
24
24
24
24
24
24
24
24
24
24
24
23
24
24
24
24
24
24
28
25
25
25
25
25
25
25
25
25
25
25
25
25
25
25
25
25
25
25
25
25
25
27
26
26
26
26
29
26
26
26
29
27
27
27
29
29
27
28
24
28
28
28
28
28
28
28
28
29
29
29
29
29
29
29
30
29
30
58
29
29
30
30
56
29
29
29
31
31
28
28
28
28
28
28
8
8
8
33
33
34
35
60
38
34
35
34
36
38
38
34
36
36
38
38
38
38
38
38
38
37
39
39
38
38
39
39
39
40
40
40
40
41
41
37
37
37
37
41
41
41
37
42
42
42
37
42
42
42
42
42
43
42
42
42
43
43
43
43
43
43
43
46
46
43
44
45
44
44
44
47
44
44
47
48
46
46
48
48
46
46
48
46
51
47
48
47
47
47
48
49
49
50
49
49
49
50
50
49
73
73
49
49
50
50
51
51
48
51
46
51
52
52
52
52
49
53
75
75
53
53
53
54
54
54
55
55
56
56
56
56
56
56
56
64
64
57
57
57
57
57
58
58
56
58
58
58
58
58
58
59
63
59
59
31
59
60
63
61
61
61
61
61
63
63
63
67
63
61
61
68
37
62
62
62
63
63
62
63
63
63
66
63
56
64
64
64
64
64
64
65
65
65
65
65
65
66
66
63
63
66
66
63
66
70
65
68
61
67
63
67
67
67
67
67
68
68
67
67
67
68
71
71
67
68
68
68
68
68
68
71
68
69
69
42
69
69
69
71
44
69
44
70
65
65
70
70
70
70
70
71
71
71
70
70
70
71
71
71
71
71
71
71
71
73
72
73
72
72
72
72
72
73
73
73
73
73
49
73
73
74
74
74
74
73
75
75
75
75
75
76
76
76
76
76
10
75
74
56
2
3
5
22
22
21
25
25
26
25
25
15
14
5
6
3
22
22
24
22
7
28
28
28
28
46
49
44
48
69
40
37
37
68
68
63
63
56
37
37
38
38
38
36
37
37
41
36
36
23
23
27
27
27
28
27
28
28
28
28
28
8
29
29
51
32
32
35
35
38
59
59
59
60
60
60
59
59
29
30
34
34
28
31
29
29
30
30
69
31
38
23
7
24
44
37
61
62
28
29
30
31
29
29
58
38
22
61
42
76
56
