1
1
1
1
1
1
1
1
1
2
2
2
2
2
2
2
2
2
2
2
2
4
2
2
2
77
77
77
77
1
2
4
4
77
77
77
77
3
3
77
77
4
4
77
3
77
3
77
3
3
4
4
3
4
4
4
2
4
5
4
4
14
4
5
5
16
5
5
5
5
5
5
5
5
5
5
6
6
5
5
6
3
6
3
6
6
5
6
6
7
6
6
6
6
6
6
5
6
6
6
6
6
7
6
6
6
6
7
6
7
7
7
7
7
7
7
7
7
7
7
7
7
7
7
7
8
8
8
7
8
8
8
8
8
8
8
8
8
8
8
8
8
8
9
9
10
10
11
10
10
10
11
10
11
11
11
11
12
15
11
12
12
12
13
14
13
14
14
14
14
14
14
14
16
14
14
14
16
15
11
15
15
15
15
15
16
15
15
15
15
16
16
16
16
14
16
16
16
16
16
16
16
16
16
16
17
17
17
17
17
17
17
17
17
17
17
19
19
19
19
19
19
19
19
19
19
19
20
19
19
19
19
19
20
20
20
20
20
16
16
21
21
21
21
21
21
21
22
22
22
22
22
22
22
22
22
22
22
22
22
22
22
22
22
22
22
22
22
22
23
23
22
22
23
23
22
23
23
23
23
23
24
24
24
24
24
24
24
24
24
24
24
24
24
24
24
24
24
24
24
24
24
24
24
24
24
24
24
24
24
24
19
25
25
25
25
25
25
25
25
25
25
25
25
25
25
25
25
25
25
25
25
25
26
25
25
25
25
25
25
27
29
29
27
27
27
27
29
29
8
28
28
28
8
28
31
31
31
28
29
29
29
29
29
29
29
29
29
30
58
58
59
29
29
29
29
29
30
31
31
31
34
31
34
34
34
8
8
32
35
33
34
34
38
38
35
35
35
38
38
35
35
38
38
38
38
38
38
38
38
38
38
39
39
38
38
38
39
39
40
40
40
40
42
39
42
42
41
41
42
42
41
41
42
42
42
42
42
42
42
42
42
43
43
42
43
43
43
43
43
46
43
46
46
46
46
44
44
44
44
44
44
44
47
44
43
46
46
52
46
46
46
46
52
52
47
45
47
48
48
46
49
49
49
49
49
49
49
49
49
73
49
49
49
49
50
49
51
51
51
52
52
52
52
52
52
49
49
75
53
49
53
53
53
54
54
55
55
56
56
56
57
56
56
56
64
56
57
57
57
62
57
58
58
58
58
58
58
58
58
58
59
59
59
60
60
60
60
59
59
61
59
59
59
59
59
61
61
61
61
61
61
61
62
62
62
62
63
63
63
63
63
63
65
64
64
64
64
64
64
64
65
65
65
65
65
65
70
63
65
70
70
70
70
70
70
70
67
67
67
66
66
66
66
66
67
67
67
66
66
70
67
67
67
67
67
67
68
67
67
68
68
67
69
69
69
69
44
69
71
44
69
69
70
65
65
70
70
70
70
70
71
71
71
71
71
71
71
71
71
71
71
71
71
71
71
72
73
72
72
72
75
72
73
71
73
73
73
49
73
73
72
74
74
74
75
75
75
75
75
75
76
76
76
76
76
10
53
75
30
1
3
5
22
22
21
20
25
25
19
18
15
13
5
6
3
22
22
22
22
7
31
28
28
28
52
73
43
44
42
40
37
37
68
67
66
63
56
37
37
38
38
38
38
40
42
38
39
36
23
26
26
27
27
26
27
27
28
31
31
31
8
29
29
51
33
8
35
35
35
60
37
60
37
60
60
59
59
29
30
35
34
29
59
29
29
29
30
69
31
35
23
8
7
44
42
61
58
31
29
30
34
29
29
58
38
5
61
42
76
62
