1
1
1
1
1
1
1
1
1
2
2
2
2
2
2
2
2
2
2
2
2
2
2
2
2
77
1
1
1
1
2
4
4
77
77
77
77
77
3
77
77
4
4
77
3
77
77
77
77
3
4
4
3
4
4
4
4
4
4
4
14
14
14
5
5
5
5
5
5
5
5
5
5
5
5
5
5
5
3
5
3
3
3
6
3
3
3
6
6
6
6
6
6
6
6
7
7
6
6
7
6
6
6
6
6
7
6
7
6
7
7
6
7
6
6
7
7
7
7
7
7
7
8
8
7
7
7
7
8
8
8
8
8
8
8
8
8
8
8
8
8
8
8
9
9
9
11
10
10
10
10
10
10
11
11
11
11
11
11
11
12
12
12
12
13
2
14
14
14
14
12
14
14
16
14
16
14
15
15
15
15
15
15
15
15
15
15
20
15
15
14
16
14
16
16
16
16
16
16
16
16
16
16
20
16
15
15
15
17
17
17
17
17
17
17
17
18
19
19
19
17
15
19
19
19
19
19
19
19
19
19
19
19
20
20
20
20
20
5
21
21
21
21
21
21
21
5
22
22
22
22
20
22
20
22
22
22
22
22
22
22
22
22
22
22
22
22
22
22
22
22
22
22
20
26
22
23
22
23
23
23
24
24
24
24
24
24
24
24
24
24
24
24
24
24
24
24
24
24
24
24
24
23
24
24
24
24
24
24
24
24
25
25
25
25
25
25
25
25
25
25
25
25
25
25
25
25
25
25
25
25
25
25
26
26
25
25
25
26
26
26
29
25
27
27
27
27
27
27
8
28
27
28
8
31
31
31
31
31
29
29
29
29
30
30
30
30
30
30
30
29
30
30
30
30
30
30
30
31
58
58
31
31
31
31
31
8
33
33
33
34
34
38
34
38
35
38
38
36
38
38
36
36
36
38
38
40
38
38
38
38
40
41
41
36
36
41
41
39
41
40
40
40
39
39
41
41
41
39
39
41
41
41
42
42
42
42
42
42
42
42
42
43
43
43
43
43
43
43
43
43
43
43
43
43
43
44
44
44
44
44
44
44
44
44
46
46
48
48
46
46
46
48
48
52
47
46
47
47
48
48
49
49
49
49
49
49
49
49
49
49
49
49
49
50
50
50
51
48
51
52
52
52
52
52
52
53
49
53
53
49
53
53
53
54
50
55
54
56
56
56
56
56
56
64
64
56
57
57
57
57
57
58
30
58
58
58
58
58
58
58
58
59
59
60
58
60
60
59
59
61
61
61
59
59
61
59
63
61
61
61
68
68
62
62
62
63
63
58
58
58
58
63
63
64
64
64
64
64
64
64
65
65
65
70
70
65
66
65
65
70
66
63
66
66
66
70
67
67
61
61
61
61
61
67
68
67
61
67
63
67
67
71
71
70
68
68
69
68
68
68
71
71
69
69
42
69
69
69
69
69
69
69
70
70
70
70
70
70
70
71
71
71
71
70
70
71
71
71
71
71
71
71
71
71
71
72
73
72
72
72
72
72
71
73
73
73
73
73
73
73
75
74
74
74
75
75
75
75
75
75
76
76
76
76
76
10
53
75
30
2
3
4
22
22
21
20
25
25
19
25
16
2
3
6
3
22
22
22
7
7
31
28
28
31
46
71
46
45
42
40
68
68
68
71
63
63
56
38
37
38
38
38
36
40
42
41
36
36
24
23
27
27
27
23
27
27
28
28
31
31
8
29
30
51
32
32
35
38
38
60
60
60
60
60
60
58
59
30
30
35
34
31
31
30
29
29
29
69
31
38
26
8
7
44
69
59
58
31
29
30
58
29
30
30
36
5
61
42
76
62
