1
2
1
1
1
1
1
1
1
2
1
2
2
2
2
2
2
4
4
2
2
4
4
4
4
77
77
1
1
1
2
77
77
77
77
77
77
77
77
77
77
3
3
3
77
77
3
3
3
3
3
5
3
4
4
13
13
4
4
4
13
14
4
5
4
5
5
5
5
5
5
5
5
5
5
5
5
5
5
5
3
6
6
6
3
6
6
3
3
6
6
6
6
6
7
5
5
7
7
7
6
6
6
6
7
7
6
7
6
7
7
7
7
7
7
7
7
24
7
7
7
7
7
7
7
8
8
8
7
7
8
8
8
8
8
8
8
8
8
8
8
8
8
9
9
9
10
10
10
10
10
10
10
11
10
10
11
11
15
12
12
12
15
13
13
13
14
13
14
14
15
14
14
14
14
14
14
15
15
15
15
15
15
15
15
15
15
15
15
15
14
14
14
16
14
16
16
16
5
16
16
16
16
21
21
15
15
17
17
17
76
17
17
17
18
15
18
20
19
15
19
19
18
19
15
19
19
19
19
25
25
25
19
20
20
20
19
20
5
20
20
21
21
21
21
21
22
22
22
21
22
21
22
22
20
20
20
22
22
22
22
22
22
24
23
22
22
22
22
23
23
23
20
25
25
23
23
24
23
23
26
22
22
24
22
24
23
24
24
24
24
24
24
24
24
24
24
24
24
24
24
24
24
24
24
28
24
24
24
28
24
25
25
25
25
25
25
25
26
25
25
25
25
25
25
25
25
25
26
26
25
25
25
27
27
26
25
25
26
26
27
26
26
27
27
27
27
29
27
28
24
28
28
28
28
28
28
28
28
29
29
30
29
30
30
30
30
30
30
30
30
31
30
30
30
30
30
30
31
28
28
28
31
28
28
31
8
8
32
33
33
34
34
34
34
35
33
35
38
35
35
35
36
38
38
38
39
38
38
38
39
39
39
39
39
38
39
39
39
42
40
40
40
41
39
42
41
41
41
41
41
41
41
42
41
42
42
42
42
42
42
42
42
43
42
43
43
43
43
43
43
43
43
46
43
43
44
45
44
44
69
44
44
44
44
46
46
46
46
46
46
46
46
52
52
47
48
48
48
48
51
49
49
49
49
49
49
50
50
49
73
49
49
49
50
50
50
52
51
51
52
52
52
52
55
52
53
53
53
53
54
54
53
54
54
54
55
55
56
56
56
56
56
56
64
64
64
57
57
57
62
57
58
30
30
58
58
58
58
58
58
58
61
59
60
31
59
60
61
61
37
61
61
61
58
58
58
63
63
61
61
61
61
62
62
62
65
63
63
62
63
63
63
66
65
64
64
64
64
64
65
65
65
65
65
65
65
66
66
66
65
70
66
70
70
66
70
67
67
67
63
63
67
67
67
71
67
66
67
67
66
67
71
71
71
68
68
69
68
68
69
71
71
69
42
42
69
42
69
69
69
69
44
70
70
70
70
70
70
70
71
71
71
71
71
71
71
71
71
49
71
71
71
71
71
71
72
72
72
72
72
72
72
73
73
73
73
72
73
73
73
74
74
74
74
75
75
75
75
75
75
76
76
76
76
76
10
53
72
30
2
3
5
5
22
21
20
25
26
18
25
16
13
7
3
6
22
22
22
7
24
28
28
28
31
52
49
43
45
42
40
69
69
69
71
66
63
56
61
37
38
38
38
39
38
41
41
36
36
23
27
26
27
27
27
27
29
28
28
28
28
7
29
29
51
32
32
35
35
35
59
60
60
60
34
31
58
59
30
30
33
34
28
31
29
30
30
29
69
31
35
26
7
24
44
69
61
58
28
29
30
31
29
30
58
38
5
37
42
76
65
