1
2
1
1
1
1
1
1
1
2
1
2
2
13
2
2
1
2
1
2
13
2
2
2
2
77
77
77
77
77
77
4
4
77
77
77
77
77
77
77
77
77
77
3
3
3
3
3
3
4
4
4
3
4
4
2
4
5
4
5
4
5
5
5
5
5
5
5
5
5
5
5
5
5
5
5
3
4
5
5
3
3
6
6
6
6
5
6
6
6
6
6
6
6
5
6
6
6
6
7
6
6
6
7
7
7
7
7
7
7
7
7
7
7
7
22
7
7
7
7
7
7
7
7
7
8
8
8
8
8
8
8
8
7
8
8
8
8
8
8
8
8
8
9
9
9
15
10
10
10
10
15
10
12
15
15
15
11
15
12
12
13
14
13
13
2
16
14
16
14
14
14
16
16
14
16
16
16
15
15
17
15
17
15
15
15
15
15
15
15
16
16
14
16
16
16
16
5
16
16
16
16
16
15
15
17
15
17
17
17
76
18
18
18
17
17
18
15
19
15
25
19
19
19
19
19
19
19
19
19
19
25
19
15
20
20
20
20
16
21
21
20
20
20
21
21
5
22
21
21
22
22
22
20
22
20
22
22
21
22
22
22
22
22
22
22
22
22
20
24
24
22
23
23
23
22
22
23
22
23
23
24
24
24
22
24
24
24
24
24
24
24
24
24
24
24
24
28
28
24
24
24
24
28
24
24
28
24
24
24
24
25
25
25
25
25
25
25
25
25
25
25
25
25
25
25
25
25
25
25
25
25
25
26
23
23
25
25
26
23
26
26
26
27
27
29
27
29
27
28
28
28
28
28
28
28
28
28
28
29
30
30
30
30
29
30
30
30
30
58
58
31
29
29
30
30
29
29
31
31
31
31
31
28
28
31
32
32
28
33
28
34
35
34
34
35
35
35
35
35
38
36
38
38
38
38
38
38
38
38
38
40
39
39
39
39
39
39
39
40
40
40
40
41
41
40
41
41
41
41
41
42
41
42
41
42
42
42
42
42
42
42
43
42
42
43
43
43
43
43
43
43
43
46
43
43
44
47
44
44
44
49
44
44
49
45
46
46
46
46
46
45
46
46
48
47
47
47
47
48
48
49
47
50
49
49
50
50
49
49
49
49
53
54
50
50
50
51
48
51
46
51
52
52
52
52
53
53
53
53
53
54
54
54
54
54
55
55
30
56
56
56
56
64
64
64
56
57
57
57
62
57
58
58
58
58
58
58
58
58
58
59
59
37
60
31
31
31
58
37
37
61
61
37
58
58
63
63
58
61
61
68
61
62
62
62
63
63
63
63
63
63
63
63
56
64
64
64
64
64
64
65
64
64
65
65
65
63
63
66
66
66
66
65
65
66
66
61
67
61
61
67
67
67
67
67
71
67
67
66
67
71
71
71
67
68
68
68
68
68
71
71
68
71
69
42
69
69
69
71
71
69
45
70
65
70
70
70
70
70
71
71
71
71
71
70
70
70
70
71
71
71
71
71
71
71
72
73
72
72
72
72
72
73
73
73
73
73
49
73
73
72
74
74
74
53
75
75
75
75
53
76
76
76
76
76
10
53
74
30
1
3
4
22
22
21
23
25
25
25
18
16
13
5
6
6
22
22
22
22
22
28
22
28
28
46
49
43
45
42
40
68
61
68
67
66
67
56
37
61
38
38
38
38
40
41
41
36
36
23
23
27
27
27
27
29
27
28
28
28
28
8
29
30
51
28
28
35
35
35
60
60
60
37
60
31
59
59
31
30
35
34
28
31
30
29
30
58
42
28
38
23
8
22
44
69
37
62
28
29
30
31
28
29
58
38
5
61
42
76
56
