1
1
1
1
1
1
1
1
1
2
2
1
2
2
2
2
2
2
2
4
12
2
2
4
2
1
1
1
1
2
2
4
77
77
77
77
77
77
77
77
77
4
77
77
3
77
3
3
3
3
3
4
3
4
4
4
4
4
4
4
4
4
4
5
5
5
5
5
5
5
5
5
5
5
5
5
3
5
3
3
3
3
6
6
3
6
6
6
6
6
6
6
6
6
7
6
5
7
6
6
6
6
7
6
6
6
6
7
7
7
7
7
7
6
7
7
7
7
7
7
7
7
7
7
7
8
8
8
8
8
8
8
8
7
8
8
8
8
8
8
8
8
8
9
9
10
11
11
10
10
76
10
11
11
11
11
11
11
11
12
12
12
12
12
12
13
14
14
14
14
12
14
14
16
14
14
14
15
15
15
15
15
15
15
15
15
15
15
15
15
16
16
16
16
16
16
16
16
16
16
16
16
16
20
16
15
15
17
17
17
17
17
18
18
17
19
18
15
19
15
19
15
19
15
15
15
19
15
19
19
19
19
19
20
20
20
20
20
21
21
21
21
21
21
21
21
21
22
22
22
22
22
22
22
22
22
22
22
22
22
22
22
22
22
22
22
23
22
22
23
23
22
22
20
25
22
22
23
23
22
26
24
24
24
24
24
24
24
24
24
24
24
24
24
24
24
24
24
24
24
24
24
24
24
24
24
28
24
24
24
24
25
25
25
25
25
25
25
25
25
25
25
25
25
25
25
25
25
25
25
25
25
25
26
25
25
26
25
25
26
26
29
25
27
27
27
27
27
27
31
28
28
28
31
31
31
31
28
31
29
30
31
30
29
29
30
30
29
30
31
31
31
29
30
30
30
30
30
31
31
31
31
31
31
31
31
8
33
33
33
34
34
35
34
38
35
35
35
38
38
38
36
38
38
38
38
38
38
38
38
38
38
39
39
38
41
39
39
39
41
40
40
40
41
39
40
41
41
41
42
42
42
42
42
42
42
42
42
42
42
42
42
43
42
43
43
43
43
43
43
46
43
46
43
43
46
44
44
44
44
44
44
47
47
47
46
46
46
46
43
46
46
46
46
46
47
46
47
48
51
46
44
49
49
49
49
49
50
50
49
49
49
49
49
50
50
50
51
46
51
52
52
51
52
52
51
53
53
75
53
53
49
49
49
54
49
55
51
56
56
56
56
56
56
56
64
64
57
57
57
57
57
58
58
58
58
58
58
58
58
58
31
58
58
60
60
60
60
58
58
37
37
61
61
61
61
58
61
61
67
61
68
37
62
62
56
62
61
62
62
62
63
63
62
64
64
64
64
64
64
64
62
62
65
62
65
65
66
63
66
62
66
66
65
65
70
65
67
61
67
61
63
63
67
61
67
67
67
67
66
66
67
71
71
71
68
68
69
68
68
68
68
68
69
69
42
69
69
69
71
71
69
42
70
70
70
70
70
70
71
72
71
71
71
71
71
71
71
71
71
71
71
71
71
71
71
72
72
72
72
72
72
72
73
71
73
72
72
73
73
73
74
74
75
75
75
75
75
75
75
75
76
76
76
76
76
10
53
75
30
2
3
4
22
22
21
20
25
25
19
18
15
4
6
6
6
22
22
22
7
7
28
28
28
31
46
49
43
45
42
40
40
37
37
71
63
63
56
37
37
37
38
38
38
40
41
41
36
36
23
23
27
27
27
27
29
27
28
31
31
31
8
29
30
51
32
32
35
35
38
59
60
60
60
60
60
31
59
31
30
35
34
31
31
29
30
30
30
42
31
38
26
8
24
44
40
61
62
31
29
29
31
27
29
31
38
5
37
42
76
56
