1
1
1
1
1
1
1
77
1
1
1
2
2
2
2
2
2
2
2
2
2
2
2
2
2
77
77
77
77
77
4
4
4
77
4
77
77
77
3
77
77
77
4
3
3
3
3
3
3
4
4
4
3
4
14
2
14
4
4
4
14
4
4
5
5
5
5
5
5
5
5
5
5
5
5
5
6
6
5
5
6
6
6
6
6
5
5
6
7
6
6
6
6
6
6
6
6
7
7
7
6
6
7
6
6
6
6
7
6
7
7
7
7
5
5
5
22
7
8
7
7
7
7
8
8
7
8
8
8
8
8
8
8
8
8
8
8
8
8
8
8
8
8
9
9
9
10
10
10
10
10
10
15
11
11
15
11
11
13
10
12
12
13
13
13
13
14
14
14
14
14
14
16
14
14
14
14
15
15
11
15
15
15
19
19
15
15
15
19
19
16
16
16
16
16
16
16
16
16
16
16
16
16
16
16
17
17
17
17
17
17
17
17
17
17
17
19
19
19
19
19
19
19
19
19
19
19
19
19
19
19
19
19
20
20
20
20
20
21
21
21
21
21
21
21
21
21
22
22
21
22
22
22
22
22
22
22
22
22
22
22
22
22
22
22
22
22
22
20
23
23
22
20
25
25
23
23
23
23
23
24
24
24
24
24
22
24
24
24
24
24
24
24
24
24
24
24
24
24
24
24
24
24
24
24
28
24
24
24
24
24
25
25
25
19
25
25
25
25
25
25
25
25
25
25
25
25
25
25
25
25
25
25
26
26
23
26
26
26
26
26
27
25
27
27
27
29
29
27
28
28
28
28
28
28
28
28
28
28
29
29
31
29
30
30
30
30
30
31
31
31
30
30
30
30
30
30
30
31
31
31
31
31
31
28
31
8
8
28
33
28
34
34
34
34
35
35
38
38
38
38
38
38
38
38
38
39
38
38
38
38
38
39
39
39
39
39
41
39
40
40
40
40
42
41
40
41
41
42
42
42
41
41
42
42
42
42
42
42
42
42
42
42
43
43
43
43
43
43
43
46
46
46
43
43
46
44
47
44
44
44
44
44
44
49
43
46
46
46
46
46
46
51
46
46
50
45
45
48
45
51
49
49
49
49
49
50
50
49
49
49
75
49
49
50
50
50
51
51
51
52
52
52
52
52
52
53
53
75
53
53
53
53
54
54
54
55
55
56
56
56
56
56
56
56
64
56
57
57
57
57
57
58
30
58
58
58
58
58
58
58
59
61
59
60
60
60
60
61
61
37
37
61
59
61
58
58
58
61
61
61
61
37
58
62
62
62
58
63
58
63
58
63
62
64
64
64
64
64
64
64
62
65
65
62
65
65
63
63
63
65
63
66
66
65
66
70
67
61
67
67
67
67
67
61
67
67
67
67
67
66
67
71
67
71
61
67
68
71
68
68
71
68
69
69
42
69
69
69
69
44
69
43
70
65
70
70
70
72
70
72
71
71
71
71
71
71
71
71
69
71
71
72
73
71
71
72
72
72
72
72
72
75
73
73
73
73
72
73
73
73
72
74
74
74
75
75
75
75
75
75
76
76
76
76
76
10
53
75
30
1
6
5
22
22
21
20
25
25
19
18
15
13
6
6
3
22
22
22
22
7
28
28
28
28
46
49
43
45
69
40
37
61
68
71
66
63
56
37
37
37
38
38
39
40
41
39
36
36
24
27
27
27
27
27
27
27
28
28
28
28
8
29
30
52
28
32
35
35
38
60
60
60
60
60
60
59
59
31
30
33
34
31
31
30
29
30
31
69
28
35
23
8
24
44
69
59
58
28
29
31
31
29
30
30
38
22
37
42
76
56
