1
1
1
1
77
1
1
1
1
1
1
2
2
2
2
2
2
4
2
4
2
4
4
4
2
77
77
77
77
1
77
77
1
77
77
77
77
77
77
77
77
77
4
77
3
3
3
3
3
3
3
5
3
4
14
4
14
4
4
4
14
4
4
5
5
16
5
5
5
5
5
5
5
5
5
22
5
5
5
6
6
3
6
6
6
5
5
6
6
6
6
6
6
6
6
5
6
6
6
7
7
6
7
6
7
7
6
7
6
7
7
7
7
7
7
7
7
7
7
7
7
7
7
7
7
8
8
8
8
8
8
8
8
8
8
8
8
32
8
8
8
8
8
9
9
9
10
10
10
10
10
10
10
11
11
11
15
11
11
12
12
12
14
13
14
13
14
14
14
14
14
16
14
14
14
16
14
15
15
15
15
15
15
15
15
15
15
20
15
15
14
15
16
16
16
16
16
16
16
16
16
15
15
15
16
17
19
17
17
17
76
17
17
17
19
19
18
20
15
15
19
19
25
19
19
15
15
19
19
19
19
19
19
20
20
20
20
20
21
21
21
21
16
21
21
21
21
22
22
21
22
22
22
21
22
20
22
22
22
22
22
22
22
22
23
22
23
22
20
23
23
22
20
23
23
23
23
23
23
23
23
22
22
24
24
24
23
24
24
24
24
24
24
24
24
24
24
24
24
24
24
24
27
24
24
24
24
24
8
24
24
25
19
25
25
25
25
25
25
25
25
25
25
25
25
25
25
25
25
25
25
25
25
23
26
26
26
25
25
25
25
27
25
23
27
27
27
23
27
8
28
28
28
28
28
28
28
28
28
29
29
30
29
30
30
30
30
30
30
30
30
58
30
30
30
30
30
30
31
31
28
28
28
28
28
28
8
32
32
33
28
34
34
34
34
35
35
35
35
35
35
36
38
38
35
38
38
40
38
40
40
38
39
39
39
39
39
41
39
40
40
40
40
41
41
40
41
41
41
41
41
42
41
42
42
42
42
42
42
42
42
42
42
43
43
43
43
43
43
43
46
46
46
43
43
46
44
45
44
44
44
44
44
45
45
45
46
46
48
46
46
46
48
48
52
44
45
44
47
48
48
44
44
50
49
49
49
50
50
49
49
49
49
49
50
50
50
51
51
48
52
52
52
52
52
52
53
49
53
53
49
53
53
53
54
51
55
55
56
56
56
56
56
56
56
56
56
58
57
57
58
57
58
58
30
58
58
58
58
58
58
59
59
59
60
31
31
31
59
61
37
68
61
62
62
62
62
63
61
61
61
68
61
62
62
56
56
63
62
62
63
63
63
56
64
56
56
56
64
64
64
63
65
65
65
65
70
66
63
63
66
66
67
67
66
71
70
67
67
67
67
66
66
67
67
68
68
67
67
67
67
67
67
67
71
68
68
68
68
68
68
68
68
69
69
69
69
44
69
71
44
69
44
70
70
70
70
70
70
71
72
71
67
71
71
71
71
71
71
49
49
71
71
72
71
71
72
73
72
72
72
75
72
71
71
73
73
73
73
73
73
72
74
74
74
75
75
75
75
75
75
76
76
76
76
76
10
53
72
30
1
3
4
22
24
16
19
25
25
25
25
15
13
5
6
3
24
22
22
22
7
28
8
28
28
46
49
43
45
69
40
61
61
68
68
66
63
56
37
37
38
38
38
38
40
41
39
36
36
24
27
23
27
27
27
27
28
24
24
28
28
8
27
29
51
32
32
35
34
35
31
60
59
60
34
60
58
59
30
58
33
35
31
31
30
29
29
29
69
28
34
23
8
24
44
40
61
62
28
27
29
31
29
30
58
39
22
61
42
76
56
