1
1
1
1
1
1
1
1
2
2
2
13
13
13
13
2
2
13
13
2
13
2
2
2
2
77
77
77
77
1
4
4
77
77
77
77
77
77
77
77
77
4
4
4
3
77
3
77
3
3
4
3
3
4
2
4
2
14
4
14
14
5
5
5
5
5
5
5
5
5
5
5
5
22
22
22
3
6
6
6
3
3
3
3
6
6
5
6
6
6
6
6
6
6
5
5
5
7
6
6
6
6
6
7
6
6
7
7
7
7
7
7
7
7
7
7
22
7
7
7
7
7
8
8
7
8
7
8
8
8
8
8
8
7
8
8
8
8
8
8
8
8
8
9
9
9
11
11
10
10
10
10
11
11
11
11
15
11
11
11
12
12
15
13
14
13
14
13
14
13
14
14
16
14
14
14
14
15
11
15
15
15
15
15
15
15
15
19
19
19
14
15
16
16
16
16
5
16
5
21
16
16
15
16
16
15
15
15
15
76
76
17
17
18
17
17
18
19
19
19
17
19
17
19
19
19
19
20
20
19
19
19
19
20
20
20
20
20
21
21
21
20
22
21
22
22
22
22
22
22
22
22
22
20
20
20
22
22
22
22
22
22
22
22
24
23
22
22
22
23
23
23
20
23
23
20
23
23
23
23
26
24
24
24
24
24
24
24
24
24
24
24
24
24
24
24
24
24
24
24
24
24
24
24
24
28
24
24
24
24
22
25
25
25
25
25
25
25
25
25
25
25
25
25
25
25
25
25
25
25
25
25
25
26
26
26
25
25
25
26
29
29
25
29
27
27
29
27
27
28
28
28
28
28
28
28
28
28
28
29
29
28
29
29
29
30
29
29
29
29
29
30
29
29
29
29
30
30
31
31
31
28
28
28
28
31
8
8
32
33
33
35
35
35
35
34
35
34
36
38
35
36
36
38
35
37
38
38
38
37
38
38
39
39
39
39
39
39
41
40
40
40
40
41
41
40
41
41
42
42
42
41
41
42
42
42
42
42
42
42
42
43
43
43
42
42
43
43
43
43
43
43
46
52
46
43
44
44
44
44
44
49
44
47
44
48
52
52
46
52
46
46
46
52
51
47
48
48
48
48
51
49
47
49
49
49
50
49
49
49
49
49
49
49
50
49
49
51
51
51
52
52
52
52
52
52
49
49
53
53
53
53
53
49
54
49
55
49
56
56
56
57
56
56
56
64
64
58
57
57
57
57
58
58
58
58
58
58
58
58
61
61
61
59
59
31
31
60
61
61
37
61
67
61
61
61
61
61
63
61
67
68
61
62
62
56
62
61
58
62
63
63
63
63
56
64
64
64
64
64
65
62
65
65
65
66
65
66
63
66
65
66
67
66
66
66
66
68
67
67
63
63
63
63
67
68
67
67
67
67
66
67
67
67
71
68
68
69
68
68
69
68
68
68
69
69
69
69
68
44
44
69
69
70
65
70
70
70
70
71
72
68
71
71
71
71
71
71
49
49
71
71
71
71
71
49
72
73
72
72
72
75
73
73
73
71
73
73
73
73
73
72
74
74
74
53
75
75
53
53
53
76
76
76
76
76
10
53
75
30
4
3
4
22
24
21
20
25
25
19
19
15
13
5
6
6
24
22
22
7
22
28
28
28
28
46
49
43
45
42
40
68
68
68
68
63
63
56
35
37
37
38
38
38
38
41
41
36
36
23
23
29
27
28
27
27
28
28
28
28
28
8
29
29
51
32
32
35
35
36
59
59
59
60
60
60
28
59
28
29
34
34
28
28
29
29
29
29
43
31
35
23
7
22
44
69
61
58
28
29
29
31
29
29
30
38
5
37
42
76
56
