1
1
1
1
1
1
1
1
1
2
1
2
2
13
2
2
2
13
2
2
13
2
2
4
2
77
77
77
77
77
2
77
77
77
77
77
77
77
4
77
4
77
4
4
77
3
3
3
3
4
5
4
3
4
13
13
13
13
4
4
4
14
14
5
14
5
5
5
5
5
5
5
22
5
5
22
3
4
5
5
5
3
6
3
3
6
6
3
6
6
3
6
6
7
5
5
5
5
7
6
6
6
6
7
7
6
6
7
6
7
6
6
6
7
5
22
7
7
7
7
7
7
7
8
8
7
8
8
7
7
8
8
8
8
8
8
8
8
8
8
8
8
7
9
9
10
11
11
11
10
10
11
11
11
15
15
15
11
15
13
13
12
13
13
13
2
13
14
16
16
16
14
14
14
14
16
14
15
15
15
15
15
15
15
15
15
15
16
15
15
16
16
16
14
16
16
16
16
16
16
16
16
15
16
16
17
15
17
17
17
76
17
17
17
25
25
18
19
19
15
19
15
19
15
15
19
19
19
19
19
19
19
19
20
20
20
20
20
21
20
20
21
20
21
20
21
5
22
21
21
22
21
22
21
20
20
22
22
22
22
22
22
22
22
24
23
23
22
22
23
23
22
23
23
25
23
23
23
23
23
23
24
24
24
24
24
24
24
24
24
24
24
24
24
24
24
24
24
24
24
24
24
24
24
24
24
24
28
24
24
28
19
25
25
25
25
25
25
23
25
25
25
25
25
25
25
25
25
25
25
25
25
25
26
26
23
25
25
29
26
29
29
29
26
27
27
27
29
27
8
28
27
28
28
28
28
28
28
28
30
29
30
29
30
30
30
30
29
30
30
30
30
30
30
30
30
30
30
28
31
28
28
28
31
28
28
8
8
32
33
33
34
35
34
34
35
35
35
36
38
35
36
36
36
38
38
40
40
38
38
38
38
39
40
40
39
39
39
39
40
40
40
42
42
39
40
40
41
42
42
42
41
41
42
42
42
40
40
40
42
42
42
43
43
42
42
43
43
43
43
46
46
46
43
43
43
44
47
44
44
44
44
44
44
47
45
46
46
46
46
46
46
46
46
46
47
45
48
48
48
51
49
47
51
49
73
49
50
49
49
73
75
49
50
51
50
50
51
51
51
46
52
52
52
52
52
49
49
75
75
53
53
53
54
54
54
52
55
56
56
56
56
56
56
56
56
56
58
57
57
57
57
58
30
30
58
58
58
58
58
58
31
59
60
60
31
59
31
59
59
61
61
61
59
61
59
59
63
63
61
61
68
61
62
62
62
63
63
58
62
62
58
63
63
64
64
64
64
64
64
64
63
62
62
65
65
65
66
63
63
65
65
66
66
66
66
65
67
67
67
67
67
67
67
67
68
67
66
67
67
66
66
71
71
71
68
68
37
68
68
68
68
71
68
69
42
69
69
68
69
69
69
45
70
70
70
70
70
72
71
72
69
71
70
70
70
70
71
71
49
71
71
71
72
71
73
72
72
72
72
72
72
72
73
73
73
73
73
49
73
73
72
74
74
74
73
75
75
72
75
75
76
76
76
76
76
10
75
72
30
1
3
5
22
22
20
23
25
25
25
25
15
13
5
3
3
22
7
22
7
8
28
28
28
28
46
49
43
45
69
42
37
61
68
67
66
63
56
34
37
38
38
38
36
40
41
39
36
36
24
27
27
27
27
27
27
27
28
28
28
28
7
28
30
52
32
32
35
36
36
60
31
60
60
60
31
31
59
30
30
35
34
31
31
29
29
30
30
69
28
35
23
8
24
44
42
59
58
28
29
29
31
28
30
58
40
5
61
42
76
64
