1
2
1
1
1
1
1
1
1
1
1
2
2
2
2
2
1
2
2
2
2
2
2
2
2
77
77
77
1
77
4
4
4
77
4
77
77
77
77
77
77
77
77
77
3
3
3
3
3
4
4
4
3
4
4
2
14
4
4
4
14
14
5
5
5
5
5
5
5
5
5
5
5
5
5
5
6
6
5
6
3
3
6
6
3
6
6
6
6
6
6
3
6
5
5
6
6
6
6
6
6
6
7
6
7
7
6
7
7
7
7
7
6
7
7
7
7
7
7
7
7
7
7
7
7
8
8
8
7
8
8
8
8
8
8
8
8
8
8
8
8
8
7
9
9
10
10
10
10
10
10
10
10
11
11
15
11
11
11
10
12
12
16
13
13
13
14
14
14
13
16
14
14
16
14
16
14
15
15
15
15
15
15
15
15
15
15
15
15
15
16
16
16
16
16
16
16
5
16
16
16
16
16
16
16
17
17
17
17
17
17
17
18
18
17
15
17
15
15
15
19
15
19
15
19
19
15
19
19
19
19
19
19
20
20
20
20
20
21
21
21
21
21
21
21
21
21
22
22
22
22
22
22
21
22
22
22
22
22
22
22
22
22
22
22
22
22
22
22
24
23
22
22
23
23
22
22
23
22
23
23
24
24
24
24
24
24
23
24
24
24
24
24
24
24
24
24
24
24
24
24
24
24
24
24
24
24
24
24
24
24
25
25
25
19
25
25
25
25
25
25
25
25
25
25
25
25
25
25
25
25
25
25
26
26
23
25
25
25
25
26
27
25
27
27
27
27
27
27
28
28
28
28
28
28
28
28
28
31
25
29
29
29
29
29
30
30
29
30
29
30
30
30
30
57
57
30
30
31
31
28
28
28
28
28
28
8
8
33
33
34
34
34
34
34
35
35
38
38
38
35
38
38
38
38
38
38
38
38
38
40
40
36
36
36
39
39
39
39
40
40
40
42
41
39
40
41
41
41
41
41
41
41
41
42
42
41
42
42
42
42
42
43
43
42
43
43
43
43
43
43
43
43
46
43
43
44
45
44
44
44
44
44
44
44
45
43
46
46
46
46
45
46
46
46
50
45
47
48
46
46
49
44
49
49
49
49
49
49
49
49
49
49
49
50
50
50
51
51
51
46
52
52
52
52
52
50
53
53
53
53
50
53
50
54
50
55
51
56
56
56
57
56
56
56
64
56
58
57
57
57
57
58
58
58
58
58
58
58
59
58
59
59
59
60
31
59
60
58
61
37
37
61
61
61
58
58
61
61
61
61
61
61
62
62
62
62
58
63
62
62
63
63
63
64
64
64
64
64
64
64
65
65
64
65
65
65
66
63
65
65
66
66
66
66
70
66
67
67
67
63
63
67
67
67
67
71
67
67
67
70
71
67
71
70
67
68
69
68
68
71
71
71
69
69
69
69
69
71
69
69
69
69
70
70
70
70
70
70
70
70
49
71
71
71
70
71
71
49
49
71
71
71
73
71
71
72
72
72
72
72
72
72
73
73
73
73
72
73
73
73
74
74
74
74
75
75
75
75
75
75
76
76
76
76
76
10
53
72
57
1
6
4
22
22
21
19
25
25
19
19
15
13
5
3
3
22
22
22
7
7
28
28
28
31
46
49
43
45
42
40
37
37
37
67
63
63
56
37
38
38
38
38
39
40
41
39
36
36
23
27
26
27
27
27
25
28
28
28
28
28
8
27
29
51
28
32
35
35
38
60
60
60
60
60
60
59
59
30
30
33
34
31
31
29
29
29
29
69
28
35
23
7
24
44
40
61
58
28
25
29
31
29
30
30
39
5
37
42
76
56
