1
1
1
1
77
1
1
1
1
2
1
2
2
13
2
2
2
2
2
13
13
2
2
2
2
77
77
77
77
1
2
4
4
77
4
77
4
77
4
77
4
4
4
77
77
77
3
77
3
3
4
5
3
4
4
4
14
4
14
14
14
5
4
5
5
5
5
5
5
5
5
5
5
5
5
5
6
5
5
5
6
3
3
6
6
5
6
6
6
6
6
6
5
5
5
5
5
6
6
6
6
6
6
7
7
6
6
7
7
7
6
6
7
7
7
22
7
7
7
7
7
7
7
7
7
8
8
8
7
8
7
8
8
8
8
8
8
8
8
8
8
8
8
9
9
9
10
10
10
10
10
10
11
11
10
11
11
11
15
11
12
12
14
13
13
13
14
14
14
13
14
14
14
16
14
14
14
15
15
15
15
15
15
15
15
15
15
19
15
15
14
16
16
16
16
16
16
16
16
16
16
16
15
20
16
17
15
17
17
17
17
17
17
17
19
19
17
19
19
19
19
19
19
19
19
19
19
19
20
19
19
19
19
20
20
20
20
20
5
21
21
21
21
21
21
21
21
22
22
22
22
22
22
20
22
22
22
22
22
22
22
22
22
22
22
22
22
22
22
22
23
22
20
20
20
20
22
23
23
23
26
24
24
24
24
24
24
24
24
24
24
24
24
24
24
24
24
24
24
24
24
24
24
24
24
24
24
24
24
24
24
25
25
25
25
25
25
25
25
25
25
25
25
25
25
25
25
25
25
25
25
25
25
26
26
23
25
25
23
25
25
29
25
29
27
27
29
29
29
8
28
31
31
8
31
31
28
31
31
29
29
29
29
29
29
29
29
29
29
29
29
30
29
29
29
29
29
30
31
31
31
31
31
31
31
31
8
8
32
33
33
34
35
34
34
33
35
35
38
34
34
36
38
38
38
37
38
38
38
37
38
38
39
39
39
38
39
39
39
40
40
40
40
41
39
41
41
41
41
41
42
41
41
42
42
42
42
40
40
42
42
42
42
43
43
43
43
43
43
43
43
43
43
46
43
46
44
44
44
44
44
49
44
44
47
43
46
46
46
46
46
46
46
46
46
47
43
47
51
43
48
49
49
49
49
49
49
49
49
49
73
49
49
49
50
50
50
51
51
51
46
51
52
52
52
52
49
53
75
53
53
49
49
49
54
49
55
54
56
56
56
56
56
56
56
64
64
57
57
57
58
57
58
58
58
58
58
58
58
58
58
59
59
59
60
60
60
60
58
58
37
61
61
61
61
61
63
63
63
67
61
68
61
62
62
56
63
63
58
62
62
62
63
63
64
64
64
64
64
64
64
65
64
64
65
65
70
66
63
66
65
66
66
65
66
70
66
67
61
67
67
63
67
61
61
67
67
67
67
63
67
68
71
71
67
68
68
68
68
68
68
71
68
69
69
42
69
69
69
69
69
69
43
70
70
70
70
70
70
70
70
69
71
71
71
71
71
71
71
71
71
71
71
73
71
71
72
72
72
72
72
72
72
73
71
73
73
73
49
73
73
72
74
74
74
75
75
75
75
75
75
76
76
76
76
76
10
53
72
30
1
3
4
22
22
21
20
25
25
19
18
15
14
5
6
6
22
22
22
22
8
28
28
28
8
46
49
43
45
42
40
68
68
68
68
66
63
56
37
37
37
38
38
39
40
41
39
36
36
23
28
27
27
27
28
27
27
28
31
31
31
8
29
29
51
32
8
35
35
38
60
60
60
60
60
31
59
59
30
29
33
34
31
31
29
30
29
29
69
8
35
23
8
24
44
69
59
58
31
29
30
31
29
29
30
38
5
61
42
76
56
