1
2
1
1
1
1
1
1
1
2
1
2
2
2
2
2
2
2
2
14
2
4
2
4
2
77
77
77
1
1
1
4
4
77
4
77
77
77
77
77
77
77
4
77
3
77
3
77
3
3
4
3
3
4
14
4
14
14
4
4
14
16
16
5
5
5
5
5
5
5
5
5
5
5
5
5
6
3
5
5
6
3
3
6
6
5
6
3
6
6
6
6
6
7
6
6
5
5
7
7
6
6
6
6
6
6
7
7
7
7
7
7
7
7
5
22
7
7
7
7
7
7
7
8
7
7
8
8
8
8
8
8
8
8
8
8
8
8
8
8
8
8
8
9
9
9
10
10
10
10
10
10
10
10
11
10
15
11
12
10
12
12
12
13
13
14
14
14
14
14
14
14
16
14
14
14
16
15
12
15
15
15
19
15
15
15
19
15
19
15
14
15
16
16
14
16
16
16
16
16
21
16
15
15
16
17
19
17
17
17
76
17
18
18
19
19
18
19
19
15
19
15
19
15
15
15
19
20
19
19
19
19
19
20
20
20
20
20
21
20
20
21
20
21
21
21
22
21
21
22
22
22
22
20
20
20
22
22
22
22
22
21
22
22
22
22
23
22
20
22
23
22
19
23
23
22
22
23
23
23
23
24
24
24
24
24
24
22
24
24
24
24
24
24
24
24
24
24
24
24
24
24
24
24
24
24
24
24
24
24
24
25
25
25
18
25
25
25
25
25
25
25
25
25
25
25
25
25
25
25
25
25
25
27
23
23
26
26
23
23
26
26
26
26
27
27
27
29
27
28
28
28
28
28
28
28
28
28
28
29
29
29
29
29
29
29
29
29
29
29
30
29
30
30
30
30
29
30
31
28
31
31
28
28
28
28
8
32
32
33
34
34
35
34
35
35
35
35
36
38
38
36
38
38
38
38
38
40
38
38
40
38
39
39
36
39
39
39
39
40
40
40
40
42
41
42
42
41
42
42
42
42
41
42
42
42
42
40
42
42
42
42
43
43
43
43
69
43
43
43
43
43
43
46
46
43
69
44
44
44
44
47
47
44
47
69
43
46
46
46
46
43
46
46
52
47
48
48
48
46
46
47
47
49
49
49
49
49
50
50
49
49
49
49
51
50
50
51
51
51
52
52
52
52
52
52
53
53
75
75
53
54
53
54
54
54
55
55
58
56
56
56
56
64
64
64
56
57
57
57
58
57
58
58
58
58
58
58
58
58
58
59
59
59
60
60
59
60
61
61
37
68
61
61
67
67
61
61
67
61
61
61
61
65
62
62
65
63
58
63
63
63
63
65
64
64
64
64
64
64
64
64
64
64
64
65
65
63
65
65
65
66
66
66
65
66
66
61
61
67
67
67
66
67
67
67
67
67
66
67
66
66
67
71
71
61
61
68
68
68
69
71
68
69
69
42
69
69
69
69
44
69
69
70
65
70
70
70
70
70
71
71
68
71
71
70
70
71
71
71
71
71
71
71
71
71
71
72
72
72
72
72
72
71
73
73
71
73
73
73
73
75
75
74
74
72
72
72
75
75
75
76
76
76
76
76
10
75
75
58
2
3
4
22
22
21
19
25
25
18
18
15
14
6
6
6
22
22
22
7
22
28
24
28
28
52
49
69
45
42
40
68
68
68
67
63
63
56
37
37
38
38
38
36
40
42
41
36
36
23
27
27
27
27
27
27
27
28
28
28
28
8
29
29
51
32
32
35
35
38
60
60
59
60
34
31
59
59
29
30
35
34
31
31
29
29
30
30
69
31
35
23
8
24
44
69
61
58
28
29
29
31
29
29
30
38
22
68
69
76
56
