1
1
1
1
1
1
1
1
1
1
1
2
2
2
2
2
2
2
2
2
2
2
2
2
2
77
77
77
77
4
4
4
77
77
77
77
77
77
77
77
77
77
4
3
3
3
3
3
3
3
5
5
3
4
4
4
2
4
4
4
5
5
4
5
5
5
5
5
5
5
5
5
5
5
5
5
5
5
5
5
5
6
6
5
5
5
5
6
6
6
6
6
6
6
6
6
5
5
5
7
7
6
6
6
7
7
7
7
7
7
7
7
7
7
7
7
7
7
7
7
7
7
7
7
7
8
8
8
8
7
8
8
8
8
8
8
8
8
8
28
8
28
28
9
9
9
10
10
10
10
10
10
10
11
11
11
15
11
11
12
12
12
15
13
13
13
14
14
14
14
14
15
14
14
14
14
14
15
15
15
15
15
15
15
15
15
15
20
15
15
15
15
16
16
16
16
16
16
16
16
16
16
16
20
16
15
17
17
17
17
17
17
17
17
18
18
18
20
20
15
19
19
19
19
19
19
19
20
20
20
19
19
19
20
20
20
20
20
21
20
21
21
21
21
21
21
21
22
22
22
22
22
22
22
20
20
22
22
22
22
22
22
22
24
22
22
22
22
22
23
23
20
20
23
23
23
23
23
23
23
23
24
24
24
24
24
24
24
24
24
24
28
24
24
24
24
24
24
28
24
24
24
24
24
24
28
24
24
24
24
24
25
25
25
25
25
25
25
25
25
25
25
25
25
25
25
25
25
25
25
25
25
25
27
25
25
25
25
26
26
26
27
25
27
27
27
27
27
27
28
28
28
28
28
28
28
28
28
28
29
29
29
29
31
29
31
30
31
30
30
30
56
30
30
30
30
31
30
31
31
31
31
28
28
31
28
32
32
32
33
28
34
35
34
35
35
35
35
35
35
35
36
38
38
38
38
38
38
38
38
38
38
39
39
39
39
39
39
39
40
40
40
40
41
39
41
41
41
41
41
41
41
41
42
42
42
42
42
42
42
42
42
42
43
43
43
43
43
43
43
43
43
43
43
43
43
44
47
44
44
44
47
47
47
47
45
46
46
46
46
46
46
46
46
46
47
48
47
47
48
48
49
49
47
49
49
47
47
47
47
49
49
49
49
50
50
50
51
51
51
52
52
52
52
52
52
53
53
75
53
53
53
53
54
54
54
55
55
56
56
56
56
56
56
56
56
56
57
57
57
57
56
58
58
58
58
58
58
58
58
58
59
59
59
60
31
31
31
63
61
61
61
61
61
61
61
63
63
61
61
61
61
61
62
62
62
62
63
63
63
63
63
63
63
64
64
64
64
64
64
64
65
65
65
65
65
65
63
63
63
66
66
66
66
71
71
71
67
61
67
67
63
67
67
67
67
67
71
67
67
71
71
71
71
71
68
71
68
71
71
68
68
71
69
69
42
69
69
69
69
69
69
69
70
70
70
70
70
70
70
71
71
71
71
71
71
71
71
71
71
71
71
71
71
71
71
72
72
72
72
72
72
72
71
73
73
73
73
73
73
73
74
74
74
74
75
75
75
75
75
75
76
76
76
76
76
10
53
75
56
1
3
4
22
24
21
20
25
25
18
18
15
13
5
6
6
22
22
22
7
7
28
28
28
28
46
49
43
45
42
40
68
68
71
67
66
63
56
37
37
38
38
38
38
37
41
39
36
36
24
23
27
27
27
27
27
27
28
28
28
28
8
29
31
51
32
28
35
35
35
31
31
60
60
60
60
58
59
31
30
33
34
31
31
31
29
31
30
69
28
35
25
8
24
44
69
61
58
28
29
31
31
29
31
56
38
5
37
42
76
62
