1
2
2
1
1
1
1
1
1
1
1
2
2
13
2
1
1
13
2
2
13
2
2
2
2
77
77
1
1
77
2
2
2
77
2
77
2
77
77
77
77
77
5
77
77
3
3
3
3
77
3
3
3
4
4
4
4
4
5
16
16
16
5
5
5
16
21
5
5
5
5
21
5
5
7
5
3
3
5
5
3
3
6
6
3
5
6
3
6
6
3
6
6
6
5
5
7
5
5
7
6
6
6
6
7
7
6
7
7
7
7
6
7
7
7
7
7
6
7
7
7
7
7
8
7
8
7
8
8
8
8
8
8
8
8
8
8
8
8
8
8
8
7
9
9
10
10
10
10
10
10
10
10
10
11
10
11
11
11
10
12
13
10
13
13
4
4
14
14
13
14
14
14
14
14
14
16
15
15
15
15
15
17
15
15
15
15
15
15
15
15
16
16
16
14
14
16
16
16
16
16
15
16
15
15
17
15
17
76
76
76
17
17
17
17
15
18
20
15
15
15
15
15
20
20
19
20
20
19
19
19
19
19
20
20
20
20
22
21
22
22
21
21
21
21
21
21
21
22
22
22
22
22
22
22
20
22
22
22
22
22
22
22
22
22
22
22
22
20
23
23
22
22
20
23
23
23
23
24
23
23
24
24
24
24
24
22
22
24
24
24
24
24
24
24
24
24
24
24
24
24
24
24
23
28
24
24
24
24
24
24
25
25
25
25
25
25
25
25
25
25
25
25
25
25
26
25
25
25
25
25
25
25
23
26
26
26
25
25
26
23
26
26
26
27
27
27
29
29
28
28
28
28
28
28
28
28
28
28
29
30
28
29
29
29
30
30
29
30
31
30
30
30
30
30
29
30
30
31
31
28
28
28
28
28
28
8
8
33
33
28
60
34
34
35
35
35
35
36
35
38
36
36
38
38
38
38
38
36
38
38
37
39
39
36
38
38
39
39
40
40
40
40
41
39
40
39
41
41
41
41
41
41
41
42
42
40
40
42
42
42
42
42
42
42
43
43
43
43
43
46
46
43
46
46
43
44
47
44
44
44
44
44
44
44
45
43
46
46
46
45
45
51
46
52
47
48
48
48
51
51
44
47
49
49
73
49
50
49
49
73
49
49
49
50
50
50
51
51
50
52
52
52
52
52
51
53
49
53
53
49
53
53
53
54
49
55
51
30
30
56
30
56
56
56
64
56
58
58
57
62
62
31
30
30
58
58
58
58
58
58
59
59
59
60
31
60
31
61
61
61
61
61
61
61
67
63
63
67
61
61
68
61
62
62
62
65
58
58
63
63
63
66
63
62
64
64
65
65
65
65
65
62
62
65
65
65
66
66
66
66
66
66
66
66
66
66
61
67
67
67
63
67
67
67
68
67
66
66
66
66
67
71
70
66
68
68
68
71
71
68
68
68
69
69
42
69
69
71
71
44
44
45
70
70
70
70
70
72
71
72
71
71
70
70
70
70
71
71
71
73
71
71
73
73
71
72
72
72
72
72
75
72
73
72
73
73
72
73
72
72
74
74
72
72
72
75
75
75
75
75
76
76
76
76
76
10
53
72
30
2
3
5
22
24
21
20
25
25
19
25
15
4
5
3
6
22
22
24
7
7
28
28
28
28
46
49
43
45
42
40
68
61
68
71
66
63
56
37
37
38
36
38
36
37
41
39
36
36
24
23
27
27
27
27
27
28
28
28
28
28
7
29
30
51
32
32
35
35
38
60
60
59
60
34
60
58
59
31
30
35
34
31
31
29
30
30
30
69
28
35
26
7
24
44
40
37
58
28
29
29
31
28
29
31
38
21
61
42
76
64
