1
1
1
1
1
1
1
1
2
2
2
1
2
2
2
2
4
2
2
2
2
2
2
4
4
77
77
77
1
1
2
4
77
77
77
77
77
3
3
77
3
4
4
3
3
77
77
77
3
4
4
3
3
4
14
4
14
4
4
4
14
14
4
5
4
16
5
5
5
5
5
5
5
5
5
22
3
3
5
5
5
6
6
3
3
5
3
3
6
6
6
6
6
6
6
6
7
7
7
7
7
6
6
7
6
7
6
7
7
7
7
7
7
7
7
7
7
7
7
7
7
7
8
8
8
8
8
8
7
8
8
8
8
8
8
8
8
32
8
8
8
8
8
9
9
10
10
10
10
10
10
10
10
12
10
11
11
12
15
12
12
12
15
2
13
13
14
14
14
14
14
14
16
16
14
16
14
15
15
15
15
15
15
15
15
15
15
15
15
19
14
16
14
14
16
16
16
16
16
16
16
16
16
15
16
15
15
15
15
17
76
17
17
17
17
17
18
20
19
15
17
19
17
19
15
19
19
19
20
19
25
19
19
20
20
20
20
20
21
21
21
21
21
21
21
21
5
5
22
21
22
21
20
20
20
22
22
21
21
22
22
22
22
24
22
22
22
22
22
24
22
22
22
23
23
23
23
23
23
25
23
24
22
24
24
24
24
23
23
24
24
24
24
24
24
24
24
24
24
24
24
24
24
24
28
24
24
24
24
24
24
25
25
25
25
25
25
25
20
25
25
25
25
25
25
25
25
25
25
25
25
25
25
26
26
26
25
25
25
26
27
26
26
27
27
27
27
27
29
28
28
28
28
28
29
28
28
28
28
29
30
29
29
30
29
30
30
29
30
30
31
30
30
30
30
30
29
30
28
28
31
28
28
31
28
28
8
32
32
33
34
60
34
34
35
35
35
35
35
35
38
35
36
36
38
38
38
38
38
38
40
38
39
39
39
40
39
41
39
42
42
40
40
41
41
40
40
41
41
41
41
41
41
42
42
42
42
42
42
42
42
42
43
42
42
43
43
43
43
43
43
43
43
43
43
43
44
44
44
44
44
49
47
44
47
43
46
46
46
46
46
46
46
46
46
47
43
47
48
43
46
49
47
47
49
49
49
50
49
50
49
49
49
49
50
50
51
46
46
51
51
51
52
52
52
52
53
49
53
53
49
53
53
53
54
55
55
55
56
56
56
56
56
56
56
64
64
57
57
57
58
56
59
30
56
58
58
58
58
58
58
59
59
58
34
60
60
60
58
61
61
61
61
61
61
61
63
67
61
61
67
61
61
62
62
62
62
63
58
63
58
63
63
63
62
64
64
64
64
64
64
65
62
64
65
65
65
66
63
66
66
66
66
66
65
66
70
67
61
61
61
67
61
61
61
67
67
67
67
67
66
66
67
66
71
61
61
68
68
67
68
68
68
69
69
42
69
69
69
71
44
69
69
70
70
70
70
70
70
70
73
71
71
71
71
70
70
70
71
71
71
71
71
71
73
73
73
72
72
72
72
75
72
73
73
72
73
72
73
73
49
74
74
74
74
49
75
75
75
75
75
76
76
76
76
76
10
53
75
56
2
3
5
22
22
21
23
20
25
19
25
14
13
6
3
3
22
22
22
7
7
28
24
28
31
46
49
43
45
69
40
68
61
68
67
67
63
56
38
38
37
38
38
38
40
41
40
36
36
24
27
27
29
29
27
27
27
28
28
28
28
8
29
30
51
32
32
35
35
38
59
60
61
60
34
60
59
59
31
30
35
34
31
31
29
29
30
30
69
31
35
25
8
24
44
40
61
58
28
29
31
31
29
29
30
38
5
68
42
76
62
