1
2
1
1
1
1
1
1
1
2
1
2
2
2
2
2
2
2
2
2
2
4
2
2
2
77
77
77
77
1
1
77
77
77
77
77
77
77
77
77
4
4
4
3
77
3
3
3
3
3
4
5
3
4
4
4
4
4
4
4
4
5
5
5
5
5
5
5
5
5
5
16
5
5
5
5
5
5
5
5
5
6
6
3
3
5
5
5
6
6
6
6
6
6
5
5
5
5
6
7
7
6
6
7
6
7
6
7
7
7
7
7
7
7
7
5
7
7
7
7
7
7
7
7
7
8
8
8
8
7
8
8
8
7
8
8
8
8
8
28
28
8
8
9
9
9
10
10
10
10
10
10
10
12
11
15
11
11
11
12
12
12
13
13
13
13
14
14
14
13
14
14
16
16
14
14
14
15
15
15
15
15
15
15
15
15
15
15
15
15
14
16
16
16
16
16
16
16
16
16
16
16
16
16
16
15
19
17
17
17
76
17
17
17
18
19
18
19
19
15
19
15
19
19
19
19
19
19
19
19
19
19
25
20
20
20
20
20
21
21
21
21
16
21
21
21
21
22
22
22
22
22
22
22
22
20
22
22
22
22
22
22
22
22
24
22
20
20
22
23
23
20
20
23
23
20
23
23
23
20
23
24
24
24
24
24
24
24
24
24
24
24
24
24
24
24
24
24
24
24
24
24
24
24
24
28
24
28
24
24
24
19
25
25
18
25
25
25
25
25
25
25
25
25
25
25
25
25
25
25
25
25
25
23
23
23
23
26
23
26
23
27
26
27
27
27
27
29
27
28
28
28
28
28
28
28
28
28
28
29
29
29
29
30
30
30
30
30
30
30
30
58
30
30
30
30
30
30
31
31
31
28
28
28
31
31
28
28
32
33
28
34
35
34
37
35
35
35
35
35
35
35
36
38
38
39
38
38
38
38
38
38
39
39
39
39
39
39
39
41
41
41
40
41
39
41
41
41
41
41
41
41
41
41
42
42
42
42
42
42
42
42
43
42
43
43
43
43
43
43
45
45
45
45
45
43
44
47
44
44
44
44
44
44
47
45
45
45
46
46
46
45
46
46
52
47
47
47
47
48
46
47
49
49
49
73
49
49
49
49
73
49
49
50
50
50
50
51
51
51
52
51
52
52
52
52
50
53
73
73
53
50
53
50
54
54
55
54
56
56
56
56
56
62
62
62
62
57
57
57
57
62
58
30
30
58
58
58
58
58
58
59
59
59
60
60
60
59
59
59
59
59
59
59
61
61
58
58
58
61
61
61
61
62
62
62
62
63
63
58
62
63
62
62
64
64
64
64
64
64
64
62
62
64
65
65
65
66
62
62
62
66
66
62
65
66
70
67
61
67
63
63
63
67
61
67
67
67
67
67
70
70
71
71
70
68
68
71
68
68
71
71
71
69
69
69
69
71
69
71
71
69
45
70
70
70
70
70
70
70
71
71
71
71
70
71
71
71
71
71
71
71
71
71
71
71
72
73
72
72
72
72
72
49
73
73
73
73
73
73
73
75
74
74
74
73
75
75
75
73
73
76
76
76
76
76
10
53
75
30
1
3
4
22
22
16
20
25
25
19
18
16
13
5
5
3
22
22
24
22
7
28
28
28
28
52
49
45
45
42
40
37
68
37
67
62
63
56
37
37
38
39
38
39
38
41
39
36
36
23
27
23
27
27
27
27
27
28
28
28
28
8
29
30
51
28
28
35
35
35
59
60
60
60
60
60
59
59
58
30
33
34
31
31
30
30
30
58
69
31
35
23
8
24
44
37
59
58
28
29
30
31
29
30
58
38
16
59
42
76
62
