1
1
1
1
1
1
1
1
1
1
1
2
2
2
2
2
2
2
2
2
2
2
2
2
2
77
77
77
77
77
4
4
4
77
77
77
77
77
77
77
77
4
4
77
77
3
3
3
3
3
4
5
3
4
4
4
4
4
4
4
4
5
4
5
5
5
5
5
5
5
5
5
5
5
5
5
5
5
6
6
3
3
6
3
6
6
6
6
6
6
6
6
7
6
6
6
6
7
7
7
6
6
6
6
7
7
7
7
6
7
7
6
7
7
7
7
7
7
7
7
7
7
7
7
7
8
7
8
8
8
8
8
8
8
8
8
8
8
8
8
8
28
8
9
9
9
10
10
10
10
10
10
10
11
11
11
15
11
11
11
12
13
12
13
13
13
14
14
14
14
16
14
14
16
14
14
14
15
15
15
15
15
15
15
15
15
19
15
19
15
16
16
16
16
16
16
16
16
16
16
16
16
16
16
16
17
17
17
17
17
17
17
17
17
17
17
18
20
20
19
19
19
19
19
19
19
19
19
19
19
19
19
19
20
20
20
20
20
21
21
21
21
21
21
21
21
21
22
22
22
22
22
22
22
22
22
22
22
22
22
22
22
22
24
22
22
22
22
22
23
23
20
20
20
23
23
23
23
23
23
23
24
24
24
24
24
24
24
24
24
24
24
24
24
24
24
24
24
24
24
24
24
24
24
24
24
28
24
24
24
24
25
25
25
25
25
25
25
25
25
25
25
25
25
25
25
25
25
25
25
25
25
25
26
26
26
25
25
25
26
29
29
26
27
28
27
27
27
27
28
28
28
28
28
28
28
28
28
28
29
29
29
29
29
29
29
30
29
30
30
30
29
30
30
30
30
30
30
31
31
31
31
31
31
31
31
28
32
32
33
33
34
34
34
34
33
35
35
35
35
35
38
38
38
38
38
38
38
38
38
38
38
39
39
39
39
39
39
39
40
40
40
40
41
41
41
41
41
41
41
41
41
41
42
42
42
42
42
42
42
42
42
43
42
43
43
69
43
43
42
43
43
43
46
43
43
44
44
69
44
69
44
44
44
44
45
46
46
46
46
46
45
46
46
46
47
69
69
69
48
51
49
49
49
49
49
49
50
49
49
49
53
49
49
50
50
50
51
51
50
52
52
52
52
52
52
53
53
53
53
54
54
53
54
54
54
55
55
56
56
56
56
56
56
56
64
56
57
56
57
57
57
58
58
58
58
58
58
58
58
58
59
59
59
60
60
60
60
58
58
61
58
61
61
61
61
61
67
67
61
61
61
61
62
62
62
62
63
63
63
63
63
66
63
64
64
64
64
64
64
64
65
65
65
65
65
65
66
66
66
65
66
66
66
66
66
66
67
61
67
67
63
63
67
61
67
61
67
66
66
67
67
71
71
66
67
67
68
67
71
68
69
71
69
69
69
69
69
69
69
69
69
69
70
65
70
70
70
70
72
72
69
71
71
71
71
71
71
71
71
71
71
71
71
71
71
72
73
72
72
72
72
72
73
73
73
73
73
73
73
73
75
74
74
74
75
75
72
75
75
53
76
76
76
76
76
10
53
75
58
1
3
4
22
22
21
20
20
25
19
19
15
13
5
6
3
22
22
22
22
22
28
24
28
28
46
49
43
69
42
40
68
68
68
67
66
63
56
37
37
37
38
38
38
37
41
41
36
36
23
27
27
28
28
28
27
28
28
28
28
31
8
28
29
51
28
28
35
35
38
60
60
58
60
60
60
58
60
29
30
33
34
31
31
29
29
30
30
69
28
35
26
7
28
44
69
58
58
31
29
29
28
28
29
30
38
5
61
42
76
62
