1
2
1
1
1
1
1
1
1
2
1
2
2
2
2
2
2
2
2
2
2
4
2
2
4
1
1
1
1
77
2
2
77
77
77
77
77
77
77
77
4
4
4
3
3
77
3
77
3
3
3
3
3
4
4
4
4
4
4
4
14
14
14
5
5
16
5
5
5
5
5
5
5
5
5
5
3
6
6
6
3
3
6
3
3
6
6
6
6
6
6
6
6
6
6
6
6
6
6
7
6
6
7
6
6
7
6
7
7
7
7
7
7
7
7
22
7
7
7
7
7
7
7
7
7
8
8
8
8
7
8
8
8
7
8
8
8
8
8
8
8
8
8
9
9
9
10
10
10
10
10
10
10
11
10
11
11
11
15
10
10
13
12
13
13
13
14
14
14
14
14
14
16
16
14
16
14
15
15
11
15
15
15
15
15
19
19
15
15
15
16
16
16
16
16
16
16
16
16
16
16
16
16
16
16
17
17
17
17
17
17
17
17
17
19
17
18
20
19
19
19
19
19
19
19
19
19
19
19
19
19
19
19
20
20
20
20
20
21
21
21
21
21
21
21
21
21
22
22
21
22
21
22
22
22
22
22
22
22
22
22
22
22
22
22
22
22
22
22
22
23
22
20
25
25
20
23
23
23
20
23
24
24
24
24
24
24
24
24
24
24
24
24
24
24
24
24
24
24
24
24
24
24
24
24
24
24
24
24
24
24
25
25
25
19
25
25
25
25
25
25
25
25
25
25
25
25
25
25
25
25
25
26
26
26
26
25
26
26
26
26
26
26
26
27
27
27
29
27
8
8
28
28
28
28
28
28
8
28
29
29
31
29
29
30
29
30
30
30
30
30
31
30
30
30
30
30
30
31
31
31
31
31
31
28
28
8
8
8
33
34
34
35
34
34
35
35
35
36
35
38
36
36
36
38
38
38
38
38
38
38
38
39
39
38
38
38
39
39
40
40
40
40
42
41
40
41
42
42
42
42
41
41
42
42
42
42
42
42
42
42
42
42
43
43
43
43
43
43
43
43
46
46
43
46
43
44
44
44
44
44
44
44
44
44
46
52
52
46
46
46
46
46
46
51
44
45
45
47
48
51
49
49
49
49
49
49
49
49
49
49
49
49
49
51
50
50
51
51
51
52
52
52
52
52
52
49
53
75
75
53
53
75
54
54
54
55
55
56
56
56
56
56
56
56
64
56
57
57
57
58
57
30
58
30
58
58
58
58
58
58
59
59
59
60
31
60
60
59
59
37
68
61
61
59
58
58
67
67
61
61
68
68
62
62
62
65
63
58
63
63
63
63
63
64
64
64
64
64
64
64
65
65
65
65
65
65
66
63
63
65
65
66
66
66
70
65
61
61
67
67
66
70
67
61
67
67
67
70
66
70
67
71
71
70
61
68
68
67
68
68
68
68
69
69
42
69
69
69
71
69
69
44
70
70
70
70
70
70
70
71
71
71
71
71
70
71
71
71
71
71
71
71
71
71
71
72
72
72
72
72
72
72
49
73
73
73
73
73
73
49
75
75
74
74
72
72
72
75
75
75
76
76
76
76
76
10
75
75
30
2
3
4
22
22
21
20
25
25
19
19
15
4
6
3
3
22
22
22
7
7
8
8
28
28
52
49
46
45
42
40
68
61
68
67
66
63
56
37
37
38
38
38
38
40
41
41
36
36
23
27
27
27
27
27
27
27
28
8
8
8
8
27
29
50
28
32
35
35
38
31
59
59
60
60
60
59
31
31
30
35
34
31
31
30
30
30
30
69
28
35
26
8
24
44
40
61
58
28
29
30
31
28
30
30
38
5
68
42
76
62
