1
2
1
1
1
1
1
1
1
1
1
2
2
2
2
2
2
2
2
2
2
4
4
2
4
77
77
1
1
2
2
4
4
77
77
77
77
77
3
77
77
4
4
77
3
3
3
77
3
77
3
3
3
4
4
4
2
14
4
14
4
14
14
5
5
5
5
5
5
5
5
5
5
5
5
5
3
6
6
6
3
3
6
3
6
6
5
6
6
7
6
6
6
6
6
6
5
7
7
6
6
6
7
6
6
6
6
7
7
6
6
6
7
7
7
7
7
7
7
7
7
7
7
7
7
8
8
8
8
8
8
8
8
7
8
8
8
8
8
8
8
8
7
9
9
9
10
10
10
10
10
10
10
11
10
15
15
11
15
10
12
12
12
13
13
2
14
14
14
12
12
12
14
16
14
14
14
15
15
15
15
15
15
15
15
15
15
15
15
15
16
16
16
16
14
16
5
16
21
16
16
16
15
15
16
17
15
17
17
17
76
17
17
17
15
15
18
20
20
15
15
15
15
19
19
19
19
20
20
25
19
19
19
20
20
20
20
20
21
20
21
22
22
22
21
21
22
22
22
22
22
22
22
22
20
20
22
22
23
22
22
22
22
22
22
23
23
20
20
24
23
23
23
23
23
23
24
23
23
23
23
22
24
24
24
22
24
24
24
24
24
24
24
24
24
24
24
24
24
24
24
24
24
24
24
24
24
24
28
24
28
25
25
25
25
25
25
25
25
25
25
25
25
25
25
25
25
25
25
25
25
25
26
26
26
26
26
26
29
29
29
26
29
26
27
27
27
29
27
28
28
27
28
28
28
28
28
28
28
29
29
30
29
30
29
30
30
30
30
30
30
30
30
30
30
30
30
30
28
28
28
28
28
28
28
28
8
8
8
33
28
34
35
34
35
35
35
35
35
38
35
36
38
38
35
38
39
38
35
38
38
38
39
39
39
38
38
39
39
40
40
40
42
41
39
41
41
41
41
41
41
42
41
42
42
42
42
42
42
42
42
42
42
42
43
43
48
43
42
43
43
43
43
43
43
43
44
44
44
44
44
44
44
44
47
48
43
52
48
46
46
46
48
52
52
45
48
45
48
48
48
73
45
49
49
73
49
50
49
49
49
49
49
49
50
50
54
51
48
51
52
51
52
52
52
52
53
49
53
53
53
53
53
53
54
54
55
55
56
56
56
57
56
56
56
64
56
57
57
57
57
57
58
30
58
58
58
58
58
58
58
59
59
59
31
31
59
60
61
61
61
61
61
61
61
58
58
61
61
61
61
61
61
63
62
62
62
58
63
63
63
63
63
63
62
64
64
64
64
64
64
65
62
65
65
70
70
66
63
65
66
66
66
66
66
70
66
67
61
67
67
61
61
67
61
67
67
67
67
67
67
71
71
71
71
68
68
68
67
71
68
44
71
69
69
42
69
69
69
44
44
69
44
70
70
70
70
70
70
70
71
71
71
71
71
70
71
71
71
73
73
71
71
73
71
73
72
72
72
72
75
72
72
73
71
71
73
73
73
73
73
75
74
74
74
73
75
75
75
75
49
76
76
76
76
76
10
53
75
30
2
77
4
22
22
21
20
25
25
19
25
15
12
5
6
3
22
22
22
22
24
28
28
28
28
52
73
48
45
42
40
40
61
68
67
61
63
56
37
37
35
38
38
39
37
41
39
38
36
24
23
27
27
27
27
27
27
28
28
28
28
7
29
29
51
32
32
35
35
38
60
60
59
60
60
31
58
59
30
30
33
34
28
30
30
29
29
29
69
28
35
23
7
24
44
69
61
58
28
29
30
31
30
30
30
38
5
61
42
76
62
