1
2
1
1
1
1
1
1
1
1
1
2
2
2
2
2
2
2
2
2
2
2
2
2
2
77
77
77
77
1
2
77
77
77
77
77
77
77
77
77
77
4
3
3
3
3
3
3
3
4
4
5
3
4
4
4
4
4
4
5
4
4
5
5
5
5
5
5
5
5
5
5
5
5
5
5
3
5
5
5
5
6
6
3
3
3
6
6
6
6
6
6
7
6
6
6
5
7
6
7
6
6
7
6
6
6
6
7
7
7
7
7
7
7
7
7
7
7
7
7
7
7
7
7
8
8
8
8
7
8
8
8
8
8
8
8
8
8
8
8
8
8
8
9
9
9
10
10
10
10
10
10
10
11
10
11
11
11
15
12
12
12
12
13
12
13
14
14
14
13
14
14
14
16
14
16
14
15
15
15
15
15
17
15
15
19
19
15
15
19
16
16
16
16
16
16
16
16
5
16
16
16
16
16
16
17
17
17
17
17
17
17
17
17
19
19
18
19
19
15
19
19
19
19
19
19
19
19
19
19
19
19
19
20
20
20
20
20
5
21
21
21
21
21
21
21
21
22
22
22
22
22
22
22
22
22
22
22
22
22
22
22
22
22
22
22
22
22
22
23
23
22
20
23
23
20
22
23
22
20
23
24
24
24
24
24
24
24
24
24
24
24
24
24
24
24
24
24
24
24
24
24
24
24
24
24
24
24
24
24
24
25
25
25
25
25
25
25
25
25
25
25
25
25
25
25
25
25
25
25
25
25
26
23
25
25
25
26
26
26
29
29
29
29
29
27
27
29
27
8
8
27
28
28
29
28
29
29
28
25
25
29
29
29
29
29
30
30
58
30
30
30
30
29
58
29
29
29
31
31
28
28
31
29
29
29
8
8
32
33
33
34
34
34
38
35
35
35
38
35
35
35
35
38
38
38
38
38
38
38
38
38
39
39
38
39
39
39
39
40
40
40
40
41
41
41
41
41
41
41
41
41
41
42
42
42
42
42
42
42
42
42
43
43
43
42
69
43
43
43
43
43
46
46
43
46
44
69
44
44
69
44
44
44
44
46
46
46
46
46
46
46
46
46
46
44
45
47
48
51
51
49
49
49
49
49
49
49
49
49
49
49
49
49
50
50
50
46
51
50
46
51
52
52
52
52
53
49
53
53
53
53
53
53
54
54
55
51
56
56
56
57
56
56
64
64
56
57
57
57
57
57
58
58
58
58
58
58
58
59
58
59
59
59
59
59
59
60
59
60
37
61
61
60
61
63
63
63
61
61
61
68
61
62
62
62
63
63
58
62
63
63
63
63
64
64
64
64
64
64
64
63
64
65
65
70
65
66
63
63
65
66
66
65
65
66
66
67
61
67
61
63
63
67
61
67
67
67
67
66
66
67
67
67
67
68
67
68
68
68
68
68
71
69
69
42
69
69
69
69
69
44
69
70
70
70
70
70
70
71
70
71
71
71
70
71
71
71
71
71
71
71
71
71
71
71
72
72
72
72
75
72
72
71
73
71
73
73
73
73
73
74
74
74
74
75
75
75
75
53
75
76
76
76
76
76
10
53
75
58
1
3
4
22
22
21
20
25
25
19
25
15
13
5
6
3
22
22
22
7
22
28
8
28
28
46
49
43
69
42
40
68
68
68
67
63
63
56
37
37
38
38
38
38
40
41
39
38
36
23
27
29
27
29
27
29
27
27
28
28
28
8
29
25
51
32
8
35
35
35
59
60
59
60
34
59
59
59
30
58
35
34
31
31
30
29
29
30
69
31
35
23
8
24
44
40
60
58
29
25
29
31
29
29
58
38
5
61
42
76
62
