1
1
1
1
1
1
1
1
1
1
1
2
2
2
2
2
2
2
2
2
2
2
2
2
2
77
77
77
77
1
2
77
77
77
77
77
4
77
4
77
4
4
4
3
4
77
3
3
3
3
3
4
3
4
4
4
4
4
4
4
5
5
4
5
5
5
5
5
5
5
5
5
5
5
5
5
6
6
5
6
3
3
6
3
6
6
7
6
6
6
6
6
7
7
6
6
5
6
6
7
6
6
6
6
7
7
7
7
7
7
7
7
7
7
7
7
22
7
7
7
7
7
7
7
7
8
8
8
8
8
8
8
8
8
8
8
8
8
8
8
8
8
8
9
9
10
11
11
10
10
10
11
11
15
11
11
15
11
11
11
12
12
15
13
13
13
14
14
14
14
14
16
16
16
14
14
14
15
15
15
15
15
15
15
15
15
15
15
15
15
14
16
16
16
16
16
16
16
16
16
16
16
15
16
16
15
17
17
17
17
76
17
17
17
17
17
18
19
19
19
17
15
19
19
19
19
19
20
19
19
25
19
19
20
20
20
20
20
21
21
21
21
21
21
21
21
5
22
21
22
22
22
22
22
22
22
22
22
22
21
22
22
22
22
22
22
22
22
22
22
22
22
20
20
20
20
20
23
20
20
23
24
24
24
24
24
24
24
24
24
24
24
24
24
24
24
24
24
24
24
24
24
24
24
24
24
24
24
24
24
24
25
25
25
19
25
25
25
25
25
25
25
25
25
25
25
25
25
25
25
25
25
25
25
25
25
25
25
26
26
25
27
29
27
27
27
27
27
31
8
31
31
31
8
31
31
31
31
28
30
30
30
29
29
30
30
30
30
30
30
30
30
30
30
30
30
30
30
31
31
31
31
28
31
31
31
32
8
33
33
33
34
34
34
34
34
35
35
36
35
38
36
36
38
38
38
38
38
38
38
38
37
38
39
38
38
39
39
39
41
40
40
40
41
39
39
41
41
41
41
41
41
41
42
42
42
42
42
42
42
42
42
43
42
42
43
43
42
43
43
43
43
46
43
46
43
44
44
44
44
44
44
44
44
44
43
43
46
46
46
46
46
46
46
46
47
48
48
48
46
46
49
44
50
49
49
49
49
50
49
72
49
49
49
50
50
50
51
46
51
46
51
52
52
52
52
53
53
53
53
54
54
54
54
54
54
55
55
56
56
56
56
56
56
56
64
64
57
57
57
62
57
58
30
58
58
58
58
58
58
58
59
59
59
60
31
60
60
58
58
59
59
59
59
61
58
62
62
61
61
61
61
61
62
62
62
62
63
62
62
63
63
63
62
64
64
64
64
64
64
64
65
64
65
65
65
65
66
63
65
66
66
66
65
65
66
65
67
61
67
61
63
63
67
61
67
67
67
67
67
66
67
71
71
71
67
68
68
71
71
71
71
71
71
69
42
69
69
71
44
44
69
43
70
70
70
70
70
72
72
72
71
71
71
71
71
71
71
71
71
71
71
71
71
73
71
72
72
72
72
72
72
72
73
73
73
73
72
73
73
73
72
72
74
72
72
75
75
75
75
75
76
76
76
76
76
10
54
72
30
2
3
4
22
22
21
20
25
25
19
19
15
14
6
6
3
22
22
22
22
7
31
31
28
31
46
49
43
45
42
40
40
68
68
71
63
63
56
34
61
38
38
38
38
37
41
39
38
36
23
27
27
27
27
31
31
31
31
31
31
31
8
29
29
51
28
8
35
35
35
60
60
60
60
60
60
31
59
30
30
34
34
31
31
30
30
30
30
43
28
38
23
8
24
44
69
59
62
31
29
30
31
29
30
30
38
5
61
42
76
56
