1
1
1
1
1
1
1
1
1
2
1
2
2
2
2
2
1
2
2
13
2
2
2
2
2
77
77
77
77
1
2
4
4
77
77
77
77
77
77
77
77
4
3
77
3
3
3
3
3
77
3
3
3
4
4
4
4
4
4
4
4
4
4
5
5
5
5
5
5
5
5
5
5
5
5
5
3
5
5
6
6
3
6
6
6
6
6
6
6
6
6
6
6
6
5
6
6
6
6
7
7
6
7
6
6
7
6
7
7
7
6
7
7
7
7
7
7
7
7
7
7
7
7
8
7
8
8
8
8
8
8
8
8
7
8
8
8
8
8
8
8
8
8
9
9
10
11
10
10
10
10
10
11
11
11
11
11
11
11
12
12
12
12
13
13
13
14
14
14
13
14
14
14
14
14
16
14
15
15
15
15
15
15
15
15
15
15
15
15
15
16
16
16
16
16
16
16
16
16
16
16
16
15
16
16
15
17
17
17
17
17
17
17
17
17
17
18
20
19
19
15
15
19
15
15
19
19
19
25
19
19
19
19
20
20
20
25
22
21
21
21
21
21
21
21
21
21
22
22
22
22
22
22
22
22
20
22
22
22
22
22
22
22
22
22
22
22
22
22
23
23
22
22
23
23
23
22
23
22
23
23
24
24
24
24
24
24
24
24
24
24
24
24
24
24
24
24
24
24
24
24
24
24
24
24
24
24
24
24
24
24
25
25
25
25
25
25
25
25
25
25
25
25
25
25
25
25
25
25
25
25
25
25
23
26
26
26
26
26
26
26
26
26
27
27
27
27
25
27
8
28
28
28
31
28
28
28
28
31
29
29
31
29
29
29
30
30
58
58
30
31
31
30
30
30
30
29
30
31
31
31
31
31
31
31
31
8
8
33
35
31
34
35
34
34
35
35
35
35
38
35
36
38
38
38
38
38
38
38
38
38
38
39
39
36
38
39
41
39
40
40
40
40
41
41
41
41
41
42
41
41
41
42
42
42
42
42
42
42
42
42
42
42
43
43
43
43
43
43
43
43
43
43
43
43
46
44
44
69
44
44
44
44
47
44
45
46
46
46
43
46
45
46
46
46
47
45
45
47
48
45
49
49
49
49
49
49
49
49
49
73
49
49
49
51
50
50
45
51
51
46
52
52
52
52
52
53
49
49
53
49
53
53
53
54
54
55
54
56
56
56
56
56
56
64
64
56
57
57
57
57
57
59
58
58
58
58
58
58
58
58
59
59
59
60
60
60
60
59
59
61
61
61
61
59
59
58
58
58
58
61
68
68
62
62
62
63
63
62
62
63
63
63
63
64
64
64
64
64
64
64
65
65
64
65
65
65
65
63
65
65
66
66
70
70
66
70
67
61
67
63
63
67
67
61
61
61
61
67
63
67
67
71
71
71
67
67
68
67
68
68
71
71
69
69
69
69
44
69
69
44
69
69
70
70
70
70
70
70
70
70
69
71
71
71
70
71
71
71
71
71
71
71
71
73
71
72
72
72
72
72
72
72
73
73
73
73
72
73
72
73
72
74
74
74
75
75
75
75
75
75
76
76
76
76
76
10
53
72
30
1
3
4
22
22
21
25
25
25
19
19
15
13
5
6
6
22
22
22
7
7
28
31
31
31
46
49
43
45
69
40
37
68
68
67
66
63
56
37
37
37
38
38
36
38
41
38
36
36
23
27
27
27
27
27
25
28
28
31
28
31
8
29
25
51
33
32
35
35
35
59
60
60
60
60
60
59
59
30
58
35
34
31
31
30
29
29
30
69
31
35
26
8
24
44
37
61
58
31
25
29
31
28
29
58
38
5
68
42
76
56
