1
1
1
1
1
1
1
1
1
1
1
2
2
2
2
2
2
2
2
2
2
2
2
2
2
77
77
77
77
1
77
77
77
77
77
77
4
77
77
77
4
4
4
4
4
3
3
3
3
4
4
4
3
77
2
2
2
2
4
16
16
16
5
4
5
5
5
5
5
5
5
5
5
5
5
5
5
4
5
5
5
3
3
3
5
5
5
3
6
6
6
6
6
6
6
5
5
6
7
7
7
6
6
6
7
6
6
7
6
7
6
6
7
6
6
7
7
7
7
7
7
7
7
7
8
7
8
8
8
7
8
8
8
8
8
8
8
8
8
8
8
8
8
9
9
10
10
10
10
10
10
10
10
10
11
11
15
12
12
10
12
13
12
13
13
13
14
14
14
14
14
14
14
14
14
14
16
15
15
15
15
15
15
15
15
15
15
15
15
15
16
16
16
16
16
16
16
16
16
16
16
16
15
16
16
15
15
15
17
17
76
17
17
18
17
17
18
15
19
15
19
15
15
15
19
19
19
19
19
19
19
19
19
20
20
20
20
22
21
21
21
21
21
21
21
21
21
21
22
22
22
22
22
22
22
22
22
22
22
22
22
22
22
22
22
22
22
22
20
22
22
22
20
20
25
25
22
23
23
23
27
24
24
24
24
24
24
24
24
24
24
24
24
24
24
24
24
24
24
24
24
24
23
24
24
24
24
24
24
24
24
25
25
25
19
25
25
25
25
25
25
25
25
25
25
25
25
25
25
25
25
25
25
26
26
26
26
25
26
26
26
26
26
27
27
29
29
29
31
8
28
28
28
33
33
33
33
33
33
31
29
31
29
31
31
30
30
30
30
30
30
30
30
31
30
31
31
31
31
31
31
31
31
31
31
31
8
8
33
33
33
34
35
34
38
33
35
33
35
35
35
38
38
35
38
38
38
38
38
38
38
38
38
38
41
41
41
41
39
41
40
40
42
41
41
41
41
41
42
41
41
41
42
42
42
42
42
42
42
42
42
42
43
43
42
43
43
43
43
43
46
43
46
46
43
43
44
45
44
44
44
49
44
44
44
45
46
46
46
46
46
46
46
46
46
45
45
45
47
48
46
49
45
49
49
49
49
49
50
49
49
49
49
49
52
49
52
51
51
51
51
51
52
52
55
52
54
53
53
53
53
54
54
54
54
54
55
55
56
56
56
56
56
56
56
56
56
57
57
57
57
57
59
31
58
58
58
58
58
58
58
59
59
59
60
31
31
59
61
60
61
61
61
60
60
61
58
63
61
61
61
68
37
62
62
62
65
63
63
58
63
63
63
63
64
64
64
64
64
64
64
65
65
64
65
65
65
66
66
63
66
66
70
70
66
70
70
68
61
67
63
63
63
67
67
68
68
67
67
67
67
71
71
71
71
68
68
69
68
68
68
69
71
69
69
42
69
69
69
71
44
69
69
70
65
65
70
70
70
70
70
71
71
71
71
71
71
71
71
71
71
71
71
71
71
71
72
72
72
72
72
75
72
71
73
73
73
73
73
73
73
72
74
74
74
49
75
75
75
75
75
76
76
76
76
76
76
54
75
31
1
3
4
22
22
21
20
25
25
19
19
15
13
5
6
5
22
22
22
7
7
33
28
33
33
46
71
43
45
42
40
37
37
68
68
70
63
56
61
37
38
38
38
38
40
41
41
38
36
23
23
27
27
27
23
27
28
24
28
28
33
7
31
29
52
33
32
35
33
35
59
60
59
60
34
59
59
59
31
31
33
34
31
31
30
29
29
29
69
33
35
26
8
24
44
42
60
58
31
29
31
31
28
31
31
38
5
61
42
76
64
