1
1
1
1
1
1
1
1
1
1
1
2
2
2
2
2
2
2
2
13
2
2
2
2
2
77
77
77
77
77
2
2
77
77
77
77
77
77
77
77
77
2
2
3
3
3
3
3
3
3
4
3
3
4
4
4
4
4
4
4
4
4
4
5
5
5
5
5
5
5
5
5
5
5
5
5
6
6
5
5
6
6
6
5
5
5
6
6
6
6
6
6
6
6
6
5
6
6
6
6
7
6
6
7
6
7
7
7
7
7
7
7
7
7
7
7
7
7
7
7
7
7
7
7
7
8
8
8
7
8
8
8
8
8
8
8
8
8
8
8
8
8
8
9
9
9
10
10
10
10
10
10
10
12
11
11
15
11
15
12
12
12
15
13
13
13
14
14
14
13
14
20
20
16
14
14
14
15
15
15
15
15
15
15
20
20
15
20
15
15
20
20
16
16
16
16
16
16
16
16
16
16
20
20
16
15
17
17
17
17
17
17
18
18
18
18
18
20
20
20
19
19
19
19
19
19
19
20
20
20
19
19
19
20
20
20
20
20
21
20
21
21
21
21
21
21
5
22
22
22
22
22
22
22
20
22
22
22
22
22
22
22
22
22
22
22
22
22
22
23
23
20
20
20
23
20
20
23
20
20
23
24
24
24
24
24
24
24
24
24
24
24
24
24
24
24
24
24
24
24
24
24
24
24
24
24
24
24
24
24
24
25
25
25
25
25
25
25
25
25
25
25
25
25
25
25
25
25
25
25
25
25
25
23
26
26
25
25
26
26
26
26
26
27
27
27
27
27
27
28
28
28
28
28
28
28
28
28
28
29
29
29
29
29
29
30
30
30
30
30
30
30
30
30
30
30
30
30
31
31
28
28
28
28
28
31
28
28
28
33
33
34
34
34
37
35
35
35
35
35
35
36
36
38
38
38
38
38
38
38
38
38
39
39
39
39
39
39
39
40
40
40
40
41
37
41
41
41
41
41
41
41
41
42
42
42
42
42
42
42
42
42
43
43
43
43
43
43
43
43
43
43
46
43
43
43
44
45
44
44
44
44
44
44
44
46
46
46
46
46
46
46
46
46
52
47
48
45
48
48
48
49
47
49
49
49
49
50
50
49
73
49
49
49
50
50
50
51
51
51
52
52
52
52
52
52
53
53
53
53
53
53
53
53
54
54
55
55
56
56
56
56
56
56
56
64
56
57
57
57
57
57
58
58
58
58
58
58
58
58
58
59
59
59
60
59
59
59
63
63
59
61
61
61
63
63
63
63
61
61
61
61
61
62
62
62
63
63
63
63
63
63
63
63
64
64
64
64
64
64
64
65
65
65
65
65
65
63
63
63
63
66
66
66
63
66
70
67
61
67
63
63
63
67
67
67
67
67
67
67
67
67
67
67
67
68
68
69
68
68
68
68
68
69
69
69
69
69
69
69
69
69
45
70
70
70
70
70
70
70
70
71
71
71
71
71
71
71
71
71
73
71
71
71
73
73
72
72
72
72
72
72
72
73
73
73
73
72
73
73
73
75
74
74
74
73
75
75
75
75
75
76
76
76
76
76
10
53
75
58
1
3
4
22
22
21
20
25
25
19
18
20
13
5
6
6
22
22
22
7
7
28
28
28
28
48
49
43
45
42
40
37
37
37
67
63
63
56
37
37
38
38
38
39
37
41
37
36
36
23
23
27
27
27
27
27
27
28
28
28
28
8
29
29
51
32
28
35
35
35
59
60
60
60
60
60
59
59
29
30
33
34
31
31
29
29
29
30
69
28
35
23
8
24
44
69
59
58
28
29
29
31
28
29
30
38
5
37
42
76
62
