1
2
1
1
1
1
1
1
1
2
1
2
2
2
2
2
2
2
2
13
2
2
2
2
2
77
1
1
1
77
4
4
4
77
77
77
77
77
77
77
4
4
4
4
3
77
77
77
3
3
4
3
3
4
4
2
14
4
4
4
4
4
5
5
5
5
5
5
5
5
5
5
5
5
5
5
3
5
5
5
3
3
6
3
3
3
6
3
6
6
3
6
3
6
6
6
7
6
6
6
6
6
6
7
7
6
6
7
7
7
6
7
6
6
7
7
7
7
7
7
7
7
7
7
7
8
8
8
7
8
8
8
8
7
8
8
8
8
8
8
8
8
8
9
9
10
10
10
10
10
10
10
11
11
11
11
15
11
15
12
12
12
13
13
13
13
14
14
14
14
14
14
16
16
14
16
14
15
15
15
15
15
15
15
15
15
15
16
19
19
16
16
14
16
16
16
16
16
16
16
16
16
16
16
16
15
17
17
17
17
17
17
17
17
19
19
18
19
15
19
19
19
19
19
19
19
19
19
19
19
25
19
19
20
20
20
20
20
21
21
21
21
21
21
21
21
21
22
22
22
22
22
22
22
22
22
22
22
22
22
22
22
22
22
24
22
22
22
22
22
22
22
20
20
20
20
20
23
23
23
26
24
24
24
22
24
24
23
24
24
24
24
24
24
24
24
24
24
24
24
24
24
24
24
24
24
24
24
24
24
24
25
25
25
19
25
25
25
25
25
25
25
25
25
25
25
25
25
25
25
25
25
25
26
26
25
25
25
25
27
27
27
29
27
27
27
27
27
29
8
8
28
31
8
28
28
31
28
28
29
30
31
29
30
30
30
30
30
30
30
30
30
30
30
30
30
30
30
31
31
31
28
28
31
28
31
8
8
33
33
34
34
38
34
38
33
38
33
36
38
38
36
36
38
38
38
38
38
38
37
38
38
40
40
40
40
40
40
39
41
40
40
40
41
40
40
40
41
41
41
42
41
41
42
42
42
42
42
42
42
42
42
42
42
43
43
43
43
43
42
43
43
46
43
43
43
44
45
44
44
44
44
44
44
44
45
43
43
46
46
46
46
46
46
52
47
48
48
46
46
46
49
49
49
49
49
50
49
50
49
75
49
49
49
50
50
50
52
51
51
52
52
52
52
52
52
53
53
75
75
53
54
54
54
54
54
55
55
56
56
56
56
56
56
56
56
64
57
57
57
62
57
58
30
58
58
58
58
58
58
61
59
59
59
60
60
60
60
61
67
60
69
61
67
67
61
61
61
61
67
61
61
69
62
62
62
65
61
63
62
63
63
63
63
64
64
64
64
64
64
64
65
65
65
65
65
65
65
63
65
66
66
66
66
70
70
65
61
61
67
67
67
67
67
67
71
67
66
66
66
67
67
71
71
70
68
68
69
68
68
69
71
71
69
42
42
69
42
69
69
69
69
43
70
70
70
70
70
70
71
70
71
71
71
71
71
71
71
71
71
71
71
71
71
71
71
72
72
72
72
72
72
72
49
71
73
72
73
73
73
73
72
74
74
74
75
75
75
75
75
49
76
76
76
76
76
10
75
75
58
1
3
4
22
22
21
20
20
25
19
19
15
13
5
3
3
22
22
22
7
22
31
8
31
28
52
49
43
45
42
40
69
69
69
71
63
63
56
60
37
38
38
38
38
40
41
40
40
36
23
23
27
28
28
27
27
28
28
31
31
31
7
29
29
51
32
32
35
38
38
60
60
60
60
60
60
58
59
30
30
33
34
31
30
30
30
30
30
69
31
38
25
8
8
44
69
61
58
28
29
30
31
29
30
30
38
5
61
42
76
64
