1
2
1
1
1
1
1
1
1
2
1
2
2
2
2
2
1
2
2
2
2
2
2
2
2
77
77
77
77
77
2
4
4
77
4
77
4
77
77
77
77
4
3
77
3
77
3
3
3
3
3
4
3
4
4
4
4
4
4
4
4
14
4
5
5
5
5
5
5
5
5
5
5
5
5
5
6
6
5
5
6
3
6
6
3
6
6
6
6
6
6
6
6
6
6
5
5
6
7
6
7
6
6
7
6
7
7
7
7
7
7
7
7
7
7
7
7
7
7
7
7
7
7
7
7
8
7
8
8
8
8
8
8
8
8
8
8
8
8
8
8
8
8
9
9
9
10
10
10
10
10
10
11
12
11
11
11
11
15
12
12
13
12
13
13
13
14
14
14
13
14
14
14
14
14
14
14
15
15
11
17
17
17
17
15
15
19
15
15
15
16
16
14
14
16
16
16
5
16
16
16
16
16
16
16
17
17
17
17
17
17
17
17
17
17
17
18
20
19
19
19
19
19
19
19
19
19
20
19
19
19
19
19
20
20
20
20
20
21
21
21
21
21
21
21
21
21
22
22
22
22
22
22
22
22
22
22
22
22
22
22
22
22
22
22
22
22
22
22
23
23
23
23
23
25
25
23
23
23
25
23
24
24
24
24
24
24
24
24
24
24
24
24
24
24
24
24
24
24
24
24
24
24
24
24
24
24
24
24
24
24
25
25
25
25
25
25
25
25
25
25
25
25
25
25
25
25
25
25
25
25
25
25
27
27
26
26
25
26
27
26
26
26
27
29
29
27
27
29
8
28
27
28
8
28
28
31
31
28
29
25
31
29
30
29
30
30
30
30
30
30
30
30
30
30
30
30
30
31
31
28
31
31
31
31
31
8
8
33
33
33
34
34
34
34
35
35
35
36
38
35
38
38
38
35
38
38
38
38
38
38
39
39
38
39
39
39
39
39
40
40
40
40
41
39
40
42
41
41
41
41
42
42
42
42
42
42
42
42
42
42
42
42
42
43
43
43
43
43
43
43
43
46
43
43
46
44
44
44
44
44
44
44
44
44
45
46
46
46
43
46
46
46
46
46
47
45
48
48
45
51
49
49
49
49
49
50
50
49
49
73
75
49
49
50
50
50
51
51
51
52
52
52
52
55
52
53
53
75
53
53
54
53
54
54
54
55
55
58
56
56
56
56
56
56
56
56
57
57
57
57
57
58
30
58
58
58
58
58
58
58
59
59
59
60
59
59
60
61
67
61
61
61
61
67
61
63
63
61
67
61
61
40
62
62
62
62
63
63
58
58
63
63
63
64
64
64
64
64
64
64
65
62
62
65
65
65
66
63
65
66
66
70
66
65
70
65
67
61
67
61
63
63
67
67
67
71
67
67
63
67
71
71
71
71
61
68
40
68
68
69
71
68
69
69
42
69
69
69
44
44
69
44
70
70
70
70
70
70
72
72
71
71
71
71
71
71
71
71
71
71
71
71
71
71
71
72
72
72
72
72
72
72
71
73
73
73
73
49
73
73
72
74
74
74
75
75
75
75
75
75
76
76
76
76
76
10
53
75
58
1
3
4
22
22
21
23
25
25
19
19
15
13
6
6
3
22
22
22
7
7
31
31
31
31
46
49
43
45
69
40
40
40
68
71
66
63
56
34
37
38
38
38
38
38
42
39
38
38
23
27
27
29
29
27
27
27
28
28
31
28
8
29
29
51
31
32
35
35
38
60
60
60
60
60
60
59
59
29
30
35
34
31
31
29
25
29
29
69
31
35
23
8
24
44
42
61
58
28
25
29
31
28
29
30
39
5
61
42
76
56
