1
2
1
1
1
1
1
1
1
2
1
2
2
2
2
2
2
13
2
2
13
2
2
4
4
77
77
77
77
1
1
1
77
77
77
77
77
4
4
77
4
4
4
77
77
3
3
3
3
3
4
3
3
4
14
4
14
4
4
4
4
4
4
5
5
5
5
5
5
5
5
5
5
5
5
5
77
3
3
3
77
6
6
3
3
77
3
3
6
6
6
6
6
6
6
7
7
6
6
7
7
6
6
6
7
6
7
7
6
7
7
7
7
7
7
7
22
7
7
7
7
7
7
7
7
7
8
8
8
8
8
8
8
8
8
8
8
8
8
8
8
8
8
9
9
10
10
10
10
10
10
10
10
10
15
10
15
11
15
12
12
12
14
13
13
13
14
14
14
13
14
14
14
16
14
14
14
15
15
15
15
15
15
15
15
15
15
15
15
15
16
16
16
16
16
16
16
16
16
16
16
16
16
16
16
15
17
17
17
17
17
17
17
17
17
19
18
19
19
19
19
19
19
19
19
19
19
19
19
19
19
19
19
20
20
20
20
20
21
20
21
21
21
21
21
22
21
22
22
22
22
22
22
22
22
22
22
22
22
22
22
22
22
22
22
22
22
22
22
23
23
20
20
20
20
20
20
23
23
23
29
24
24
24
24
24
24
24
24
24
24
24
24
24
24
24
24
24
24
24
24
24
24
24
24
24
24
24
24
24
24
25
25
25
25
25
25
25
25
25
25
25
25
25
25
25
25
25
25
25
25
25
25
29
26
26
25
26
26
26
29
29
29
29
27
27
29
27
27
28
28
28
31
28
28
31
31
31
28
29
29
29
29
29
29
30
30
30
30
30
30
30
30
30
30
29
29
29
31
31
31
31
31
31
31
31
8
32
32
33
33
60
34
34
34
33
35
33
38
35
35
38
38
38
38
38
35
38
38
38
38
38
38
38
38
38
39
39
39
40
40
40
40
41
39
41
41
41
41
41
41
41
41
42
41
42
42
42
42
42
42
42
42
42
43
42
43
43
43
43
43
43
43
46
43
43
44
44
44
44
44
49
44
44
44
48
46
46
46
46
46
48
46
46
46
45
48
45
47
46
46
49
49
49
49
49
49
49
49
49
49
49
49
50
50
50
50
51
51
51
46
52
52
46
52
52
53
49
75
75
49
53
53
53
54
53
55
55
56
56
56
56
56
56
56
64
56
57
56
57
57
62
58
58
58
58
58
58
58
58
58
58
59
59
60
31
60
60
58
61
37
61
61
61
61
61
61
63
63
63
61
67
61
62
62
62
65
63
63
62
63
63
63
66
64
64
64
64
64
64
64
65
65
65
65
66
65
66
63
66
65
66
67
66
66
66
66
67
67
67
66
66
67
67
71
67
71
71
67
67
71
71
71
71
71
67
67
68
67
71
71
71
71
69
69
69
69
69
69
71
69
69
43
66
66
70
70
70
70
66
71
71
71
71
71
71
71
71
71
71
71
71
71
71
71
71
72
72
72
72
72
72
72
71
73
73
73
73
73
73
73
74
74
74
75
75
75
72
75
75
75
76
76
76
76
76
10
53
75
58
1
77
4
22
22
21
20
25
26
19
25
15
13
3
3
3
22
22
22
22
22
31
28
28
28
46
49
43
45
42
40
68
68
67
67
66
63
56
38
37
38
35
35
38
40
41
41
38
36
23
23
28
27
27
28
27
27
28
31
31
31
8
31
29
51
33
8
35
35
35
60
60
60
60
60
60
59
59
30
31
33
34
31
31
29
29
29
29
69
8
35
23
8
24
44
40
61
58
31
29
29
31
31
29
31
38
5
37
42
76
64
