1
2
1
1
1
1
1
1
1
2
2
2
2
2
2
2
4
2
2
14
14
4
2
2
4
77
77
77
1
1
77
77
1
77
1
77
1
77
77
77
77
77
77
3
3
77
3
77
3
4
4
4
3
4
4
4
4
4
4
14
14
16
16
5
16
16
5
5
5
5
5
5
5
5
5
22
6
5
5
5
6
3
3
3
6
5
5
6
6
7
6
6
5
5
5
6
6
6
6
6
6
6
7
6
6
7
6
7
6
6
6
7
7
22
6
6
7
7
7
7
7
7
7
7
8
8
8
8
7
8
8
8
8
8
8
8
8
8
8
8
8
8
8
9
9
10
11
11
11
10
10
11
10
11
11
15
11
12
15
12
12
12
12
12
13
14
14
14
12
14
12
14
14
14
14
16
14
15
15
15
15
15
15
15
15
20
15
20
15
15
12
16
16
16
16
21
16
16
16
21
16
16
20
20
16
17
18
17
17
17
76
17
18
18
18
18
18
19
19
15
19
15
19
19
15
19
19
19
25
19
25
19
25
20
20
20
25
20
16
16
21
21
21
22
21
16
16
16
21
22
22
22
22
21
20
22
22
22
21
21
22
22
24
24
22
22
22
23
20
24
22
23
20
23
23
20
23
22
23
20
23
24
24
24
22
24
24
22
24
24
24
24
24
24
24
24
24
24
24
24
24
24
24
23
28
28
28
24
24
24
28
25
25
25
25
25
25
25
25
25
25
25
25
25
25
25
25
25
25
25
25
25
25
27
26
23
26
26
26
26
27
27
26
27
27
27
27
29
27
28
24
28
28
28
28
28
28
28
28
29
29
29
30
30
30
30
30
30
30
30
30
30
30
30
30
30
30
30
31
28
28
28
28
28
28
28
8
8
8
33
34
34
35
37
35
35
35
35
35
35
35
38
38
38
35
37
39
38
38
38
38
38
39
39
39
39
41
41
39
40
40
40
40
41
41
41
41
41
41
41
41
42
41
42
42
42
42
42
42
42
42
42
42
43
43
43
43
43
43
43
46
46
46
43
43
43
44
44
44
44
44
49
44
44
47
48
43
46
46
46
46
46
46
46
46
47
48
47
48
48
48
49
47
49
49
49
51
49
50
49
73
75
49
50
51
50
50
46
48
51
46
51
52
52
52
52
53
49
53
53
49
53
53
53
54
54
55
55
30
56
56
56
56
56
64
64
56
58
57
57
62
62
30
58
58
58
58
58
30
58
58
59
59
59
60
60
60
60
59
61
61
68
61
59
59
59
63
63
63
61
61
61
61
62
62
62
62
63
58
62
58
63
63
63
65
64
64
64
64
65
65
65
62
65
65
65
70
63
63
63
63
66
66
66
66
66
70
61
61
61
61
67
61
67
67
67
67
67
67
67
66
66
67
67
71
67
67
42
68
68
69
68
68
69
69
42
69
69
69
69
44
69
44
70
70
70
70
70
70
70
70
71
67
71
71
70
70
71
71
71
71
71
71
71
71
71
72
72
72
72
72
72
72
73
72
73
71
72
73
73
73
72
74
74
74
75
75
75
75
75
75
76
76
76
76
76
10
53
75
30
2
3
4
22
24
21
23
25
25
19
18
16
14
5
6
6
24
22
22
22
24
28
28
28
28
46
73
43
45
69
40
68
68
68
67
67
63
56
37
37
37
38
38
38
41
41
39
39
36
23
23
27
27
27
27
29
28
28
28
28
28
8
29
29
51
32
32
35
35
35
60
59
59
37
34
60
58
59
29
30
33
34
31
31
30
29
30
30
69
31
35
23
8
24
44
42
61
58
31
27
29
31
28
30
30
39
5
68
42
76
64
