1
1
1
1
1
1
1
1
1
1
1
2
2
2
2
2
2
2
2
13
2
2
2
2
2
77
77
77
77
77
4
4
77
77
77
77
77
77
77
77
77
4
4
3
3
3
3
3
3
4
4
4
3
4
2
2
13
4
4
2
2
4
4
5
5
4
5
5
5
5
5
5
5
5
5
5
5
4
5
5
3
6
6
6
3
6
6
6
6
6
6
6
7
6
6
6
5
6
7
7
6
6
6
7
6
6
7
7
7
7
7
7
7
7
7
7
7
8
7
7
7
7
7
7
7
8
8
8
8
8
8
8
8
8
8
8
8
8
8
8
8
8
8
9
9
9
10
10
10
10
10
10
15
11
15
15
15
11
15
12
12
13
12
13
13
13
14
14
14
14
14
16
14
14
14
16
4
15
15
15
15
15
15
15
15
15
15
15
15
15
14
16
16
16
16
16
16
16
16
16
16
20
20
20
20
15
15
15
17
17
76
17
17
18
17
17
18
19
19
19
19
19
19
20
20
19
20
20
20
19
19
19
19
20
20
20
20
20
21
20
21
20
21
21
21
21
21
22
22
22
22
22
22
20
20
20
22
22
22
22
22
22
22
22
22
22
22
22
20
23
23
23
23
23
23
28
28
23
23
23
23
24
24
24
24
24
24
24
24
24
24
24
24
24
24
24
24
24
24
24
24
24
24
24
24
24
24
24
24
24
24
25
25
25
25
25
25
25
25
25
25
25
25
25
25
25
25
25
25
25
25
25
25
27
26
25
25
25
25
26
26
27
25
27
27
27
27
27
27
28
28
28
28
28
28
28
28
28
28
29
29
29
29
30
57
57
30
30
30
30
30
29
30
57
30
57
57
57
31
31
31
31
28
28
31
28
32
8
8
33
28
38
35
38
38
35
35
35
38
38
35
36
36
38
38
38
38
38
38
38
38
38
39
39
38
39
39
39
39
40
40
40
40
41
39
40
41
41
41
41
42
41
41
42
42
42
42
40
42
42
42
42
42
42
42
43
43
43
43
43
43
43
45
46
43
43
44
47
44
44
44
47
47
47
47
45
52
52
48
46
46
45
48
48
48
47
45
48
48
48
48
47
47
49
49
49
50
50
50
49
49
49
49
49
50
50
50
51
51
51
52
52
52
52
52
52
53
53
75
75
53
54
53
54
54
54
55
55
57
56
56
57
56
56
56
64
62
57
57
57
57
57
30
30
58
58
58
58
58
58
58
59
59
58
60
60
59
60
58
58
61
61
61
58
58
61
63
61
61
61
61
61
61
62
62
62
62
63
63
63
63
63
63
65
64
64
64
64
64
64
64
65
62
65
65
65
70
66
66
65
65
66
66
66
65
66
65
67
67
67
63
63
63
67
67
71
67
67
67
67
66
67
71
71
66
68
68
37
68
68
37
44
71
69
69
42
69
69
69
44
44
69
44
70
70
70
70
70
70
70
70
71
71
71
71
71
71
71
71
71
71
71
71
47
47
47
70
72
72
72
72
72
72
73
73
73
73
72
73
73
73
72
74
74
74
72
75
75
75
75
75
76
76
76
76
76
10
53
75
57
2
3
4
22
22
21
20
25
25
18
25
15
13
6
6
3
22
22
22
7
8
28
28
28
28
48
47
43
45
69
40
37
37
68
71
66
63
56
37
37
38
38
38
38
38
41
38
36
36
28
28
27
27
27
28
27
27
28
28
28
28
8
28
29
51
32
32
35
35
38
59
59
60
60
60
60
58
59
29
30
35
34
31
31
30
29
30
30
69
28
35
23
8
24
44
69
61
58
28
25
29
31
28
57
30
38
5
61
42
76
62
