1
2
1
1
1
1
1
1
1
1
1
2
2
2
2
1
2
2
2
2
13
2
2
2
2
77
77
1
1
77
2
2
4
77
77
77
77
77
3
77
4
2
4
4
3
77
77
77
77
3
3
3
3
2
4
4
4
4
4
14
4
14
14
5
5
5
5
5
5
5
5
5
5
5
5
5
3
5
5
6
3
3
6
6
3
3
6
6
6
6
6
6
6
6
7
6
6
7
7
7
6
6
6
6
7
7
7
7
7
7
7
6
7
7
7
7
7
6
7
7
7
7
8
8
7
8
8
8
8
8
8
8
8
8
8
8
8
8
8
8
8
8
8
9
9
10
10
11
10
10
10
10
10
11
10
11
11
11
12
11
12
12
12
13
14
13
14
14
14
13
14
14
14
14
14
16
14
15
15
15
15
11
17
15
19
15
15
15
19
19
16
14
14
16
16
5
16
5
5
5
16
16
16
15
15
17
15
17
17
17
76
18
18
18
17
19
18
19
19
19
19
19
19
19
19
19
19
19
20
19
25
19
19
19
20
20
20
20
21
21
21
22
21
21
21
21
22
22
22
21
20
22
20
22
20
20
22
22
22
22
22
22
22
24
24
22
23
22
20
22
23
22
23
23
25
23
22
23
23
23
23
24
24
24
24
24
24
24
24
24
24
24
24
24
24
24
24
24
24
24
24
24
27
24
24
24
28
24
24
24
28
25
25
25
25
25
25
25
25
25
25
25
25
25
25
26
25
25
25
25
25
25
26
23
26
26
25
26
26
27
27
26
26
27
27
27
27
25
28
28
28
28
28
28
28
28
28
28
28
25
25
29
29
29
30
30
30
29
30
30
29
29
30
30
58
30
30
30
31
28
31
31
28
28
28
28
8
32
32
33
34
34
35
34
34
35
35
35
38
38
35
38
36
38
38
38
38
38
38
38
38
38
39
39
36
36
39
39
39
41
40
41
40
41
39
38
41
41
41
41
41
41
41
42
42
42
42
42
40
42
42
42
43
42
43
45
45
43
43
43
43
43
46
46
43
43
45
50
44
44
44
49
44
50
44
45
46
46
48
46
46
46
48
48
46
50
45
48
48
48
48
49
47
47
49
49
49
49
50
49
49
49
49
49
50
50
51
46
51
51
46
52
52
52
52
52
53
49
49
53
53
53
53
53
54
51
55
55
58
56
56
56
56
56
56
64
62
57
58
57
57
56
58
30
58
58
30
58
58
58
58
59
60
60
31
31
60
31
61
67
38
68
61
61
67
61
61
61
61
67
61
68
61
58
62
62
62
63
63
63
66
66
66
63
64
64
64
64
64
64
64
62
65
65
65
70
65
63
66
63
65
65
66
65
66
70
66
61
61
67
61
63
63
67
67
71
71
67
63
66
67
67
71
71
70
68
68
68
71
68
68
71
68
69
69
42
42
69
71
71
69
69
69
70
70
70
70
70
72
72
72
73
71
70
70
71
70
71
73
73
73
71
71
71
73
73
72
72
72
72
72
75
72
73
73
73
73
73
49
73
73
72
72
72
72
75
75
75
75
75
75
76
76
76
76
76
76
53
74
58
2
3
4
22
22
21
23
25
25
19
19
16
13
6
6
3
22
7
22
7
7
28
28
28
28
48
49
45
45
42
40
40
68
68
71
66
63
56
38
37
38
36
38
36
38
41
39
36
36
23
27
23
27
27
27
27
28
28
28
28
28
8
29
29
51
32
8
35
35
38
60
31
60
60
34
31
59
59
29
30
33
34
28
28
29
29
30
30
69
8
35
26
8
7
44
69
61
58
28
25
29
31
28
30
30
36
5
61
42
76
62
