1
2
1
1
1
1
1
1
1
1
1
2
2
2
2
2
2
2
2
2
2
2
2
2
2
77
77
77
1
77
4
4
4
77
4
77
77
77
77
77
4
3
3
3
77
77
3
3
3
3
3
4
3
4
4
4
4
4
4
4
4
4
5
5
5
5
5
5
5
5
5
5
5
5
5
5
5
5
5
5
5
3
6
3
6
5
6
6
6
6
6
6
6
6
6
6
5
6
7
7
6
6
6
6
7
6
7
7
7
7
7
7
7
7
7
5
7
7
7
7
7
7
8
8
7
8
7
8
7
8
8
8
8
8
8
8
8
8
8
8
8
8
8
9
9
9
12
10
10
10
10
15
10
12
12
15
11
16
16
12
12
12
12
13
13
2
14
14
14
14
14
14
14
14
14
14
16
16
15
15
15
15
15
15
15
15
15
15
15
15
16
16
16
16
14
16
16
16
16
16
21
16
16
21
16
15
15
15
15
17
76
17
17
17
15
18
15
20
20
19
18
19
19
19
19
19
19
20
19
19
19
19
19
20
20
20
20
20
16
21
21
21
21
22
21
21
16
22
22
21
22
22
22
20
20
20
23
22
22
22
22
22
22
22
22
22
23
23
23
23
23
23
23
23
25
23
23
23
23
23
23
22
24
24
24
24
24
24
24
24
24
24
24
24
24
24
24
24
24
24
24
24
24
24
24
24
24
24
24
24
24
25
25
25
25
25
25
25
25
25
25
25
25
25
25
25
25
25
25
25
25
25
25
27
26
23
25
25
26
26
27
27
26
27
28
27
27
25
27
28
28
28
28
28
28
28
28
28
28
29
25
31
29
29
29
29
30
30
30
30
30
30
30
30
30
30
30
30
28
31
28
28
28
28
31
28
8
8
8
33
34
34
35
34
34
35
35
35
35
38
35
36
36
35
35
38
38
38
39
38
38
38
39
39
39
39
39
41
39
38
40
40
40
41
41
38
41
41
42
41
42
42
41
42
42
42
42
42
42
42
42
42
43
43
43
43
43
43
43
43
46
43
46
43
43
46
44
45
44
44
69
49
49
47
47
46
46
48
48
46
46
46
48
46
52
47
47
47
47
48
48
49
47
49
49
49
50
50
50
49
75
49
49
49
50
50
50
51
48
51
52
52
52
52
52
52
53
53
75
53
53
53
53
54
54
54
55
51
56
56
56
57
56
56
64
64
56
30
57
57
57
56
58
30
30
58
58
58
58
58
59
59
59
59
60
31
60
31
59
61
37
67
67
67
61
61
58
61
61
61
61
67
61
62
56
62
62
63
58
63
63
58
63
63
65
64
64
64
64
64
70
62
65
65
65
65
70
66
63
66
62
62
66
62
66
70
65
67
67
67
61
66
61
67
67
67
71
67
67
66
70
71
71
71
70
67
71
68
71
71
68
69
71
69
42
42
69
69
69
71
69
44
69
70
70
70
70
70
70
70
72
71
71
71
71
71
71
71
71
69
69
71
71
71
71
71
72
72
72
72
72
75
72
73
73
73
73
72
73
73
73
72
74
74
74
75
75
75
75
75
75
76
76
76
76
76
10
53
75
30
1
3
4
22
22
21
23
25
25
18
18
16
14
5
6
3
22
22
22
7
22
28
28
28
28
46
73
43
45
42
40
68
67
68
67
66
63
56
37
37
38
39
38
39
38
41
39
36
35
24
23
27
27
28
27
27
28
28
28
28
28
8
25
29
51
28
32
35
35
38
60
31
60
60
60
34
59
59
31
30
35
34
31
31
30
29
31
31
69
28
35
23
8
24
69
69
61
58
28
25
29
31
28
30
58
38
16
61
69
76
62
