1
1
1
1
1
1
1
1
1
2
1
2
2
2
2
2
1
2
2
4
13
2
2
2
1
77
77
77
1
1
1
77
77
77
77
77
77
77
77
77
77
3
3
3
3
77
3
3
3
4
4
4
3
4
4
2
4
4
4
4
14
14
5
4
5
5
5
4
5
5
5
5
5
5
5
5
5
5
5
5
5
3
3
6
6
5
6
6
6
6
6
6
6
6
6
6
5
5
7
6
6
6
6
7
6
6
6
7
7
6
6
7
7
7
7
5
7
7
7
7
7
7
7
7
7
7
8
8
8
8
8
8
8
8
8
8
8
8
8
8
8
8
8
9
9
10
10
10
10
10
10
10
10
10
10
11
11
11
15
10
12
13
12
13
14
4
14
16
16
14
14
16
16
16
14
14
14
14
14
15
15
15
15
15
15
15
15
15
15
15
14
15
15
16
16
16
16
16
16
16
16
16
15
21
21
15
17
17
17
17
76
17
18
18
18
17
18
15
19
15
19
15
19
19
15
19
19
15
20
19
19
19
19
15
20
20
20
20
21
20
21
20
21
21
21
21
22
22
21
22
22
20
22
20
20
20
22
20
22
22
22
22
22
23
22
22
22
22
20
23
23
23
23
23
25
23
23
23
23
23
23
24
22
24
23
24
23
24
24
24
24
24
24
24
24
24
24
24
24
24
24
24
23
24
24
24
24
24
24
24
24
25
25
25
25
25
25
25
25
25
25
25
25
25
25
25
25
25
25
25
25
25
25
27
23
26
26
26
26
26
27
27
27
27
27
27
27
27
27
28
24
28
28
28
29
28
28
28
28
30
30
29
30
29
30
29
30
30
30
30
30
30
29
29
30
30
30
29
31
31
28
28
28
28
28
28
8
32
32
35
33
34
35
34
34
35
35
35
38
35
34
38
38
38
38
38
40
38
38
38
40
40
39
39
36
39
39
39
39
41
41
40
40
41
39
41
41
41
41
42
42
41
42
42
42
42
42
42
42
42
42
42
42
43
43
42
43
43
43
43
43
43
45
43
43
43
48
69
48
69
69
44
69
44
44
45
43
43
46
45
45
45
45
46
46
47
48
48
47
48
48
47
47
50
49
73
49
49
49
49
49
75
49
50
50
50
50
51
51
51
46
52
52
52
52
52
53
75
53
53
53
53
53
53
54
54
55
55
30
30
56
30
56
56
56
62
62
57
30
57
57
62
30
30
30
58
58
62
58
58
58
31
31
58
60
60
31
60
58
59
61
61
59
61
61
61
63
67
67
67
61
61
61
62
56
62
62
63
62
63
63
63
63
63
64
62
62
64
64
64
64
62
65
65
65
65
70
63
63
62
70
66
70
70
70
70
65
67
67
67
67
66
66
66
67
67
67
67
67
70
70
70
67
70
70
61
67
68
67
67
68
71
71
69
69
42
69
69
69
44
69
69
69
70
70
70
70
70
70
70
72
71
71
70
70
71
71
71
71
49
71
71
71
71
71
71
72
72
72
72
72
75
72
73
73
73
73
72
73
73
73
72
74
72
72
73
75
75
75
75
75
76
76
76
76
76
76
53
75
30
1
3
4
22
22
21
20
25
25
19
25
15
14
5
6
6
22
22
23
7
7
28
28
28
28
46
49
43
48
69
40
61
61
68
67
66
63
56
37
37
38
38
38
39
40
41
39
36
36
23
24
27
27
27
27
29
27
24
28
28
28
7
29
29
51
33
32
35
35
38
60
60
59
37
60
60
58
31
30
30
35
33
31
31
30
30
30
30
69
28
35
23
7
24
44
69
59
62
28
29
30
31
29
30
30
39
21
61
42
76
62
