1
2
1
1
1
1
1
1
1
2
1
2
2
2
2
2
2
13
2
13
13
2
2
2
2
77
77
77
77
4
4
4
77
77
77
77
77
77
77
77
77
77
4
3
3
3
3
3
3
5
4
5
3
4
4
4
13
4
4
4
14
4
4
5
5
16
5
5
5
5
5
5
5
5
5
22
5
5
5
6
3
3
6
3
3
6
6
6
6
6
6
6
7
6
6
6
5
5
7
7
6
6
6
7
6
7
6
7
7
7
7
7
7
7
7
5
24
7
7
7
7
7
7
7
7
8
8
8
8
8
8
8
8
8
8
8
8
8
8
8
8
28
8
9
9
9
10
10
10
10
10
10
15
11
10
15
10
12
15
12
12
12
12
13
13
13
14
14
14
14
14
14
14
16
14
14
14
15
15
15
15
15
15
15
15
15
15
15
15
15
16
16
14
16
14
16
16
16
16
16
16
16
16
20
16
17
15
17
17
17
17
17
17
17
17
15
18
20
20
19
19
19
19
20
20
19
20
25
25
19
19
19
19
20
20
20
20
20
21
20
21
21
21
21
21
21
21
22
22
21
22
22
22
22
20
20
20
22
22
22
22
22
22
24
22
24
22
22
20
22
23
20
20
20
23
20
20
23
20
20
23
24
24
24
24
24
24
24
24
24
24
24
24
24
24
24
24
24
24
28
24
24
28
28
28
28
24
24
24
24
24
25
25
25
19
25
25
25
25
25
25
25
25
25
25
25
25
25
25
25
25
25
25
27
26
26
26
25
26
25
25
29
25
27
27
27
27
27
27
28
28
28
28
28
28
28
28
28
28
29
29
29
29
30
29
30
30
30
30
30
30
58
30
58
58
30
30
30
31
31
31
31
28
31
28
31
8
8
32
33
35
34
35
34
35
35
35
35
35
38
35
36
38
38
38
38
39
39
38
38
38
38
39
39
39
39
39
41
39
41
40
40
40
41
41
41
41
41
41
41
41
41
41
42
42
42
42
42
42
42
42
42
43
42
42
43
43
43
43
43
43
43
46
46
43
46
44
47
44
44
44
44
47
47
47
48
52
48
46
46
46
48
48
48
48
47
48
48
48
48
48
47
49
49
49
49
50
50
50
49
73
49
49
49
50
50
50
51
51
51
52
51
52
52
52
52
53
53
53
53
54
54
53
54
54
54
55
55
56
56
56
56
56
56
56
56
65
57
57
57
57
62
58
58
58
58
58
58
58
58
58
59
59
59
60
59
59
60
59
61
37
61
61
61
61
61
61
63
61
61
61
68
61
62
62
62
65
63
63
62
63
63
63
63
65
64
64
64
64
64
65
65
65
65
65
65
65
63
63
65
66
66
66
65
65
66
70
67
61
67
63
63
67
67
67
67
67
66
67
67
66
67
71
71
66
68
68
68
68
68
68
71
68
69
42
42
69
69
69
44
69
69
69
70
70
70
70
70
70
70
70
71
71
71
71
70
70
71
71
71
71
71
71
71
73
73
72
72
72
72
72
75
72
73
73
73
73
72
73
73
73
72
74
74
74
72
75
75
75
75
75
76
76
76
76
76
10
53
75
58
1
3
4
22
24
21
20
25
25
19
18
15
13
5
6
3
22
22
22
22
24
28
28
28
28
48
49
43
45
42
40
37
68
37
67
66
63
56
37
37
38
38
38
39
40
41
41
36
36
23
28
28
27
27
28
27
27
28
28
28
28
8
29
29
51
32
32
35
35
35
59
59
60
60
60
60
59
59
58
58
35
34
31
31
29
29
29
29
69
28
35
23
8
24
44
69
61
58
28
29
29
31
29
29
58
38
5
37
42
76
65
