1
1
1
1
1
1
1
77
1
2
2
2
2
2
2
2
2
2
2
4
2
4
2
2
2
77
1
1
1
77
2
77
77
77
77
77
77
77
3
77
4
4
3
3
3
77
77
3
3
4
4
4
3
4
4
4
14
4
4
5
4
5
5
5
5
16
5
5
5
5
5
5
5
5
5
5
4
6
6
6
3
3
6
3
3
6
6
6
6
6
6
6
6
6
6
6
22
6
6
7
6
6
7
6
7
7
6
7
6
6
7
7
7
7
7
22
7
7
7
7
7
7
7
7
7
7
8
8
8
8
8
8
8
8
8
8
8
8
8
8
8
8
8
9
9
9
10
11
10
10
10
10
10
11
11
11
15
11
11
12
12
12
12
13
13
14
14
14
14
14
14
14
16
16
14
14
16
15
15
15
15
15
15
15
15
16
15
15
15
15
16
16
16
16
16
16
16
16
16
16
16
16
16
16
16
15
17
17
17
17
76
17
17
17
18
17
18
19
19
15
19
15
19
19
19
19
19
19
25
19
19
19
19
21
20
20
20
20
21
21
21
21
21
21
21
21
21
22
22
22
22
22
22
21
22
22
22
22
22
22
22
22
22
22
22
22
22
22
22
24
22
22
20
25
20
20
22
23
20
20
23
8
24
24
24
24
24
24
24
24
24
24
24
24
24
24
24
24
24
24
24
24
24
24
24
24
24
24
24
24
24
25
25
25
25
25
25
25
25
25
25
25
25
25
25
25
25
25
25
25
25
25
25
23
23
26
26
25
26
26
26
27
25
27
23
27
27
27
27
8
28
28
28
8
31
31
28
28
31
25
29
29
29
29
29
30
30
30
56
30
31
30
30
30
56
30
29
30
31
31
31
31
31
31
31
31
8
8
32
33
33
34
34
34
34
35
34
38
36
38
38
36
36
38
38
38
38
38
38
38
38
38
39
39
36
36
39
39
39
42
40
40
40
41
39
42
41
41
41
41
42
41
42
42
42
42
42
42
42
42
69
42
43
43
69
43
43
43
43
43
43
43
43
43
43
43
44
44
69
44
69
44
44
44
47
45
46
46
46
46
46
46
46
46
51
47
47
47
48
47
51
49
49
50
49
73
49
49
49
49
49
49
49
49
50
50
50
51
51
51
46
50
52
52
52
52
53
49
53
53
49
53
53
53
54
50
55
55
56
56
56
56
56
56
56
56
56
57
57
57
58
57
58
58
58
58
58
58
58
58
58
59
61
59
34
60
60
60
61
61
37
61
61
61
61
61
63
63
61
67
61
68
61
63
62
62
65
63
58
63
58
63
63
63
64
64
64
64
64
64
64
65
65
64
65
65
65
66
63
63
63
66
66
66
65
70
70
68
61
67
61
63
61
67
61
68
61
67
61
67
67
68
67
67
67
68
69
69
68
68
69
71
68
69
69
69
69
69
69
69
69
69
69
70
70
70
70
70
70
70
71
71
71
71
71
70
71
71
71
71
71
71
71
73
71
71
72
72
72
72
72
75
72
73
73
73
73
72
73
73
73
72
74
74
74
73
75
75
75
75
75
76
76
76
76
76
10
53
72
56
1
3
4
22
22
21
20
25
25
25
18
16
14
5
3
3
22
22
22
7
8
31
8
28
28
51
49
43
69
42
40
68
68
69
68
66
63
56
37
37
37
38
38
38
40
41
39
36
36
23
27
23
23
27
27
27
27
24
28
28
31
8
29
29
50
32
8
35
38
38
60
60
60
60
34
60
59
59
31
56
34
34
31
31
30
29
30
30
69
8
35
20
8
8
44
69
59
58
31
25
29
31
31
29
30
38
5
61
69
76
64
