1
1
1
1
1
1
1
1
1
2
2
2
2
13
2
2
2
2
2
14
13
2
2
4
2
77
77
77
1
1
2
2
77
77
77
77
77
77
77
77
4
4
4
4
77
3
3
3
77
4
4
5
3
4
14
4
14
4
14
14
14
14
5
5
5
16
5
5
5
5
5
5
5
5
5
22
5
5
5
3
3
3
6
3
6
3
6
6
6
6
6
6
5
5
5
5
7
7
7
7
6
6
6
6
7
6
6
7
7
7
7
6
7
7
5
5
7
7
7
7
7
7
7
7
7
8
8
8
8
8
8
8
8
8
8
8
8
8
8
8
8
8
8
9
9
10
11
10
10
10
10
10
11
11
11
11
11
14
11
11
12
12
14
13
14
13
14
14
16
14
14
16
16
16
16
16
14
11
15
11
15
15
15
19
15
11
15
15
15
19
14
16
20
16
16
16
14
16
16
16
20
20
16
16
20
15
15
15
17
17
76
17
17
17
17
17
18
20
19
15
17
19
19
19
15
19
19
19
19
19
25
19
25
20
20
20
19
20
21
20
21
20
21
20
20
21
21
21
21
21
21
21
20
20
22
22
22
22
21
21
22
22
22
22
22
22
22
23
20
24
23
23
20
20
25
20
23
24
23
23
27
22
24
24
24
24
24
24
24
24
24
24
24
24
24
24
24
24
24
24
24
24
23
28
24
28
24
24
24
24
24
25
25
25
25
25
25
25
23
25
25
25
25
25
25
25
25
25
25
25
25
25
25
27
26
26
23
25
26
27
27
29
26
29
27
29
27
27
29
8
24
28
28
31
28
31
28
31
31
29
29
30
29
30
30
30
30
30
31
31
31
31
30
30
30
30
30
30
59
59
31
31
31
59
59
31
8
8
33
33
33
34
35
34
38
33
35
35
36
36
38
35
36
36
38
38
38
40
38
38
40
38
39
39
36
36
39
39
39
40
40
40
40
41
39
40
41
41
41
41
41
41
41
69
42
42
42
42
42
42
42
42
43
43
69
43
43
43
43
43
46
46
46
46
43
43
44
47
44
44
44
47
47
47
47
48
43
46
48
46
46
46
48
43
43
47
48
47
47
47
48
47
47
47
49
73
49
49
49
73
75
53
49
49
50
50
50
51
51
51
43
51
52
52
52
52
49
53
53
53
53
53
53
53
54
50
55
50
56
56
56
56
56
64
64
64
56
58
57
57
57
58
58
30
30
58
58
58
58
58
61
59
61
59
34
34
59
59
61
59
60
68
61
61
61
61
61
67
61
61
61
61
61
58
62
62
63
63
58
63
63
63
63
63
56
64
64
64
64
64
64
65
64
64
65
65
70
63
65
65
66
66
66
65
65
66
70
61
67
67
61
67
61
67
67
67
67
67
67
67
66
67
71
71
71
68
67
69
68
68
68
68
71
69
69
42
42
69
69
71
69
69
69
70
70
70
70
70
70
72
72
68
71
71
71
71
71
71
71
71
71
71
71
73
71
71
72
72
72
72
72
75
72
73
73
73
73
73
73
73
73
72
74
74
74
75
75
75
75
75
53
76
76
76
76
76
10
53
75
30
2
77
5
22
24
21
20
25
25
19
19
15
14
6
6
3
22
22
22
22
7
28
28
28
28
48
49
43
45
69
40
40
68
68
71
63
63
56
60
37
38
38
38
36
40
41
39
36
36
23
23
27
29
27
27
27
29
28
31
28
31
8
29
30
51
32
32
35
35
36
60
34
60
60
34
34
59
59
30
31
33
35
31
31
30
30
30
30
69
31
38
23
8
24
49
42
59
58
31
29
29
59
29
30
30
38
5
68
69
76
56
