1
1
1
1
1
1
1
1
1
2
1
2
2
2
2
2
2
2
2
13
2
2
2
2
2
77
77
77
1
1
1
4
4
77
77
77
77
77
77
77
77
77
4
3
3
77
3
3
3
3
4
3
3
4
4
2
4
4
4
4
4
4
5
4
5
16
5
4
5
5
5
5
5
5
5
5
4
4
5
5
4
6
6
3
6
5
5
6
6
6
6
6
6
6
6
6
5
6
7
7
7
6
6
7
6
6
6
7
7
7
7
7
7
7
7
7
7
7
7
7
7
7
7
7
7
8
8
8
7
8
8
8
8
8
8
8
8
8
8
8
8
8
8
9
9
10
10
11
10
10
10
10
10
11
11
11
11
11
11
11
12
13
12
13
14
13
14
14
14
14
14
14
14
16
14
14
14
15
15
15
15
11
17
19
15
15
19
19
19
19
16
14
16
16
16
16
16
16
16
16
16
16
16
16
16
17
17
17
17
17
17
17
17
17
17
17
18
19
19
19
19
19
19
19
19
19
19
19
20
19
19
19
19
20
20
20
20
20
21
21
21
21
21
21
21
21
5
22
22
22
22
22
22
22
20
22
22
22
22
22
22
22
22
22
22
22
22
22
22
22
22
22
20
20
20
20
22
23
22
20
23
24
24
24
24
24
24
24
24
24
24
24
24
24
24
24
24
24
24
24
24
24
24
24
24
24
24
24
24
24
24
25
25
25
25
25
25
25
25
25
25
25
25
25
25
25
25
25
25
25
25
25
26
27
26
26
25
26
26
27
27
27
26
27
25
27
27
27
27
28
28
28
28
31
28
31
31
31
31
25
29
29
29
29
29
30
30
29
30
30
30
31
29
30
30
30
29
29
31
31
31
31
31
31
31
31
8
8
33
33
33
34
34
34
34
35
35
38
35
38
35
38
38
35
38
38
40
38
38
38
38
40
39
39
39
39
39
39
39
40
40
40
42
42
41
39
42
41
42
42
42
42
42
42
42
42
42
42
42
42
42
42
42
43
42
43
43
43
43
43
43
43
46
43
46
43
44
47
44
44
44
49
44
44
44
43
43
46
46
46
46
46
46
46
46
44
48
48
51
46
46
49
44
49
49
49
49
50
50
49
49
49
49
54
50
50
54
54
46
50
46
54
52
52
52
52
54
49
53
53
53
54
53
54
54
54
55
55
56
56
56
56
56
56
56
56
62
58
57
57
57
57
58
58
58
58
58
58
59
59
58
59
59
59
60
31
60
60
61
61
61
61
59
61
61
61
61
63
63
63
61
61
61
62
62
62
62
63
63
58
63
63
63
63
64
64
64
64
64
64
64
62
62
65
65
65
70
65
63
62
65
65
66
65
70
70
65
67
67
67
63
67
67
67
67
71
67
66
67
66
66
66
71
71
71
67
71
68
68
68
69
71
71
69
69
42
69
69
71
71
69
44
43
70
70
70
70
70
70
70
72
71
71
71
70
71
71
71
71
71
71
71
71
71
71
71
72
72
72
72
72
72
72
71
73
73
72
73
73
73
73
72
74
74
74
75
75
75
75
75
75
76
76
76
76
76
10
53
72
30
2
3
4
22
22
21
20
25
25
19
19
16
14
5
6
3
22
22
22
7
7
31
28
31
31
46
49
43
45
42
40
37
37
68
71
66
63
56
34
37
38
38
38
38
40
42
39
38
36
23
27
23
27
27
27
25
27
28
31
31
31
8
29
25
54
32
32
35
35
35
60
60
60
60
34
31
59
59
31
30
35
34
31
31
29
25
29
29
69
31
35
25
8
24
44
69
59
58
31
25
29
31
29
29
30
38
5
61
42
76
62
