1
1
1
1
1
1
1
1
1
1
1
2
2
2
2
2
2
2
2
2
13
2
2
2
2
77
77
77
1
77
2
2
2
77
2
77
4
77
77
77
4
4
4
4
4
77
3
77
3
3
4
5
3
4
14
4
4
4
4
14
14
5
4
5
5
5
5
5
5
5
5
5
5
5
5
5
3
5
5
6
3
3
3
3
6
6
7
3
6
6
6
6
6
7
6
7
7
7
7
7
6
6
6
6
6
6
6
7
7
7
6
7
7
7
7
7
7
7
7
7
7
7
7
7
7
8
8
8
8
8
8
8
8
8
8
8
32
32
8
8
8
8
8
9
9
9
11
10
10
10
10
10
10
11
15
11
15
11
11
10
12
12
13
13
13
13
14
13
14
13
14
14
16
14
14
16
14
15
15
15
15
15
15
15
15
15
15
15
15
15
16
16
16
16
16
16
16
16
16
16
16
16
16
16
16
15
15
17
17
17
17
17
17
17
17
15
18
19
19
19
19
19
19
19
19
19
19
20
19
19
19
19
19
16
20
20
19
20
21
21
21
21
21
21
21
21
21
22
22
22
22
22
22
22
22
22
22
22
22
22
22
22
22
22
22
22
22
22
22
23
23
22
22
20
20
22
22
23
23
20
23
24
24
24
24
24
24
24
24
24
24
24
24
24
24
24
24
24
24
24
24
24
24
24
24
24
24
24
24
24
24
25
25
25
19
25
25
25
25
25
25
25
25
25
25
25
25
25
25
25
25
25
25
27
25
25
25
25
26
26
27
26
26
26
27
27
26
27
27
8
8
8
8
28
28
28
28
28
28
30
29
28
29
30
30
30
30
29
30
30
28
30
30
30
30
30
30
30
31
31
28
28
28
28
28
31
8
32
32
33
34
60
34
34
35
35
35
35
36
38
35
36
38
36
38
38
40
38
38
38
38
38
38
38
38
38
39
39
39
40
40
40
40
41
39
40
38
41
41
41
41
41
41
42
42
42
42
42
42
42
42
42
42
43
42
43
43
43
43
43
46
43
46
43
43
43
44
44
44
44
44
44
47
44
47
48
46
46
46
46
46
46
46
46
46
47
48
47
47
51
48
49
49
50
49
49
49
49
49
49
49
49
49
49
50
50
50
48
48
51
52
51
51
52
52
51
49
53
75
75
53
75
75
54
54
54
55
55
56
56
56
56
56
56
56
64
56
57
30
57
57
57
30
30
58
58
58
58
30
30
58
59
59
59
60
60
59
60
58
61
61
61
61
37
61
58
63
63
61
61
61
68
68
62
62
62
64
63
62
62
63
63
63
63
64
64
64
64
64
64
64
64
64
64
64
65
65
66
63
63
63
66
66
63
65
65
71
67
67
67
67
63
67
67
67
67
68
68
67
67
71
71
71
71
71
68
67
69
68
68
71
71
71
69
69
42
69
69
69
69
69
69
69
71
70
70
70
70
70
70
71
69
71
71
71
71
71
71
71
71
71
71
71
72
71
71
72
72
72
72
72
72
72
71
73
73
73
73
73
73
73
72
74
74
74
75
75
72
75
75
75
76
76
76
76
76
10
75
72
30
1
3
4
22
22
16
20
25
25
19
19
15
13
6
6
6
22
22
22
7
7
28
8
28
28
46
49
43
45
42
40
42
68
68
68
66
63
56
37
37
38
38
38
38
40
38
38
36
36
23
27
27
27
28
28
27
28
8
28
8
28
8
29
30
51
32
8
35
36
36
60
60
59
60
60
60
31
59
28
30
33
34
31
30
29
30
30
30
69
8
35
20
7
24
44
42
37
58
31
29
29
31
28
30
30
40
5
61
42
76
62
