1
2
1
1
1
1
1
1
1
1
1
2
2
2
2
2
2
2
2
2
13
2
2
4
2
77
1
1
1
77
2
4
4
77
77
77
4
77
3
77
4
4
4
3
3
77
77
77
77
3
4
3
3
4
4
4
14
4
4
14
14
4
4
5
5
5
5
5
5
5
5
5
5
5
5
5
3
5
5
3
3
3
6
6
3
3
5
3
6
6
6
6
6
6
6
6
5
5
6
6
7
6
6
7
7
6
6
6
7
6
7
7
7
7
7
7
7
7
7
7
7
7
7
7
7
8
8
8
8
8
8
8
8
7
7
8
8
8
8
8
8
8
8
9
9
10
10
10
10
10
10
10
10
10
10
11
11
14
11
10
12
12
14
13
13
13
13
13
14
13
14
16
14
14
14
16
14
15
15
15
15
15
15
15
15
15
15
15
15
15
16
16
16
16
16
5
16
5
16
16
16
16
15
20
16
15
15
15
17
17
76
17
17
17
17
15
18
19
15
19
15
19
19
19
19
19
19
19
19
19
19
19
19
20
20
20
20
20
21
20
21
21
21
21
22
21
21
21
22
22
22
22
22
22
22
22
22
22
22
22
22
21
22
22
22
22
23
22
22
23
23
22
22
19
19
19
22
23
23
23
26
24
24
24
24
24
24
24
24
24
24
24
24
24
24
24
24
24
24
24
24
24
24
24
24
24
24
24
24
24
24
25
25
25
25
25
25
25
25
25
25
25
25
25
25
25
25
25
25
25
25
25
25
27
26
25
25
25
25
26
26
27
25
27
28
27
27
29
29
8
8
31
31
31
28
31
31
31
31
29
29
31
30
30
30
30
30
30
30
30
30
30
30
30
30
30
30
30
31
31
31
31
31
31
31
31
8
8
8
33
32
34
34
34
34
35
35
35
36
36
35
36
38
38
37
38
40
38
37
38
38
38
39
39
39
40
39
39
39
41
41
40
40
41
39
40
41
41
41
41
41
41
42
42
42
42
42
42
42
42
42
42
42
42
43
43
42
43
43
42
43
43
43
43
43
46
44
47
44
44
44
44
44
44
44
46
46
43
43
43
46
43
46
43
51
47
46
47
48
46
51
44
49
49
49
49
49
49
49
49
73
49
49
49
50
50
50
51
50
51
46
51
52
46
52
52
53
53
75
53
53
54
54
54
54
54
55
54
56
56
56
56
56
56
56
64
64
56
56
57
57
56
58
58
58
58
58
58
58
31
58
59
59
59
59
60
60
60
58
60
37
60
60
60
61
58
63
63
63
61
61
61
60
62
62
62
65
63
58
58
63
63
63
65
62
64
64
64
64
64
64
65
62
64
65
65
65
66
63
63
63
63
66
63
70
66
70
67
61
67
63
67
67
67
67
67
67
66
66
67
66
67
71
71
71
61
67
68
68
71
68
71
71
69
69
42
69
69
69
69
44
69
69
70
70
70
70
70
72
72
72
71
71
71
71
71
71
71
71
71
71
71
71
71
71
71
72
72
72
72
72
72
72
73
73
73
73
72
73
72
73
72
74
74
74
73
75
75
75
75
73
76
76
76
76
76
10
53
75
30
2
3
4
22
22
21
19
25
25
19
19
15
13
5
3
3
22
22
22
7
7
31
8
28
28
46
49
43
45
42
40
61
61
61
67
66
63
56
37
38
37
38
38
39
40
41
41
36
36
23
27
27
27
28
27
29
28
28
31
28
31
8
29
30
50
32
8
35
36
36
59
59
59
60
60
60
31
31
31
30
35
34
31
31
30
31
31
30
42
31
35
26
7
24
44
40
60
58
31
29
31
31
29
30
30
40
16
61
42
76
62
