1
1
1
1
1
1
2
1
2
1
1
2
2
2
2
1
2
2
2
2
2
2
2
2
2
1
1
1
1
1
2
4
4
77
77
77
77
77
77
77
77
4
4
3
77
77
3
77
77
3
4
4
3
4
4
4
4
4
4
5
4
4
5
5
5
16
5
5
5
5
5
5
5
5
5
5
4
5
5
6
6
3
3
3
3
3
6
3
6
6
6
6
7
7
6
5
6
6
7
7
7
7
6
6
6
7
7
7
6
7
6
7
7
7
6
22
7
7
7
7
7
7
7
7
7
8
8
8
8
8
8
8
8
8
8
8
8
32
8
8
8
8
8
9
9
9
10
11
10
10
10
10
10
11
10
11
11
11
11
11
12
12
11
13
14
13
13
13
13
14
14
14
14
14
14
14
14
15
15
15
15
15
15
15
15
15
15
15
15
19
14
16
14
16
16
16
16
16
16
16
16
16
16
16
16
15
17
17
17
17
76
17
17
17
17
19
18
19
19
15
19
19
19
19
19
19
19
20
19
19
19
19
19
20
20
20
20
20
5
21
21
21
21
21
21
5
5
5
5
22
22
22
22
22
22
22
22
22
22
22
22
22
22
22
22
22
23
22
22
23
23
22
22
20
20
22
23
23
23
23
26
24
24
24
24
24
24
24
24
24
24
24
24
24
24
24
24
24
24
24
24
24
24
24
24
24
24
24
24
24
24
25
25
25
25
25
25
25
25
25
25
25
25
25
25
25
25
25
25
25
25
25
25
26
23
25
25
25
26
23
26
26
26
27
27
27
29
29
27
8
28
28
28
33
28
31
28
28
31
29
31
31
29
30
29
30
31
31
30
30
30
31
30
30
56
56
30
30
31
31
31
31
31
31
31
31
8
32
32
33
33
34
34
34
34
33
35
33
36
36
38
36
36
38
38
38
38
38
38
40
38
38
39
39
39
38
39
39
39
40
40
40
40
41
39
40
41
41
41
42
42
41
41
42
42
42
41
42
42
42
42
42
42
42
43
69
43
43
43
42
43
69
69
46
43
43
44
44
44
44
44
44
44
44
47
46
46
46
46
46
46
69
46
46
51
47
48
48
47
51
46
49
47
49
49
49
49
49
49
49
49
49
49
50
50
50
50
51
51
51
46
51
51
52
52
51
53
49
75
53
49
53
53
53
54
54
55
54
56
56
56
56
56
56
56
56
56
56
57
57
57
57
58
56
56
58
58
58
58
58
61
59
59
60
60
31
60
60
59
59
61
61
61
59
59
61
61
61
61
61
61
68
61
63
62
62
63
61
61
63
63
63
63
63
64
64
64
64
64
64
64
63
64
64
65
65
70
66
65
65
65
66
66
66
70
66
70
67
67
67
61
63
63
63
67
67
67
67
67
67
66
67
71
67
71
68
68
42
68
68
69
68
68
69
69
69
69
44
69
71
44
69
44
70
70
70
70
70
70
71
70
71
71
71
71
71
71
71
71
49
71
71
71
71
71
71
72
72
72
72
72
75
72
73
73
73
72
72
73
73
73
72
74
74
74
49
75
75
75
75
49
76
76
76
76
76
10
53
75
56
2
3
5
22
22
21
20
25
25
19
25
14
13
6
6
3
22
22
22
7
7
31
28
28
28
46
49
69
45
69
40
40
68
68
71
65
63
56
38
37
38
38
38
36
40
41
41
36
36
24
26
27
27
27
27
27
27
28
31
31
31
8
29
29
51
32
8
35
35
36
60
60
60
38
34
60
59
59
31
30
33
35
31
31
31
31
31
31
69
33
35
23
8
8
44
42
59
58
31
29
31
31
29
29
31
38
5
61
42
76
64
