1
2
1
1
1
1
1
77
1
1
1
2
2
2
2
2
2
2
2
2
2
2
2
2
2
77
77
1
1
77
2
2
4
77
4
77
4
4
4
77
4
4
4
4
77
77
77
3
3
3
4
5
3
4
14
4
4
14
4
14
14
4
4
5
5
5
5
5
5
5
5
5
5
5
5
5
5
5
5
5
5
3
6
6
6
6
5
6
6
6
6
6
6
6
5
5
5
6
6
7
7
6
7
6
6
7
6
7
7
6
6
6
7
7
7
22
7
7
7
7
7
7
7
7
7
7
8
8
8
8
8
8
8
8
8
8
8
8
8
8
8
8
8
9
9
10
10
11
10
10
10
11
10
11
11
11
11
12
12
11
12
12
12
13
12
13
13
14
14
14
14
14
16
16
14
14
14
15
15
15
15
15
15
15
15
15
15
16
15
19
15
16
14
16
16
16
16
5
5
21
16
16
16
20
20
15
17
17
17
17
76
76
17
17
19
17
18
19
16
19
19
19
19
19
19
19
19
19
20
19
19
19
19
20
20
20
20
20
21
21
21
21
21
21
21
21
21
22
22
22
22
22
22
20
20
22
20
22
22
22
22
22
22
22
22
22
22
22
22
22
22
20
20
20
20
20
20
23
20
20
23
22
24
24
22
24
24
23
24
24
24
24
24
24
24
24
24
24
24
24
24
24
24
24
24
24
24
24
24
24
24
25
25
25
25
25
25
25
25
25
25
25
25
25
25
25
25
25
25
25
25
25
26
26
25
25
25
26
26
26
26
27
29
27
27
27
27
27
29
8
8
24
31
28
24
31
28
28
28
29
29
29
29
29
29
30
30
30
58
30
30
31
58
58
30
30
58
30
28
28
31
28
28
28
28
28
8
8
32
33
33
34
38
34
38
35
38
38
38
38
38
38
36
38
38
38
38
38
38
40
38
38
41
41
36
38
38
41
39
40
40
40
40
41
41
40
42
41
42
42
42
41
41
42
42
42
42
40
40
42
42
42
43
43
42
42
43
43
43
46
43
43
43
43
46
46
69
47
44
44
44
44
44
44
44
48
46
46
46
46
46
46
46
46
52
47
48
47
47
51
48
44
49
49
49
49
49
50
50
49
49
49
49
49
50
50
50
48
48
51
52
48
51
52
52
51
49
49
75
75
53
54
53
54
54
54
55
55
56
56
56
56
56
56
64
64
56
58
57
57
57
57
58
58
58
58
58
58
61
61
58
59
59
59
60
60
60
34
61
61
38
61
61
61
61
67
61
61
67
67
61
61
68
65
62
62
65
61
58
58
63
63
63
65
64
64
64
64
64
64
64
65
65
65
65
65
65
66
65
65
65
65
66
65
70
70
65
67
61
67
66
61
66
67
67
67
66
66
66
66
67
67
67
71
71
68
68
69
68
69
69
71
71
69
69
42
69
69
69
49
69
69
69
70
70
70
70
71
70
70
71
71
71
71
71
71
71
71
71
49
71
71
71
71
71
49
73
72
72
72
72
72
72
73
73
73
73
73
73
73
73
75
75
74
74
49
75
72
75
75
49
76
76
76
76
76
10
53
75
58
1
3
4
22
22
21
20
25
26
19
25
16
13
5
6
3
22
22
22
22
8
28
8
28
28
46
49
43
45
42
40
37
68
37
67
66
63
56
38
37
38
38
38
38
40
42
41
36
36
23
23
27
27
27
27
27
27
24
31
28
28
8
29
29
51
32
8
35
35
38
60
60
60
60
60
34
59
59
31
58
35
34
31
31
30
29
30
30
42
31
38
20
8
24
44
37
38
58
31
29
31
31
29
30
58
38
5
38
42
76
56
