1
2
1
1
1
1
1
1
1
2
2
2
2
13
13
2
2
2
2
13
13
4
2
2
1
77
77
1
1
1
2
2
77
77
77
77
77
77
77
77
4
2
4
4
3
77
3
77
3
3
4
3
3
2
4
4
4
4
4
4
4
4
5
5
5
5
5
5
5
5
5
5
5
5
5
5
5
5
5
3
3
6
6
3
3
3
6
6
6
6
7
7
7
6
6
5
7
7
6
7
7
6
6
6
6
6
7
7
7
7
7
7
7
7
7
5
7
7
8
7
7
7
8
7
8
8
8
8
8
8
8
8
8
8
8
8
8
8
8
8
8
8
8
9
9
9
11
10
10
9
10
15
10
11
15
15
11
11
14
11
12
12
14
13
13
13
14
14
14
14
14
16
14
16
16
16
16
15
15
15
15
15
15
15
15
15
15
15
15
15
16
15
16
16
16
16
16
16
16
16
16
16
16
16
16
15
17
15
17
17
17
17
17
18
17
17
18
20
19
19
17
19
17
19
19
19
20
20
20
25
25
19
19
16
20
22
20
20
5
22
21
21
21
21
21
21
5
22
22
22
22
22
20
22
20
20
22
22
22
22
22
22
22
22
22
22
22
22
20
22
22
22
20
23
23
23
22
23
23
23
23
24
24
24
24
24
24
24
24
24
24
24
24
24
24
24
24
24
24
24
24
24
24
24
24
24
24
24
24
24
24
25
25
25
25
25
25
25
26
25
25
25
25
25
25
26
25
25
25
25
25
25
25
26
26
26
25
26
26
26
26
25
25
26
27
27
27
27
29
28
28
28
28
28
28
28
28
28
28
29
29
30
29
30
29
30
30
30
30
30
31
30
30
30
30
30
30
30
31
31
28
28
28
28
28
28
32
32
32
33
33
60
34
34
60
35
35
35
35
38
35
35
36
38
38
39
38
38
39
38
38
39
39
39
39
38
39
41
39
38
40
38
40
41
41
38
41
41
42
41
41
41
42
42
42
42
42
42
42
42
42
42
42
43
43
43
43
43
43
43
46
43
46
43
43
46
44
44
44
44
44
49
44
47
47
46
46
46
46
43
46
46
48
48
52
47
48
48
48
51
48
49
47
50
49
49
50
50
49
49
73
73
49
51
50
50
51
52
48
51
52
52
51
52
52
51
53
49
53
53
49
53
53
53
54
51
55
51
56
56
56
56
56
56
64
64
56
58
57
57
58
56
30
30
30
58
58
58
30
30
58
59
59
58
60
31
59
31
58
58
37
61
37
37
61
58
58
61
61
61
61
61
61
62
62
62
65
58
58
58
63
58
63
65
64
64
64
64
64
64
64
65
62
65
65
65
65
63
63
65
65
63
66
66
66
66
65
67
61
67
67
63
63
67
61
67
67
67
67
67
67
67
71
71
67
67
67
68
68
67
68
68
67
69
69
42
69
69
69
71
71
69
44
70
70
70
70
70
70
70
71
67
67
71
71
71
71
67
71
71
71
71
71
71
73
73
72
72
72
72
72
72
72
73
73
73
73
72
73
73
73
74
74
74
74
75
75
75
75
75
75
76
76
76
76
76
9
53
74
30
1
3
5
22
22
21
20
25
25
19
18
15
14
6
6
3
22
22
22
7
7
28
28
28
28
46
49
43
45
42
40
40
61
67
67
66
63
56
37
37
38
39
38
39
38
41
38
36
36
23
27
27
27
27
27
29
27
28
28
28
28
8
29
30
51
32
8
35
35
35
59
60
60
60
34
31
30
59
30
30
33
34
31
31
29
30
30
30
69
8
35
26
8
24
44
69
37
58
31
29
30
31
29
30
31
39
5
61
42
76
62
