1
2
1
1
1
1
1
1
1
2
1
2
2
2
2
2
2
2
2
2
2
4
2
4
2
77
77
77
77
1
2
4
4
77
77
77
77
77
4
77
4
4
4
3
4
77
3
77
3
3
4
4
3
4
14
4
4
5
5
14
14
16
16
5
5
16
5
5
5
5
5
5
5
5
5
22
3
3
5
5
3
3
6
3
5
5
5
6
6
6
6
6
6
6
5
5
6
6
6
7
6
6
7
6
6
6
6
7
7
7
7
7
7
7
5
5
7
22
8
7
7
7
8
7
8
8
7
8
8
7
8
8
8
8
8
8
8
8
8
8
8
8
7
9
9
9
11
10
10
10
76
10
10
11
15
15
11
11
15
10
10
12
11
13
16
13
14
14
14
16
16
14
14
14
14
16
14
15
15
15
15
15
15
15
15
15
15
15
15
15
16
16
16
16
16
16
16
16
16
21
16
16
15
20
16
17
17
17
17
76
76
76
17
17
18
18
18
15
15
19
18
15
19
19
19
19
19
20
20
20
25
19
19
20
20
22
20
20
21
20
20
22
21
20
21
21
21
22
22
22
22
22
22
22
22
20
22
22
22
22
22
22
22
22
22
24
22
22
22
23
23
20
20
23
23
20
20
23
23
23
27
24
24
24
24
24
24
24
24
24
24
24
24
24
24
24
24
24
24
24
24
24
23
24
24
24
24
24
24
24
28
25
25
25
19
25
25
25
25
25
25
25
25
25
25
25
25
25
25
25
25
25
25
26
26
26
25
25
26
29
26
26
29
26
27
27
27
27
29
28
28
28
28
28
28
28
28
28
28
29
29
28
29
30
30
30
30
30
30
30
30
30
30
30
30
30
30
30
31
31
28
28
28
28
28
28
8
32
33
33
35
34
35
34
35
35
35
35
35
38
35
38
38
38
35
38
38
38
38
38
38
38
39
38
39
39
39
39
39
40
40
40
40
41
39
40
41
41
41
42
42
41
41
42
42
42
42
42
42
42
69
42
42
43
43
43
69
43
43
43
43
43
46
46
46
46
44
44
44
44
44
44
44
44
47
69
46
46
48
48
69
69
48
48
48
51
48
45
51
48
48
49
51
49
49
73
49
49
49
73
49
49
49
49
50
50
50
48
51
51
46
51
52
46
52
52
49
75
75
75
53
55
53
55
54
55
52
52
56
56
56
56
56
56
56
56
64
57
30
57
57
56
58
30
58
58
58
58
58
58
58
31
59
59
60
31
31
60
58
58
37
61
58
58
58
63
63
66
61
61
61
61
61
56
62
62
56
63
63
63
63
63
63
56
64
64
56
64
64
64
64
65
65
70
65
70
70
66
63
56
65
66
67
66
66
66
70
67
67
67
66
66
66
67
67
67
67
67
67
67
66
67
71
71
71
61
61
68
67
67
68
68
68
69
69
42
69
69
69
44
44
69
69
70
70
70
70
70
70
72
72
71
71
71
71
71
71
71
71
49
71
71
72
71
71
71
72
72
72
72
72
72
73
71
73
73
73
73
73
73
73
72
74
74
74
49
75
75
75
75
75
76
76
76
76
76
10
75
72
30
1
3
5
22
24
21
20
25
25
19
18
15
14
5
3
3
22
22
22
22
22
28
28
28
28
48
49
69
44
69
40
40
61
61
67
66
63
56
37
37
38
38
38
38
40
41
39
38
36
23
23
27
27
27
28
27
28
28
28
28
28
7
29
30
51
32
32
35
35
38
60
37
60
37
34
60
31
59
30
30
35
34
28
31
30
29
29
30
69
28
35
23
8
24
44
69
59
56
28
29
30
31
29
30
30
38
22
61
42
76
62
