1
1
1
1
1
1
1
1
1
2
2
2
2
2
2
2
1
2
1
2
2
2
1
1
1
77
77
1
1
4
4
4
4
77
4
77
4
77
77
77
77
77
77
3
77
77
3
77
3
3
4
3
3
4
14
4
14
14
4
4
14
4
4
5
4
16
4
5
5
5
4
5
5
5
5
7
3
3
6
6
3
3
6
3
3
6
6
3
6
6
3
6
6
6
7
6
5
7
7
7
6
6
6
6
6
7
6
7
7
7
7
7
7
7
7
7
7
7
7
7
7
7
7
8
7
8
8
8
8
8
8
8
8
8
8
8
8
32
8
8
8
8
8
9
9
10
15
10
15
10
10
15
10
12
11
15
15
11
15
12
12
12
15
13
14
14
16
14
14
14
14
16
14
14
14
14
16
15
15
15
15
15
15
15
15
15
15
19
15
15
15
16
16
16
16
16
16
16
16
16
16
16
16
19
21
15
17
17
17
17
76
17
17
17
25
17
18
20
19
19
17
15
17
17
19
19
19
20
20
20
19
17
19
20
20
20
20
20
21
21
21
22
16
21
21
21
21
22
22
21
22
22
22
22
20
22
22
22
22
22
24
22
22
22
23
23
23
22
20
23
23
22
22
20
23
22
23
23
23
22
23
22
24
24
24
24
24
24
24
24
24
24
24
24
24
24
24
24
24
24
24
24
24
27
24
24
28
28
24
24
24
25
25
25
25
25
25
25
20
25
25
25
25
25
25
25
25
25
25
25
25
25
25
26
23
23
25
25
26
26
26
29
25
27
27
27
27
27
27
28
28
28
28
28
28
28
28
28
28
30
30
29
29
29
30
30
30
29
30
31
31
30
30
30
30
30
30
30
31
31
28
31
28
28
31
28
8
32
33
33
28
34
35
34
35
33
35
35
38
35
35
35
38
38
38
38
38
40
40
38
40
38
39
39
39
39
39
41
39
40
40
40
40
41
41
40
39
41
41
41
41
41
41
42
42
42
42
42
42
42
42
42
43
69
43
43
43
43
43
43
46
43
46
46
43
43
44
44
69
44
44
44
44
47
47
45
46
46
48
48
48
45
48
48
48
47
45
47
48
48
48
44
47
49
49
49
49
50
50
49
49
49
49
49
51
50
50
52
48
51
52
52
52
52
55
52
53
53
53
53
54
53
53
54
54
54
55
51
30
30
56
56
56
56
56
56
62
58
57
57
57
57
58
30
30
58
58
58
58
58
58
59
59
58
59
31
31
31
58
61
61
68
61
61
61
61
58
63
63
61
61
68
61
62
62
62
63
63
63
58
58
63
63
63
62
64
64
64
64
64
64
62
62
62
65
65
65
66
63
66
62
66
66
65
65
66
65
67
61
63
63
67
61
61
61
67
61
61
67
67
67
67
71
67
71
68
68
68
68
68
68
71
71
69
69
42
69
69
69
44
69
69
45
70
65
70
70
70
70
70
71
71
71
71
71
70
70
70
70
71
71
71
71
71
71
49
72
72
72
72
72
72
72
49
73
73
73
73
73
73
73
75
74
74
74
49
72
75
75
75
75
76
76
76
76
76
10
53
75
30
1
3
4
22
22
16
20
20
25
25
25
15
14
6
3
3
22
22
24
7
7
28
7
28
28
46
49
46
45
69
40
69
68
68
67
63
63
56
61
37
38
38
38
39
40
40
39
36
36
24
24
27
27
27
27
27
27
28
28
28
28
8
29
29
51
32
32
35
35
35
59
59
60
60
60
60
31
59
30
30
33
34
31
31
29
30
30
30
69
28
35
23
8
7
44
69
61
58
28
29
29
31
28
30
31
38
5
61
69
76
62
