1
1
1
1
1
1
1
1
1
1
1
2
2
2
2
2
2
2
2
2
2
2
2
2
2
77
77
77
77
1
4
4
4
77
77
77
77
77
77
77
77
4
4
77
3
77
3
3
3
3
4
3
3
4
4
4
14
4
4
5
4
14
5
5
5
5
5
5
5
5
5
5
5
5
22
22
6
6
5
5
6
6
6
6
6
5
5
6
6
6
6
6
6
6
6
6
5
6
7
7
7
7
6
6
7
7
7
7
7
7
7
7
7
7
22
22
8
7
8
7
7
7
7
8
8
8
8
8
7
7
8
8
8
8
8
8
8
8
8
8
8
8
8
9
9
9
10
12
10
10
10
11
10
11
10
11
11
11
15
12
12
12
12
12
13
13
14
14
16
14
14
16
16
16
14
14
14
15
15
15
15
11
15
15
15
15
15
15
15
15
14
16
16
16
16
16
16
16
16
16
21
16
16
20
16
15
17
17
17
76
76
18
18
18
19
15
18
20
20
19
15
19
19
19
19
19
19
19
19
19
25
19
19
20
20
20
20
22
21
16
21
20
21
21
21
5
5
5
22
22
22
22
22
20
20
22
22
22
22
22
22
22
22
24
22
22
22
22
20
22
22
22
23
23
23
23
23
23
23
23
23
24
24
24
24
22
24
24
24
24
24
28
24
24
24
24
24
24
28
28
24
24
23
24
28
28
24
24
24
24
28
25
25
25
19
25
25
25
19
25
25
25
25
25
25
25
25
25
25
25
25
25
25
23
23
23
26
26
26
26
26
29
29
26
27
29
26
29
27
28
24
28
28
28
28
28
28
28
28
29
29
29
30
30
29
30
30
30
30
30
30
59
30
29
30
29
30
29
28
28
28
31
31
28
28
31
8
8
32
33
28
34
34
34
35
35
35
35
35
38
38
35
36
36
38
38
38
38
38
68
38
38
39
39
38
39
39
39
39
41
40
41
40
41
41
41
41
41
42
41
41
41
42
41
42
42
42
42
42
42
42
42
43
42
43
43
43
43
43
43
43
43
43
46
43
43
44
44
44
44
44
44
44
47
48
45
46
46
46
46
46
46
46
46
52
48
51
48
48
48
51
44
49
49
49
49
50
49
50
49
49
49
49
49
50
50
51
52
51
51
52
52
52
52
55
52
53
53
53
53
53
53
53
53
54
49
55
55
56
56
56
62
56
56
56
56
64
57
57
62
57
62
58
29
29
58
29
58
58
58
58
59
61
59
60
31
31
31
61
61
37
61
61
67
61
63
63
61
61
61
67
61
61
62
62
62
62
63
58
63
63
58
63
63
65
64
64
64
64
64
64
65
65
64
65
65
65
63
63
63
65
66
66
66
70
70
70
67
67
67
61
66
61
67
67
67
67
67
67
70
70
67
67
67
67
61
67
68
68
68
71
71
71
69
69
69
69
44
69
44
44
69
45
70
65
65
70
70
71
71
71
71
67
67
71
71
71
71
71
71
71
71
71
73
49
49
73
73
72
72
72
75
72
73
73
73
73
73
49
73
49
72
72
74
74
75
75
75
75
53
75
76
76
76
76
76
76
53
74
29
2
3
4
22
22
21
20
19
29
19
18
14
13
5
6
3
24
22
22
7
8
28
28
28
28
46
49
43
45
42
40
68
37
68
67
66
63
56
37
68
38
38
36
38
38
41
39
36
36
23
27
27
29
27
27
29
29
28
28
28
28
8
29
30
51
32
8
35
35
38
59
60
59
37
60
60
59
59
31
30
35
35
31
59
30
30
30
30
43
28
35
26
8
22
44
69
61
58
28
29
30
31
29
29
30
39
5
37
42
76
56
