1
1
1
1
1
1
1
1
1
1
1
2
2
2
2
2
2
2
2
2
2
2
2
2
2
77
77
77
1
1
77
77
77
77
77
77
77
77
77
77
77
4
4
4
3
77
3
3
3
3
4
4
3
4
4
4
4
4
4
4
4
4
4
5
5
5
5
5
5
5
5
5
5
5
5
5
6
6
5
6
6
3
3
6
6
6
5
6
3
6
6
6
6
6
6
6
7
6
6
7
7
6
6
6
6
6
6
7
7
7
7
7
7
7
7
7
7
7
7
7
7
7
7
7
7
8
7
8
8
7
8
8
8
8
8
8
8
8
8
8
8
8
8
9
9
9
11
10
10
10
10
10
10
10
11
11
11
11
11
12
12
12
12
13
13
13
14
14
12
14
12
14
14
14
14
14
14
15
11
11
15
15
15
15
15
15
15
15
15
17
15
16
16
16
14
16
16
16
16
16
16
16
15
16
16
17
17
17
17
17
17
17
17
17
17
17
18
20
20
19
19
17
19
19
19
19
19
19
19
19
19
19
19
20
20
20
20
20
21
21
21
21
21
21
21
21
21
22
22
22
22
22
22
22
22
22
22
22
22
22
22
22
22
22
22
22
22
22
22
23
23
22
20
20
23
20
23
23
23
23
26
24
24
24
24
24
24
24
24
24
24
24
24
24
24
24
24
24
24
24
24
24
24
24
28
24
24
24
24
24
24
25
25
25
18
25
25
25
25
25
25
25
25
25
25
23
23
25
25
25
25
25
25
26
26
26
26
25
26
26
27
26
26
27
27
27
27
29
27
28
28
28
28
33
28
28
28
28
28
29
29
27
29
29
29
30
30
30
30
30
30
30
30
30
30
30
29
30
33
31
28
31
28
31
31
31
32
32
32
33
33
34
34
34
34
34
35
35
35
35
38
36
38
35
38
38
38
38
38
38
38
40
36
36
36
39
39
39
39
40
40
40
40
41
39
41
41
41
41
41
41
41
42
42
42
42
42
42
42
42
69
42
43
43
43
43
43
43
43
43
43
43
43
43
43
46
44
44
44
44
44
44
44
44
44
45
46
46
46
46
46
46
46
46
46
47
47
47
51
48
48
44
49
49
49
49
49
49
49
49
49
49
49
49
47
50
51
51
51
51
46
52
52
52
52
52
53
53
53
53
53
53
53
54
54
54
55
55
56
56
56
56
56
56
56
64
56
58
57
57
62
57
58
58
58
58
58
58
58
58
58
59
59
59
60
60
60
60
59
61
61
61
61
61
61
61
61
63
61
61
61
68
61
62
62
62
62
63
63
63
63
63
63
63
64
64
64
64
64
64
64
65
65
65
65
65
65
66
63
66
66
67
67
66
66
66
66
68
67
67
61
63
61
61
67
67
67
67
61
67
67
67
68
66
66
68
67
68
68
68
69
71
68
69
69
69
69
69
69
69
44
69
45
70
70
70
70
70
70
70
72
71
71
71
71
71
71
71
71
71
71
71
71
71
71
71
72
72
72
72
72
75
72
73
73
71
71
73
73
73
73
74
74
74
75
73
75
75
75
75
75
76
76
76
76
76
10
53
75
58
1
3
4
22
22
21
20
20
25
19
18
15
13
5
6
6
22
22
22
22
7
28
28
28
28
46
49
43
45
42
40
37
68
68
68
66
63
56
37
37
38
38
38
38
40
41
41
36
36
23
23
27
27
27
27
29
27
28
28
28
28
8
29
29
51
32
8
34
35
35
60
60
60
60
60
60
59
59
30
58
34
34
31
31
29
29
30
30
69
33
35
23
8
24
44
69
37
58
28
25
29
31
27
29
30
38
5
61
42
76
64
