1
2
1
1
1
1
1
77
1
2
2
2
2
2
2
2
2
2
2
4
2
2
2
4
4
77
1
1
1
77
2
4
77
77
77
77
77
77
77
77
4
4
4
3
77
3
3
3
3
3
4
3
3
4
14
4
4
4
4
4
14
4
4
5
5
4
5
5
5
5
5
21
5
5
22
21
5
3
5
5
6
6
6
6
6
5
6
6
6
6
6
6
6
6
6
6
5
6
7
7
7
6
7
6
7
7
6
7
6
7
7
7
7
7
22
22
7
7
8
7
7
7
8
7
8
7
8
8
7
8
8
8
8
8
8
8
8
8
8
8
8
8
8
9
9
9
15
10
10
10
10
15
15
10
11
15
11
11
11
12
12
12
15
13
14
4
4
14
16
14
14
16
16
16
14
16
14
15
15
15
15
15
15
15
15
15
15
16
15
19
14
16
16
16
16
16
16
16
16
16
16
16
16
20
21
15
15
15
15
15
76
17
17
17
17
17
18
16
19
19
17
19
19
19
19
19
19
16
20
19
25
19
19
20
20
20
20
20
21
21
16
21
16
21
21
21
21
21
21
22
22
22
20
20
20
20
22
22
22
21
21
22
22
24
22
22
22
22
20
22
23
23
20
20
25
25
23
22
23
25
23
24
8
24
24
24
24
22
24
24
24
24
24
24
24
24
24
24
24
24
24
24
23
28
24
24
24
24
24
24
24
25
25
25
19
25
25
25
25
25
25
25
25
25
25
25
25
25
25
25
25
25
25
27
23
26
26
25
26
26
26
27
27
27
27
27
27
27
29
8
28
28
28
28
27
28
28
28
28
29
29
30
29
30
29
30
30
30
30
30
31
30
30
30
30
30
29
30
31
31
28
28
28
31
28
28
8
32
32
33
34
60
34
34
38
35
35
38
38
38
38
36
38
38
38
38
38
38
37
37
41
36
39
39
36
36
39
39
39
40
40
40
40
41
39
41
41
41
41
41
41
41
41
42
42
42
42
42
42
42
42
42
43
43
42
43
43
43
43
43
46
46
46
43
43
43
44
47
44
44
44
49
44
44
47
46
52
52
52
52
46
46
46
52
52
47
48
47
47
48
50
49
47
49
49
49
49
54
50
49
49
49
54
54
50
50
50
51
51
50
52
52
52
52
52
52
53
49
53
53
49
53
53
53
54
54
55
51
30
56
56
30
56
56
64
64
56
57
30
57
63
56
58
30
30
58
58
58
58
58
58
58
59
59
60
60
59
60
58
61
61
68
61
61
61
61
61
63
61
67
61
61
61
63
62
62
63
63
58
63
63
63
63
63
64
56
64
64
64
64
70
65
64
64
65
65
70
66
66
66
66
66
66
66
65
66
70
67
61
67
67
66
66
67
67
67
71
67
66
67
67
71
71
71
71
68
68
68
67
71
68
68
71
69
69
42
69
69
68
71
69
69
44
70
70
70
70
70
70
70
70
71
71
71
71
70
71
71
71
71
71
71
71
73
73
71
73
73
72
72
72
72
72
73
73
73
73
73
49
73
49
72
74
74
74
75
75
75
75
75
75
76
76
76
76
76
10
53
72
30
2
3
4
22
8
16
20
25
25
19
19
16
4
6
6
3
24
8
22
22
8
28
24
28
28
50
49
43
45
42
40
68
68
67
67
66
63
56
61
37
37
38
38
36
41
41
41
36
36
22
23
27
27
27
27
27
27
28
28
24
28
8
29
30
51
32
8
35
35
38
59
60
59
60
34
31
59
59
30
30
33
34
28
31
30
30
30
30
69
31
35
23
8
24
44
42
61
58
28
29
29
31
28
29
31
36
21
68
42
76
64
