1
1
1
1
1
1
1
1
1
2
1
2
2
13
2
2
4
2
2
2
13
2
2
4
2
77
77
77
77
4
4
4
4
77
4
77
77
77
77
77
77
77
4
77
77
3
3
3
3
3
4
3
3
4
4
2
4
14
4
14
4
14
14
5
5
16
5
5
5
5
5
5
5
5
5
22
6
6
5
6
3
3
6
3
3
3
6
6
6
6
6
6
6
7
7
6
6
6
7
7
6
6
6
6
7
7
7
7
7
7
7
6
7
7
7
7
7
7
7
7
7
7
7
7
7
8
8
8
8
8
8
8
8
8
8
8
8
8
8
8
8
8
8
9
9
9
11
9
10
10
11
11
11
11
11
11
15
11
11
11
12
14
14
13
14
2
13
14
14
14
16
16
16
16
14
14
14
15
15
15
15
15
15
15
15
15
15
15
15
15
15
16
16
16
14
16
16
16
21
16
16
16
15
15
16
15
15
17
17
17
76
17
15
18
15
15
18
20
20
19
15
15
15
19
19
20
20
20
19
19
19
19
19
15
20
20
20
20
21
16
21
20
21
21
21
22
22
22
22
21
22
22
22
20
23
23
23
22
22
22
24
22
22
22
24
22
22
22
23
24
23
22
23
25
25
23
22
23
22
23
23
24
24
24
24
24
24
24
24
24
24
24
24
24
24
24
24
24
24
24
24
24
23
23
24
24
28
28
24
24
28
25
19
25
25
25
25
25
25
25
25
25
25
25
25
25
25
25
25
25
25
25
25
26
23
23
25
26
26
26
26
27
29
27
27
27
29
29
27
28
28
28
28
28
28
28
28
28
28
29
30
29
29
30
29
30
30
31
31
30
31
30
30
30
30
30
29
30
31
28
28
28
28
28
28
28
8
8
8
33
34
34
35
34
34
35
35
35
38
38
35
36
36
36
35
37
38
38
38
38
40
36
39
39
39
39
39
41
39
42
40
40
40
41
41
40
40
41
41
41
41
41
41
42
42
42
41
42
42
42
42
42
43
42
42
43
43
42
43
42
43
43
43
43
43
43
44
44
69
44
44
49
44
47
44
45
46
46
46
46
46
46
46
46
46
47
45
48
51
45
51
49
47
49
49
49
49
50
50
49
73
75
49
49
50
50
50
46
51
51
46
46
52
52
52
52
49
49
53
53
49
53
53
53
54
50
52
55
30
30
56
30
56
56
56
64
56
57
57
57
57
57
59
30
30
58
58
58
58
58
58
59
59
59
60
31
59
60
59
61
37
61
37
37
61
59
63
63
63
61
61
61
61
65
62
62
65
58
58
58
58
58
58
65
62
56
64
64
64
64
64
65
62
62
65
65
70
65
65
65
65
66
63
66
66
66
65
67
61
67
67
63
63
67
61
67
67
67
67
67
66
66
71
71
71
68
68
68
67
67
67
71
71
69
69
42
69
69
69
71
69
69
69
70
70
70
70
70
70
70
70
71
71
70
71
70
70
71
71
71
71
71
71
71
71
73
73
73
72
72
72
72
72
73
71
73
71
73
49
73
73
75
74
74
74
73
72
72
75
75
75
76
76
76
76
76
10
53
75
30
2
3
5
22
24
21
19
25
25
18
25
15
13
6
3
3
22
22
24
22
7
28
28
28
28
46
44
43
45
69
40
61
68
68
67
63
63
56
37
37
37
38
38
36
40
41
39
36
36
23
23
27
27
27
27
27
27
28
28
28
28
8
27
30
51
28
32
35
35
38
59
60
60
60
34
31
59
59
31
30
35
34
31
31
31
29
31
31
69
28
35
23
8
24
44
40
37
58
28
29
29
31
27
29
30
36
5
61
42
76
64
