1
1
1
1
1
1
1
1
1
2
1
2
2
2
2
2
2
2
2
2
2
4
2
2
2
77
1
1
1
77
2
2
4
77
4
77
4
3
3
77
4
4
4
3
3
77
77
77
77
3
3
4
3
2
4
4
2
4
4
4
14
5
4
5
5
5
5
5
5
5
16
16
16
5
5
5
3
5
5
3
5
3
6
6
6
5
5
6
6
6
6
6
6
6
5
5
5
5
5
5
7
7
6
7
6
6
7
7
7
7
7
7
7
7
7
7
7
7
7
7
7
7
7
8
7
8
8
8
8
8
8
8
8
7
8
8
8
8
8
8
8
8
8
9
9
9
11
10
10
10
76
10
10
11
11
11
15
11
11
12
12
13
12
13
13
14
14
14
14
14
14
16
14
16
16
16
14
15
15
15
15
15
15
15
15
15
15
15
15
15
16
15
16
16
16
16
16
16
16
16
16
16
21
21
16
15
15
15
17
17
76
76
17
17
17
17
18
21
21
15
17
15
17
19
19
19
19
19
19
19
25
19
19
21
20
20
20
20
21
21
21
21
16
21
21
16
16
22
22
22
22
22
22
21
22
22
22
22
22
22
22
22
22
22
22
22
22
22
22
22
22
22
20
20
25
20
22
23
20
20
23
24
24
24
24
24
24
23
24
24
24
24
24
24
24
24
24
24
24
24
24
24
24
24
24
24
24
24
24
24
24
25
25
25
25
25
25
25
25
25
25
25
25
25
25
25
25
25
25
25
25
25
25
26
26
25
25
25
26
26
26
26
26
23
27
23
23
27
27
28
27
27
27
31
28
31
31
31
31
26
29
30
29
29
29
29
30
58
58
58
58
31
30
30
58
58
29
58
31
31
31
31
31
31
31
31
8
8
33
33
34
34
34
34
34
35
34
35
36
38
35
36
38
38
38
38
40
40
38
37
40
38
39
39
38
38
39
39
39
40
40
40
40
39
41
40
41
41
42
42
42
42
42
42
42
42
42
40
42
42
42
42
42
42
43
43
43
43
43
43
43
43
46
43
43
46
44
44
44
44
44
44
47
47
49
46
46
46
43
43
46
46
46
46
46
47
46
45
48
46
51
49
49
49
49
75
49
49
49
49
75
49
49
49
51
50
50
46
51
51
52
52
52
52
52
52
50
49
53
53
49
53
53
53
54
50
55
55
56
56
56
56
56
56
56
56
62
58
57
57
58
57
58
58
58
58
58
58
58
58
58
59
59
59
60
60
59
60
59
61
34
61
67
61
67
58
58
58
63
67
67
61
61
62
62
62
62
58
63
63
65
63
65
65
62
64
64
64
64
64
65
65
65
65
65
65
65
66
65
65
70
66
70
66
70
70
65
68
67
67
63
63
63
67
68
68
68
67
63
70
67
71
71
71
71
61
68
42
42
71
71
71
71
69
69
42
69
69
69
69
44
69
43
70
65
65
70
70
70
70
71
71
71
71
71
70
71
71
71
71
71
71
71
71
71
71
71
72
72
72
72
72
72
73
72
71
71
72
73
73
73
72
74
74
74
75
75
75
75
75
75
76
76
76
76
76
76
53
75
58
2
3
4
22
22
16
20
25
25
19
19
15
14
5
6
3
22
22
22
22
7
31
28
31
31
46
73
43
45
42
40
42
61
61
71
66
63
56
34
37
38
38
38
38
40
41
39
36
36
23
27
23
27
27
27
27
27
27
28
28
31
8
26
29
51
32
32
35
36
36
59
60
60
60
34
60
59
59
30
58
34
31
31
31
30
29
29
30
69
31
35
26
8
7
73
42
61
58
31
26
30
31
31
29
58
38
16
34
42
76
62
