1
1
1
1
1
1
77
77
2
1
1
2
2
2
2
2
2
2
2
4
2
4
2
2
4
1
1
1
1
77
2
77
77
1
77
77
77
77
77
77
4
4
4
4
77
77
3
3
3
3
4
5
3
4
4
4
4
4
4
4
14
4
4
5
5
16
5
5
5
5
5
5
5
5
5
5
5
5
5
5
5
3
3
6
6
6
5
6
6
6
6
6
6
6
6
6
5
5
7
7
6
6
6
6
7
7
6
7
6
7
7
6
6
7
7
22
6
6
7
7
7
7
7
7
7
8
8
8
8
7
8
7
8
7
8
8
8
8
8
8
8
8
8
9
9
10
10
10
10
10
10
10
10
11
10
11
11
10
11
11
12
12
11
13
13
13
14
14
16
14
14
16
16
16
14
14
14
15
15
15
15
15
15
15
15
15
15
15
15
15
16
16
16
16
14
16
16
16
16
16
16
16
16
15
16
15
15
17
17
17
17
17
17
18
17
17
18
15
15
19
17
15
19
19
19
19
19
15
19
19
19
19
19
20
20
20
20
20
21
16
21
21
21
22
21
21
5
22
22
22
22
22
22
22
22
20
22
22
22
22
22
22
22
22
22
22
22
22
22
24
22
22
20
20
20
20
22
23
23
23
26
24
24
24
24
24
24
23
24
24
24
24
24
24
24
24
24
24
24
24
24
24
24
24
24
24
24
24
24
24
24
25
25
25
25
25
25
25
25
25
25
25
25
25
25
25
25
25
25
25
25
25
25
26
26
25
25
25
25
25
25
27
25
27
27
27
27
29
29
8
28
28
28
28
28
28
28
31
28
30
30
29
30
30
30
30
30
30
30
30
30
30
30
30
30
30
30
30
33
33
33
33
28
31
31
31
8
8
8
34
33
60
34
34
34
35
34
35
36
36
35
36
38
38
38
38
39
38
38
38
38
38
39
39
39
38
39
39
39
40
40
40
40
41
39
40
41
41
41
42
42
41
41
42
42
42
42
42
40
42
69
42
42
43
42
43
43
43
43
43
43
43
43
43
43
43
44
44
44
44
44
44
44
44
49
45
43
46
46
46
46
46
46
46
46
47
45
47
47
48
48
49
49
49
49
73
49
49
49
49
49
49
49
49
47
51
50
51
51
51
46
46
52
52
52
52
53
53
53
53
53
53
53
53
54
54
52
55
30
56
56
56
56
56
56
64
64
58
58
57
57
57
58
58
30
58
58
58
58
58
58
58
59
59
60
60
60
60
58
59
61
61
61
61
61
61
61
67
67
67
61
68
61
63
62
62
63
63
63
63
63
63
63
63
64
64
64
64
64
64
64
63
65
65
65
70
65
65
63
63
65
65
66
66
70
70
70
68
61
67
67
63
66
67
61
61
67
67
66
66
67
71
71
71
70
68
61
37
68
68
69
68
68
69
42
42
69
69
69
69
69
69
44
70
70
70
70
70
70
70
70
71
71
71
71
71
71
71
71
71
71
71
71
71
71
71
73
72
72
72
72
72
72
73
73
73
73
72
73
73
73
72
74
74
74
73
53
75
75
53
53
76
76
76
76
76
10
53
74
30
2
3
5
22
22
21
20
25
25
19
19
15
13
5
6
5
22
22
22
7
7
28
28
28
28
46
49
43
47
42
40
37
68
68
67
66
63
56
34
37
38
38
38
39
40
41
39
36
36
23
23
27
27
27
27
29
27
28
31
31
31
8
29
30
51
32
32
35
36
36
60
60
59
60
60
60
59
59
30
30
34
60
31
31
30
29
29
30
69
33
35
20
7
24
44
69
59
58
31
29
29
31
31
30
30
38
5
61
42
76
56
