1
1
1
1
1
1
1
1
1
1
1
2
2
2
2
2
2
2
2
2
13
2
2
4
2
77
77
77
77
77
2
2
2
77
2
77
77
77
77
77
77
4
4
4
77
3
3
3
3
5
4
5
3
4
4
4
4
4
4
4
14
4
4
5
5
5
5
5
5
5
5
16
5
5
5
5
5
5
5
5
3
6
6
3
3
3
6
3
3
6
6
6
6
7
7
6
6
6
7
7
7
6
6
7
6
6
6
7
7
7
7
7
7
7
7
7
7
7
7
7
7
7
7
7
7
8
8
8
8
7
8
8
8
8
8
8
8
8
8
8
8
8
7
9
9
9
10
10
10
10
10
10
10
11
10
11
11
11
11
12
12
13
12
13
14
13
14
13
14
14
14
14
14
14
14
16
14
15
15
15
15
15
15
15
15
15
15
15
15
15
14
16
16
16
16
16
16
16
16
16
16
16
16
16
16
15
15
17
17
17
17
17
17
17
17
19
18
19
15
19
19
19
19
19
19
19
19
19
19
19
19
19
25
20
20
20
20
20
21
21
21
22
21
21
21
21
21
22
22
22
22
22
22
22
22
20
22
22
22
22
22
22
22
22
22
22
22
22
22
23
23
22
22
20
20
22
23
23
23
23
26
24
24
24
24
24
24
24
24
24
24
24
24
24
24
24
24
24
24
24
24
24
24
24
24
24
24
24
24
24
24
25
25
25
25
25
25
25
25
25
25
25
25
25
25
25
25
25
25
25
25
25
25
23
23
25
25
25
25
25
27
27
29
27
27
23
27
27
27
28
28
31
28
33
31
28
33
33
33
29
30
31
29
29
29
30
30
30
30
30
30
31
30
30
30
30
29
29
33
31
31
31
31
28
31
28
8
8
33
33
33
34
34
34
34
34
34
34
36
38
38
36
36
38
38
38
38
38
38
38
38
38
39
39
36
38
39
39
39
40
40
40
40
41
41
41
41
41
42
42
42
41
41
42
42
42
42
42
42
42
42
42
42
43
42
42
43
43
43
43
43
43
46
43
43
43
44
44
44
44
44
49
44
48
44
45
46
46
46
46
46
46
51
46
52
48
45
47
48
51
51
49
49
49
49
49
49
49
49
49
73
49
49
49
50
50
50
51
50
50
52
52
51
52
52
51
53
53
53
53
53
53
53
54
54
54
55
54
30
56
56
57
56
56
56
56
56
57
57
57
57
57
58
58
58
58
58
58
58
58
58
59
61
61
60
31
60
60
61
61
61
68
61
61
61
61
61
63
61
61
61
61
61
62
57
62
62
63
58
62
63
58
63
66
64
56
64
64
64
64
64
65
65
65
65
65
64
66
66
66
65
66
66
65
65
66
65
67
67
67
61
67
67
67
67
68
67
66
67
67
66
67
71
67
67
68
68
68
71
71
68
68
71
69
69
42
69
69
68
71
44
69
69
70
65
65
70
70
70
72
72
71
71
71
71
71
71
71
71
44
71
71
71
71
73
49
72
72
72
72
72
72
72
73
73
73
73
72
73
73
73
72
74
74
74
75
75
75
75
53
75
76
76
76
76
76
10
53
72
30
1
3
4
22
22
21
20
25
25
25
18
15
13
6
3
3
22
22
22
22
7
33
28
33
33
46
49
43
45
42
40
37
68
68
71
63
63
56
37
37
38
38
38
38
37
41
39
36
36
23
27
23
23
27
27
27
27
27
28
28
33
8
31
29
51
32
32
35
38
38
60
60
60
60
60
60
59
59
31
30
34
34
28
31
30
30
30
30
43
33
35
23
7
24
44
69
61
58
28
29
31
31
31
29
31
38
16
68
42
76
56
