1
1
1
1
1
1
1
1
1
2
1
2
2
2
2
2
2
2
2
2
2
2
2
2
2
77
1
1
1
77
77
4
4
77
77
77
77
77
77
77
77
4
4
4
3
77
3
77
3
3
4
4
3
4
4
4
4
4
4
5
14
5
5
5
5
5
5
5
5
5
5
5
5
5
5
5
3
5
3
3
6
6
6
6
6
3
6
6
6
6
6
3
3
3
3
5
5
5
6
6
6
6
6
7
7
7
7
7
7
7
7
7
7
7
7
22
7
7
7
7
7
7
7
8
8
8
8
8
7
8
8
8
8
8
8
8
8
32
8
8
8
8
7
9
9
9
10
10
9
10
10
10
10
11
11
10
15
12
15
12
12
14
12
2
14
13
4
14
16
14
14
16
16
16
14
16
14
15
15
15
15
15
15
15
19
15
19
16
19
15
16
16
16
16
16
16
16
16
16
16
16
20
16
20
20
15
15
17
17
76
76
17
17
17
18
18
18
16
19
19
19
19
19
19
19
19
19
16
19
19
19
19
19
20
20
20
20
19
21
21
21
22
22
22
21
21
21
22
22
22
20
22
22
22
20
20
20
22
22
22
22
22
22
22
24
22
22
22
20
23
23
22
22
23
23
22
23
23
23
22
23
24
22
24
24
24
24
24
24
24
24
24
24
24
24
24
24
24
24
24
24
24
24
24
24
24
24
24
24
24
24
25
25
25
18
25
25
25
25
25
25
25
25
25
25
25
25
25
25
25
25
25
26
23
23
23
25
26
26
26
26
29
25
27
27
27
29
29
27
8
28
28
28
28
28
28
28
28
28
30
29
29
30
29
30
30
30
30
30
30
30
31
30
30
30
30
30
30
31
28
31
28
28
31
28
31
8
32
32
33
28
60
35
60
35
33
35
35
35
38
35
36
38
38
35
37
38
38
38
38
38
38
39
38
38
41
39
39
39
40
40
40
40
39
39
41
41
41
41
39
41
41
41
41
41
42
42
42
42
42
42
42
42
43
43
43
43
43
43
43
46
43
46
46
43
46
69
69
44
44
44
49
44
47
44
48
52
46
48
46
48
46
48
46
52
47
48
47
47
51
48
49
47
50
49
49
50
50
49
49
49
49
49
49
50
50
50
51
48
51
52
51
51
52
52
52
53
53
53
53
53
53
53
54
54
54
55
51
30
56
56
57
56
56
56
64
56
57
57
57
57
57
58
30
57
58
58
58
58
58
58
59
59
59
31
60
60
60
58
37
61
37
37
61
61
61
57
67
67
61
61
61
61
62
62
62
62
63
57
57
63
57
63
63
64
64
64
64
64
64
64
65
62
65
65
65
65
66
63
66
65
66
66
66
66
70
70
67
61
67
67
67
71
67
67
67
71
71
71
67
67
71
67
71
71
68
68
69
68
68
69
71
67
69
69
42
69
69
69
69
69
69
69
70
70
70
70
70
70
70
71
71
71
71
71
70
70
70
71
71
71
71
71
73
71
71
73
73
72
72
74
72
75
73
73
73
73
73
49
73
73
74
74
74
74
75
75
75
75
53
75
76
76
76
76
76
10
53
74
30
2
3
4
22
22
21
19
25
25
19
18
16
13
3
6
3
22
22
22
7
7
28
28
28
28
46
49
43
45
42
40
37
68
69
67
63
63
56
37
37
37
38
38
38
40
41
41
36
36
23
23
27
27
27
27
29
28
28
28
28
28
8
29
29
51
32
8
35
35
38
59
60
59
60
60
31
58
59
31
30
33
34
31
30
30
30
30
30
43
28
35
23
7
24
44
69
37
57
28
29
30
31
29
30
30
38
22
61
42
76
64
