1
2
1
1
77
1
1
1
1
1
1
2
2
2
2
2
2
2
2
2
13
2
2
2
2
77
77
77
77
1
2
4
4
77
4
77
4
77
77
77
77
4
4
4
4
77
3
77
3
5
5
5
3
2
4
2
4
4
4
4
14
4
4
5
5
5
5
5
5
5
5
5
5
5
5
5
3
5
6
6
3
3
6
6
3
6
6
3
3
6
6
6
6
6
5
5
5
7
6
7
7
6
6
7
6
6
6
7
7
7
7
7
7
7
7
7
7
7
7
7
7
7
7
7
7
8
8
8
7
8
8
8
8
8
8
8
8
8
8
8
8
7
8
9
9
10
11
10
10
10
10
10
10
11
11
11
11
11
11
11
12
12
12
13
13
13
14
14
14
13
14
16
16
14
14
16
14
15
15
15
15
15
17
15
15
15
15
15
15
15
15
16
16
16
16
16
16
5
16
16
16
16
16
20
16
17
17
17
17
17
17
17
17
17
15
15
19
15
15
19
15
15
19
19
19
25
19
19
20
25
25
19
19
20
20
20
20
22
21
16
21
21
21
21
21
21
21
22
22
22
22
22
22
22
22
22
22
22
22
22
22
22
22
22
22
22
22
22
22
23
23
22
20
20
20
20
22
23
22
23
23
24
24
24
24
24
24
24
24
24
24
24
24
24
24
24
24
24
24
24
24
24
24
24
24
24
24
24
24
24
24
25
25
25
25
25
25
25
25
25
25
25
25
25
25
25
25
25
25
25
25
25
25
26
26
26
25
25
26
26
26
26
29
29
27
27
29
29
31
7
28
28
31
28
28
31
28
31
28
58
29
31
29
58
58
30
30
30
30
30
31
31
58
58
58
58
30
30
31
31
31
31
28
31
31
31
8
33
33
31
31
60
34
34
34
35
34
38
38
38
35
38
36
36
38
38
38
38
38
38
38
40
39
39
36
36
39
39
39
40
40
40
40
42
39
40
39
41
42
42
42
41
41
42
42
42
42
42
42
42
42
42
42
43
43
43
43
43
43
43
46
43
46
46
43
46
44
47
44
44
44
49
49
47
47
43
52
46
46
46
46
46
46
46
46
47
43
47
47
48
46
49
49
49
49
49
50
50
50
49
49
75
49
49
50
50
50
51
46
51
52
52
52
52
52
52
53
49
53
53
53
53
53
53
54
54
55
51
58
56
56
56
56
56
56
64
56
57
58
57
57
57
58
58
58
58
58
58
58
58
58
59
59
59
60
60
60
60
59
59
61
68
61
59
59
67
58
58
67
61
61
68
68
58
62
62
62
58
58
58
63
63
65
65
64
64
64
64
64
64
64
62
62
65
62
65
65
66
63
65
65
66
66
66
65
70
70
68
67
67
67
66
66
67
67
67
67
67
66
66
67
68
71
71
67
68
68
69
68
68
69
71
68
71
69
69
69
71
71
71
69
69
43
70
70
70
70
70
70
70
72
71
71
71
71
70
71
71
71
71
71
71
71
71
71
71
72
73
72
72
72
73
73
71
73
73
73
73
49
49
73
74
74
74
74
49
73
75
75
75
75
76
76
76
76
76
10
53
75
58
1
3
5
22
22
21
20
20
25
19
18
16
13
5
3
3
22
22
22
7
7
28
28
28
28
46
49
43
45
69
40
68
68
68
68
63
63
56
38
37
38
38
38
36
40
39
39
36
36
23
27
26
27
27
27
27
27
28
31
31
31
8
31
29
51
31
32
35
35
38
60
60
60
60
34
60
59
59
31
58
35
34
31
31
29
29
29
29
69
31
35
26
7
24
44
69
61
58
31
29
31
31
28
58
30
36
5
61
42
76
62
