1
1
1
1
1
1
1
1
1
1
1
2
2
13
2
2
2
2
2
2
13
2
2
2
2
77
77
77
77
1
77
77
77
77
77
77
77
77
77
77
77
77
3
3
3
3
3
3
3
3
3
3
3
4
4
4
4
4
4
4
4
4
4
5
5
5
5
5
5
5
5
5
5
5
5
5
6
6
5
6
6
6
6
6
6
6
6
6
6
6
6
6
6
6
6
5
6
6
6
6
7
6
6
7
6
7
6
7
7
7
7
7
7
7
7
7
7
7
7
7
7
7
7
7
7
8
8
8
8
8
8
8
8
8
8
8
8
8
8
8
8
8
8
9
9
9
10
10
10
10
10
10
10
11
11
11
11
12
12
12
12
12
12
13
12
13
14
14
14
14
14
14
14
16
14
14
4
15
15
12
15
12
15
15
15
15
15
15
15
15
14
16
16
16
16
16
16
16
16
16
16
16
16
20
20
17
17
17
17
17
17
17
17
17
17
17
18
19
19
19
19
15
19
19
19
19
19
20
19
19
19
19
19
20
20
20
20
20
21
21
21
21
21
21
21
22
21
22
22
22
22
22
22
22
22
20
22
22
22
22
22
22
22
22
22
22
20
20
22
23
23
23
20
23
23
23
23
23
23
23
23
24
24
24
24
24
24
24
24
24
24
24
24
24
24
24
24
24
24
24
24
24
24
24
24
24
24
24
24
24
24
25
25
25
25
25
25
25
25
25
25
25
25
25
25
25
25
25
25
25
25
25
25
23
26
26
26
25
26
26
26
27
29
27
27
27
27
27
27
28
28
28
28
28
28
28
28
28
28
29
29
29
29
29
29
30
30
30
30
29
30
31
30
30
30
30
30
30
31
31
31
31
28
31
31
31
32
32
32
33
33
34
34
34
34
35
35
35
35
35
35
35
38
38
38
37
38
38
37
38
38
38
39
39
39
39
39
39
39
40
40
40
40
41
41
41
41
41
41
41
41
41
41
42
42
42
42
42
42
42
42
42
42
42
43
43
43
43
43
42
43
43
43
43
43
43
44
47
44
44
44
44
44
44
44
46
46
46
46
46
46
46
46
46
50
47
48
48
48
50
50
49
47
49
49
49
49
49
50
50
49
49
49
49
50
50
50
51
51
50
52
52
52
52
55
52
53
53
53
53
53
53
53
54
54
54
55
54
56
56
56
56
56
56
56
64
56
57
30
57
57
57
30
30
58
58
58
58
58
58
58
59
59
59
60
60
60
60
61
61
61
37
61
61
61
61
63
61
61
61
61
61
61
62
62
62
62
63
63
63
63
63
63
63
64
64
64
64
64
64
64
65
65
65
65
65
65
66
63
66
66
66
66
66
66
66
66
67
61
61
67
67
61
61
67
67
67
67
67
67
67
67
67
67
67
68
68
68
68
68
68
68
67
69
69
69
69
69
69
69
69
69
69
70
70
70
70
70
70
70
70
71
71
71
71
71
71
71
71
44
71
71
70
71
71
49
72
73
72
72
72
72
72
73
73
73
73
73
73
73
73
74
74
74
74
73
75
75
75
75
75
76
76
76
76
76
10
53
75
30
1
3
4
22
22
20
20
25
25
19
19
15
13
5
6
6
22
22
22
7
7
28
28
28
28
46
49
43
45
42
40
68
61
68
67
66
63
56
37
37
37
37
38
38
40
41
39
36
36
23
23
27
27
27
27
27
27
28
28
28
28
8
29
29
51
32
32
35
35
35
60
60
60
37
60
60
59
59
30
30
33
34
31
31
29
29
30
29
69
28
35
23
8
24
44
69
61
58
28
29
30
31
29
29
30
38
5
37
42
76
56
