1
2
1
1
1
1
1
1
1
1
1
2
2
2
2
2
1
2
2
13
13
2
2
1
2
77
77
77
1
77
2
77
77
77
77
77
77
77
77
77
77
4
4
4
3
3
3
3
3
3
4
3
3
2
4
2
4
4
4
4
14
14
5
4
5
5
5
5
5
5
5
5
5
5
5
22
4
4
5
6
3
6
6
3
3
6
6
6
7
7
6
6
6
6
6
6
22
6
6
7
7
6
7
6
6
6
6
7
6
6
6
7
7
7
6
22
22
7
7
7
7
7
8
8
7
8
8
8
8
8
8
8
8
7
8
8
8
8
8
8
8
8
8
9
9
9
10
10
10
10
76
10
10
12
11
11
15
11
12
10
10
13
12
13
13
4
14
14
14
13
14
14
14
16
14
16
14
15
15
15
15
15
15
15
15
15
15
15
15
15
14
15
16
16
16
16
5
16
16
16
16
16
16
16
21
17
15
17
17
17
76
18
18
18
19
15
18
15
15
15
15
15
19
15
19
19
19
19
19
19
19
19
19
16
20
20
19
20
21
21
21
20
16
21
21
21
5
22
22
21
22
22
22
20
22
20
22
22
21
21
22
22
22
22
22
22
22
23
22
23
23
23
20
23
23
20
23
24
23
20
23
24
24
24
24
24
24
24
24
24
24
24
24
24
24
24
24
24
24
24
24
24
24
24
28
28
24
24
24
24
24
25
25
25
18
25
25
25
25
25
25
25
25
25
25
25
25
25
25
25
25
25
25
27
26
23
26
26
23
26
27
26
26
25
27
27
25
25
27
28
28
28
28
28
28
28
28
28
28
29
29
29
29
29
29
30
30
56
56
56
30
31
56
30
30
30
29
30
31
31
28
31
28
28
28
28
8
32
32
33
34
60
34
34
35
33
35
33
36
35
35
36
36
38
38
39
38
38
39
38
40
38
39
39
39
38
39
39
39
40
40
40
42
41
39
41
41
41
41
41
42
41
41
42
42
42
42
42
42
42
42
42
43
43
42
43
43
43
43
43
46
43
43
43
46
46
44
47
44
44
44
49
44
44
44
45
46
46
45
46
46
46
45
46
52
51
45
48
48
48
45
49
44
49
49
73
49
49
49
73
49
49
49
49
50
50
50
51
51
51
52
52
52
52
52
52
53
53
53
53
54
54
53
54
54
54
55
54
56
56
56
56
56
56
56
64
56
58
57
57
58
57
58
58
56
58
58
58
58
58
58
59
59
59
60
31
31
31
63
61
38
61
61
61
61
61
63
63
67
61
61
61
61
62
62
62
63
63
58
62
62
58
63
63
65
64
64
64
64
64
64
65
65
65
65
65
65
66
63
63
63
66
67
66
66
70
65
67
67
67
67
67
67
67
67
67
67
67
67
67
67
67
68
71
67
61
61
68
68
68
69
68
68
69
69
42
69
69
71
71
44
69
45
70
65
70
70
70
70
70
70
71
71
71
67
70
70
71
71
71
71
73
71
71
73
49
73
72
72
72
72
72
72
73
73
73
73
72
73
73
73
72
74
74
74
73
75
75
75
75
75
76
76
76
76
76
10
53
75
56
1
3
4
22
22
16
20
25
25
19
18
15
4
5
3
6
22
22
22
22
7
28
28
28
28
46
49
43
45
69
40
61
61
68
67
66
63
56
38
37
38
39
38
39
40
41
41
36
36
24
28
27
27
27
28
27
27
28
28
28
28
8
29
25
51
28
8
35
35
35
60
60
59
60
34
31
59
59
30
56
33
34
28
31
30
29
30
30
69
28
35
23
8
24
44
69
38
58
28
25
29
31
27
29
58
38
5
61
42
76
62
