1
2
1
1
1
1
1
1
1
2
1
2
2
2
2
2
2
2
2
13
2
2
2
2
4
77
77
1
1
1
1
4
4
77
77
77
77
77
77
77
77
4
4
77
3
77
3
77
3
3
3
4
3
4
4
14
14
16
4
16
4
16
16
5
16
16
5
5
5
5
5
5
5
5
7
5
4
4
5
6
4
3
6
6
3
3
6
6
6
6
6
6
6
6
7
6
5
7
7
7
7
7
6
6
6
6
6
7
7
7
7
7
7
7
7
7
7
7
7
7
7
7
7
7
7
8
8
8
8
8
8
8
8
8
8
8
8
8
8
8
8
8
8
9
9
9
15
10
10
10
15
15
15
15
11
15
15
11
15
12
12
12
14
13
13
13
14
14
14
14
14
14
14
16
14
14
16
15
15
15
15
15
17
15
15
19
19
15
15
15
16
16
14
16
14
16
16
16
16
16
16
16
16
20
16
17
17
17
17
17
76
18
18
18
18
19
18
15
19
15
19
15
19
19
15
19
19
20
20
19
25
25
19
20
20
20
20
23
21
22
21
22
22
22
21
21
21
21
21
21
22
22
20
22
23
20
20
22
22
22
22
22
22
24
22
22
22
23
23
23
22
22
23
23
20
23
22
23
23
23
23
24
24
24
24
24
24
23
24
24
24
24
24
24
24
24
24
24
24
24
24
24
23
27
24
28
24
24
24
24
24
25
25
25
25
25
25
25
25
25
25
25
25
25
25
25
25
25
25
25
25
25
25
27
26
23
25
25
26
26
27
27
27
27
27
27
27
29
27
28
24
28
28
28
28
28
28
28
28
29
30
30
29
30
30
30
30
29
30
31
31
58
29
30
30
30
30
30
31
31
28
28
28
28
28
31
8
8
32
33
34
60
34
34
34
35
35
36
35
38
35
36
38
38
38
38
38
38
38
38
40
38
39
39
39
39
39
39
39
41
41
40
42
41
41
41
42
42
41
41
41
41
42
42
42
42
42
42
42
42
42
42
42
43
43
43
43
43
43
43
43
43
43
43
43
43
44
44
69
44
44
44
44
47
44
46
43
46
46
46
46
46
46
46
46
47
48
45
48
48
46
44
47
49
49
49
49
49
50
49
73
49
49
49
50
50
50
51
51
48
46
46
52
52
52
52
53
75
75
53
75
53
53
53
54
50
55
51
30
56
56
30
56
56
56
56
56
57
57
57
62
57
58
58
30
58
58
58
58
58
58
59
59
59
34
60
31
60
59
59
37
61
61
61
67
67
58
67
67
67
61
61
61
62
57
64
62
58
63
63
62
63
62
62
64
64
56
64
64
64
64
62
64
65
65
65
65
62
62
62
66
66
66
66
65
70
70
61
61
67
67
66
66
67
61
67
67
67
66
66
67
71
71
71
67
68
67
68
68
67
68
68
68
69
69
42
69
69
68
71
69
69
45
70
65
70
70
70
70
70
72
71
71
71
71
70
71
71
71
71
71
71
71
71
71
49
72
72
72
72
72
72
72
73
71
73
73
73
49
73
73
72
72
72
74
73
75
75
75
75
75
76
76
76
76
76
10
53
74
30
1
3
4
22
22
21
20
20
25
25
18
15
14
6
3
3
22
24
24
7
7
28
28
28
28
46
49
43
45
69
40
68
68
67
67
63
63
56
37
37
37
38
38
39
40
42
41
36
36
23
27
23
27
27
27
27
28
28
28
28
28
8
29
29
51
32
32
35
35
35
59
60
60
60
34
31
59
59
31
30
33
34
31
58
29
30
30
30
69
28
35
23
8
24
44
69
61
62
31
29
30
31
29
30
58
38
5
61
42
76
56
