1
1
1
1
1
1
1
77
1
2
1
2
2
2
2
2
2
2
2
2
2
2
2
2
2
77
1
1
1
77
2
2
4
77
4
77
77
77
4
77
4
4
4
4
3
77
77
3
3
3
4
3
3
4
14
14
13
4
4
4
14
5
4
5
5
5
5
5
5
5
5
5
5
5
5
5
5
5
5
5
3
3
6
3
3
3
3
3
6
6
3
6
3
6
6
7
7
7
6
6
6
6
6
7
6
7
6
7
7
7
7
7
7
7
7
5
7
7
7
7
7
7
7
7
7
8
8
8
7
8
8
8
8
8
8
8
8
8
8
8
8
8
8
9
9
10
11
10
10
10
10
10
10
11
11
11
11
11
15
12
12
12
12
13
13
13
14
14
13
14
13
14
14
14
14
16
14
15
15
15
15
15
17
17
15
19
19
19
19
19
13
15
16
16
16
16
16
5
16
16
21
16
16
16
16
17
17
17
17
17
76
17
17
18
18
17
18
19
19
19
19
19
19
19
19
19
19
19
19
19
19
19
19
19
20
20
20
20
21
21
21
21
21
21
21
21
21
21
22
22
22
22
22
22
22
20
22
22
22
22
22
22
22
22
22
22
22
22
20
24
23
22
22
23
23
22
22
23
22
22
23
24
24
24
22
24
24
24
24
24
24
24
24
24
24
24
24
24
24
24
24
24
24
24
24
24
24
24
24
24
24
19
25
25
18
25
25
25
25
25
25
25
25
25
25
25
25
25
25
25
25
25
25
29
26
25
25
25
26
26
29
25
25
29
29
27
27
27
27
31
28
28
28
31
28
31
31
31
31
29
30
31
29
30
29
30
30
30
30
30
30
31
30
30
30
30
30
30
31
31
31
31
31
31
31
31
8
32
32
33
33
34
35
34
34
33
35
33
38
34
34
38
38
36
38
40
38
40
40
37
40
38
39
39
36
36
39
39
39
40
40
40
40
42
42
40
42
41
41
42
42
42
42
42
42
42
42
40
42
42
42
42
43
42
43
43
43
43
43
43
43
43
43
43
43
43
44
45
44
44
44
44
47
44
44
46
46
43
43
43
46
46
46
43
52
48
45
45
48
48
45
49
51
51
49
73
49
49
49
49
75
49
49
49
51
50
49
51
45
45
52
52
52
52
52
52
53
49
75
53
53
53
53
53
54
54
55
51
30
30
56
30
56
56
56
56
62
57
57
57
57
57
58
58
58
58
58
58
58
58
58
59
59
59
60
31
60
60
58
67
61
61
61
61
67
58
58
58
58
67
67
67
61
62
62
62
62
58
58
58
63
58
63
65
64
64
64
64
64
64
64
65
64
70
65
70
70
63
65
65
65
66
66
65
70
71
70
71
71
67
58
63
63
67
71
71
71
67
66
66
67
67
71
71
71
71
68
68
68
71
68
71
71
69
69
42
69
69
69
44
69
69
44
70
70
70
70
70
70
70
72
71
71
71
71
71
71
71
71
71
71
71
71
71
71
71
72
73
72
72
72
75
72
71
73
73
73
73
73
73
73
72
74
74
74
75
75
75
75
75
75
76
76
76
76
76
10
53
75
30
1
3
4
22
22
21
23
25
25
19
18
15
13
3
3
3
22
22
22
7
7
31
28
31
31
46
49
46
45
42
40
37
71
37
71
63
63
56
38
37
37
38
38
36
40
42
39
36
36
23
27
23
29
27
27
27
27
27
28
28
31
8
27
30
51
33
8
35
35
38
59
60
60
38
60
60
59
59
30
30
33
34
31
31
30
29
30
29
69
31
35
23
8
24
44
69
61
58
31
29
29
31
29
29
31
36
5
61
42
76
62
