1
2
1
1
1
1
1
1
1
1
1
2
2
2
2
2
2
2
2
13
2
2
2
2
2
77
77
77
77
77
2
2
77
77
77
77
77
77
77
77
77
77
77
3
3
3
3
3
3
3
4
4
3
4
4
4
14
4
4
5
5
5
4
5
5
5
5
5
5
5
5
5
5
5
5
5
4
4
5
4
3
4
6
4
4
4
5
6
6
6
6
6
6
6
6
5
5
5
5
6
7
6
6
6
6
6
6
7
7
7
7
7
7
7
7
5
7
7
7
7
7
7
7
7
7
8
8
8
8
7
8
8
8
7
8
8
8
8
8
8
8
28
28
9
9
9
15
15
10
10
10
10
15
12
15
15
15
11
12
12
12
12
12
13
12
13
14
14
14
12
14
16
16
16
14
14
16
15
15
15
18
18
18
15
15
15
15
15
15
18
15
16
16
16
16
16
16
16
16
16
16
16
20
20
16
18
18
18
18
17
76
17
17
18
18
18
18
15
20
19
18
19
18
19
19
19
20
20
19
19
19
18
18
20
20
20
20
20
21
20
20
21
20
21
21
21
5
22
22
22
22
22
22
22
20
20
22
22
22
22
22
22
22
22
22
22
22
22
22
23
23
20
20
23
23
20
23
23
20
20
23
24
24
24
24
24
24
24
24
24
24
24
24
24
24
24
24
24
28
28
24
24
24
24
24
28
24
24
24
24
24
25
25
25
18
25
25
25
25
25
25
25
25
25
25
25
25
25
25
25
25
25
25
23
25
25
25
25
25
26
23
26
26
27
27
27
27
29
27
28
28
28
28
28
28
28
28
28
28
30
30
29
29
30
30
30
30
30
30
30
30
30
30
30
30
30
30
30
31
31
28
31
28
31
31
31
28
28
32
33
28
34
35
35
38
35
35
35
36
35
35
36
36
38
38
38
36
36
36
38
38
38
39
39
39
39
39
39
39
40
40
40
40
41
39
41
36
41
41
41
41
41
41
42
42
42
42
42
40
69
69
69
43
42
43
43
43
69
43
43
45
69
45
52
45
45
44
45
44
44
44
47
45
45
50
45
52
46
46
46
48
45
46
46
52
50
45
50
50
45
46
47
50
50
49
49
50
50
50
49
73
49
49
49
50
50
50
51
51
51
52
52
52
52
52
52
53
53
54
54
54
54
54
54
54
54
55
54
30
56
56
56
56
56
56
62
62
57
57
57
57
65
58
30
58
58
30
58
58
58
58
58
59
59
60
31
59
59
58
58
63
63
63
63
63
63
63
63
61
61
61
61
61
65
62
62
65
63
63
58
63
63
63
63
64
64
64
64
64
64
64
65
65
65
65
65
65
63
65
65
63
63
66
63
65
65
65
67
67
67
63
63
63
67
69
67
69
67
67
63
63
69
69
69
63
68
69
69
69
69
69
69
69
69
69
69
69
69
69
69
69
69
45
70
65
65
65
70
70
70
72
71
71
69
63
70
70
71
71
71
73
71
71
71
73
71
72
72
72
72
72
72
72
73
73
73
73
72
73
73
73
54
74
74
74
75
75
75
54
54
75
76
76
76
76
76
10
54
54
30
1
3
4
22
24
21
20
25
25
18
18
16
13
5
5
4
22
22
24
5
7
28
28
28
28
46
49
69
45
69
40
37
63
63
67
63
63
56
63
37
38
38
38
36
36
41
36
36
36
23
24
27
27
27
27
27
27
28
28
28
28
8
29
30
51
32
28
35
35
36
59
60
60
60
60
60
58
59
30
30
35
34
31
31
30
29
30
30
69
28
35
23
8
24
44
69
58
58
28
29
30
31
29
30
30
36
5
63
42
76
62
