1
1
1
1
1
1
1
1
1
2
1
2
13
13
13
2
2
13
2
2
13
2
2
2
2
77
77
77
77
77
2
4
77
77
77
77
77
77
77
77
77
4
4
4
3
3
3
3
3
4
4
4
3
4
13
4
13
13
4
13
14
13
13
5
5
13
16
5
5
5
5
16
5
5
5
7
4
4
6
6
4
3
6
3
4
4
6
6
6
6
6
6
7
6
6
7
7
7
6
7
6
6
6
7
6
7
6
7
7
7
7
7
7
7
7
7
7
7
7
7
7
7
7
7
7
8
8
8
8
8
8
8
8
8
8
8
8
8
8
8
8
8
8
9
9
9
10
10
10
10
10
10
10
11
11
15
15
12
15
12
12
13
12
13
13
13
14
13
14
13
14
14
14
14
14
14
14
15
15
15
15
15
15
15
15
15
15
15
15
18
14
16
16
16
16
16
16
16
16
16
16
16
16
16
16
15
17
17
17
17
17
17
17
17
18
18
18
19
19
19
19
19
19
19
19
19
19
19
19
19
19
19
19
20
20
20
20
20
21
16
16
16
21
21
21
21
21
21
22
22
23
22
22
22
23
22
22
23
23
22
22
22
22
22
23
23
23
23
23
24
24
23
23
23
23
23
23
23
23
23
23
24
24
24
24
24
24
23
24
24
24
24
24
24
24
24
24
24
28
24
24
24
24
24
24
28
24
28
28
24
24
25
25
25
18
25
25
25
25
25
25
25
25
25
25
25
25
25
25
25
25
25
25
23
23
26
26
26
23
23
23
29
26
23
27
23
23
27
28
28
28
28
28
28
28
28
28
28
28
29
29
29
29
30
29
30
30
30
30
30
30
30
30
30
30
30
30
30
28
28
31
31
31
28
31
31
32
32
32
33
28
34
35
34
38
35
35
35
38
35
35
38
36
38
38
38
38
38
38
38
38
38
39
39
36
38
39
39
39
40
40
40
40
41
37
37
41
41
41
41
41
41
41
42
42
42
42
42
42
42
42
42
43
42
43
43
43
43
43
43
43
43
46
43
43
46
44
47
44
44
44
44
44
47
50
45
46
46
46
46
46
46
46
46
46
47
48
47
48
48
48
49
50
50
49
73
49
50
49
49
73
49
49
54
50
50
54
51
51
51
52
52
52
52
52
52
53
53
54
54
53
54
54
54
54
54
55
55
30
56
56
56
56
56
56
64
56
57
57
57
62
57
58
58
58
58
58
58
58
58
58
59
59
59
60
31
31
60
63
63
61
61
61
61
63
63
63
63
61
61
61
68
61
62
62
62
63
62
62
62
63
63
63
63
64
64
64
64
64
64
64
65
65
65
65
65
65
63
63
63
63
66
66
66
63
66
63
67
67
67
63
63
63
63
63
67
63
63
63
67
67
67
71
71
67
68
68
71
68
68
71
71
71
69
69
69
69
71
71
71
71
69
45
70
70
70
70
70
70
70
72
71
71
71
71
71
71
71
71
71
73
71
71
73
73
71
72
72
72
72
72
72
72
71
73
73
73
73
73
72
73
72
72
74
74
73
75
75
75
75
75
76
76
76
76
76
10
54
75
30
1
3
4
22
24
21
19
25
25
18
18
16
13
6
6
3
22
24
22
7
7
28
28
28
28
46
49
43
45
42
40
71
71
68
67
63
63
56
37
37
38
38
38
38
37
41
37
36
36
23
24
27
23
27
27
27
28
28
28
28
28
8
29
30
51
32
28
35
35
35
59
60
60
60
60
60
31
59
31
30
33
34
31
31
30
30
30
30
69
28
35
23
8
24
44
69
61
58
28
29
29
31
29
29
58
38
16
61
42
76
62
