1
2
1
1
1
1
1
1
1
2
1
2
2
2
2
2
2
2
2
13
2
2
2
2
2
77
77
1
1
77
1
4
4
77
77
77
77
77
77
77
77
77
3
3
3
3
3
3
3
5
4
5
3
4
4
4
4
4
4
4
4
4
4
5
16
16
5
5
5
5
5
5
5
5
5
7
5
5
5
5
3
3
6
6
6
6
5
6
6
6
6
6
7
5
5
5
5
5
5
7
7
6
6
6
7
7
6
7
7
6
6
7
7
7
7
7
7
7
7
6
7
7
7
7
7
7
8
8
8
7
8
8
8
8
8
8
8
8
8
8
8
8
8
9
9
10
10
10
10
10
10
10
10
11
11
11
11
15
11
12
12
12
15
12
13
13
14
14
14
14
16
14
14
14
14
16
14
15
15
15
15
15
15
15
15
15
15
15
15
15
16
14
16
16
16
16
16
16
16
16
16
16
16
16
16
15
17
17
17
17
17
17
17
17
17
17
18
20
19
15
19
15
19
19
19
19
19
20
25
19
19
19
19
20
20
20
20
20
21
21
21
22
21
21
21
21
21
22
22
22
22
21
22
22
22
22
22
22
22
22
22
22
22
22
22
22
22
22
22
22
23
22
20
20
25
20
22
23
23
20
23
24
24
24
24
24
24
24
24
24
24
24
24
24
24
24
24
24
24
24
24
24
24
24
24
24
24
24
24
24
24
25
25
25
25
25
25
25
25
25
25
25
25
25
25
25
25
25
25
25
25
25
25
26
26
25
25
29
29
29
29
29
29
26
27
27
27
29
27
8
8
28
27
31
28
28
28
28
28
29
29
30
29
30
29
30
30
30
30
30
30
30
30
30
30
30
30
30
31
31
31
31
28
31
31
31
8
8
8
33
34
34
34
34
34
35
35
38
36
38
38
36
36
38
38
38
38
38
38
38
38
38
39
39
36
38
38
39
39
40
40
40
40
41
39
40
41
41
41
42
42
41
41
42
42
42
42
42
42
42
42
42
43
43
42
45
43
42
43
43
43
43
52
52
43
52
44
44
44
44
44
44
44
44
44
45
52
46
46
46
46
45
46
52
46
47
45
45
48
46
46
49
49
49
49
49
50
50
50
49
49
49
49
49
50
50
50
46
46
51
52
52
52
52
52
52
53
53
75
75
75
53
53
53
54
49
55
51
56
56
56
56
56
56
56
64
62
57
57
57
57
57
58
30
58
58
30
58
58
59
59
59
59
59
60
31
59
60
60
61
38
61
60
61
61
60
58
58
61
61
61
61
61
58
62
62
63
63
58
58
63
63
63
63
64
62
64
64
64
64
64
65
62
65
65
65
64
66
63
65
65
66
66
66
65
66
70
67
61
67
61
67
67
67
67
67
67
67
67
67
66
67
67
67
71
68
68
69
68
71
71
71
71
69
69
69
69
44
71
71
44
69
45
70
65
70
70
70
70
71
72
71
71
71
71
71
71
71
71
71
71
71
71
71
71
71
72
72
72
72
72
75
72
49
73
73
73
73
49
73
73
72
74
74
74
49
75
72
75
75
49
76
76
76
76
76
10
53
75
30
1
3
4
22
22
21
20
25
25
19
19
16
13
5
7
3
22
22
22
7
7
28
8
31
28
46
49
43
45
42
40
68
68
69
67
63
63
56
38
37
38
38
38
38
40
41
40
36
36
23
27
26
27
27
27
27
27
27
28
8
8
8
29
30
51
8
32
35
38
38
60
60
59
60
34
60
59
59
31
30
35
34
31
31
30
30
30
30
45
31
35
25
8
22
44
69
60
58
28
29
30
31
29
29
30
38
5
38
42
76
62
