1
2
1
1
1
1
1
1
1
2
1
2
2
2
2
2
1
2
2
4
2
2
2
2
2
77
77
77
77
1
2
2
1
77
77
77
77
77
77
77
77
2
4
4
3
77
3
3
3
5
5
5
3
4
4
4
4
4
4
4
4
14
14
14
5
14
5
5
6
6
5
5
5
5
22
5
6
5
5
6
3
3
3
3
3
6
6
6
6
6
6
6
7
7
6
5
5
5
5
7
6
6
6
7
6
7
6
7
7
7
7
7
7
7
7
22
22
7
7
7
7
7
7
8
7
7
8
8
7
8
8
8
8
8
8
8
8
8
8
8
8
8
8
9
9
10
10
10
10
10
10
10
10
10
10
11
11
12
15
12
12
13
12
13
14
14
14
14
14
14
14
15
16
16
14
16
14
15
15
15
15
15
15
15
15
15
15
15
15
15
14
15
15
16
16
16
14
16
5
16
16
16
16
20
16
15
15
15
15
17
76
17
17
17
17
15
18
20
19
15
19
19
19
19
19
19
19
19
20
25
19
19
19
20
20
20
20
23
21
21
21
20
21
21
21
21
21
21
22
21
22
21
22
20
20
20
20
22
22
22
21
22
22
24
22
22
22
22
20
23
23
22
23
23
25
23
22
23
22
23
23
24
24
24
24
24
24
24
24
24
24
24
24
24
24
24
24
24
24
24
24
24
23
23
24
24
24
24
24
24
24
25
25
25
25
25
25
25
25
25
25
25
25
25
25
25
25
25
25
25
25
25
25
26
26
26
25
26
26
26
26
26
26
27
27
27
29
29
27
8
28
28
28
28
28
28
28
28
28
29
29
29
29
30
30
30
29
29
30
31
29
29
30
30
58
58
58
58
31
28
31
31
28
28
28
28
8
32
32
33
34
60
34
34
35
35
35
38
36
38
38
36
36
36
35
38
38
38
36
38
38
38
39
39
36
38
39
39
39
40
40
40
40
41
39
38
41
41
41
42
42
41
42
42
42
42
42
40
40
42
42
42
43
69
43
43
43
43
43
43
46
46
46
46
46
43
44
44
69
69
44
44
69
44
44
45
43
46
46
46
45
46
48
48
48
47
45
48
48
48
48
44
47
49
49
73
49
50
49
49
49
49
49
49
50
50
51
51
48
50
48
51
48
48
52
48
53
53
75
75
53
55
75
55
54
55
52
52
56
56
56
56
56
56
56
64
56
58
57
57
58
57
58
31
58
58
58
58
58
58
58
31
59
38
31
60
31
60
59
61
38
61
61
38
61
59
58
58
61
61
61
68
61
63
62
62
65
63
58
63
63
63
63
63
65
64
64
64
64
64
64
65
65
65
65
70
65
66
63
65
66
66
66
70
70
70
70
67
61
67
61
63
61
67
67
67
69
67
67
67
67
69
69
69
70
68
68
69
68
68
68
69
69
69
42
42
69
69
69
44
69
69
69
70
70
70
70
70
70
70
72
71
69
69
71
71
71
71
71
71
73
71
71
71
73
73
72
72
72
72
72
75
72
73
73
73
73
72
73
73
73
72
74
74
74
75
75
75
75
75
75
76
76
76
76
76
10
75
72
58
1
3
14
5
24
21
23
25
26
18
25
15
14
6
6
3
22
22
22
22
8
28
8
28
28
48
49
43
45
69
40
68
61
68
69
66
63
56
38
37
38
36
38
36
38
41
39
36
36
23
23
27
27
27
27
27
27
28
28
28
28
7
27
29
51
32
32
35
38
38
59
60
59
60
34
31
31
59
29
30
33
34
31
31
30
29
30
29
69
28
35
23
8
24
44
69
38
58
28
29
29
31
28
30
31
38
5
61
69
76
62
