1
1
1
1
1
1
1
1
1
1
1
2
2
2
2
2
4
2
2
2
2
2
2
2
4
77
77
77
77
77
4
4
77
77
77
77
77
77
77
77
77
77
3
3
3
3
3
3
3
5
5
5
3
4
2
2
2
4
4
4
16
4
4
5
4
5
4
5
5
5
5
5
7
7
7
7
5
5
5
5
5
3
6
6
6
5
6
6
6
6
6
6
6
6
5
5
7
6
6
6
6
6
6
7
7
6
7
7
7
7
7
7
7
7
7
7
7
8
8
7
7
7
7
8
8
8
8
8
8
8
8
8
8
8
8
8
8
8
8
8
8
8
8
9
9
9
15
10
10
10
15
10
15
11
11
15
11
12
11
11
12
13
12
13
14
13
2
14
14
13
14
16
14
16
14
14
16
15
15
15
15
15
15
15
15
14
16
16
15
15
14
16
16
16
16
16
16
16
16
16
16
21
16
16
21
17
17
17
17
76
76
17
17
17
19
19
18
20
19
19
19
19
19
25
25
25
19
19
19
19
25
19
25
20
20
20
20
22
21
21
21
20
21
22
21
21
21
22
22
21
22
22
20
20
22
22
22
22
22
22
22
22
22
22
22
22
22
22
22
23
23
22
23
23
25
23
23
23
23
23
26
24
24
24
24
24
24
24
24
24
24
24
24
24
24
24
24
24
24
24
24
24
24
24
24
24
24
24
24
24
24
25
25
25
25
25
25
25
25
25
25
25
25
25
25
25
25
25
25
25
25
26
26
26
26
25
25
26
25
26
27
27
26
27
23
27
27
27
27
8
28
27
28
28
28
28
28
28
28
29
29
29
29
29
29
30
30
57
57
30
31
31
57
30
30
30
30
30
31
31
31
31
31
28
31
28
8
8
32
33
33
60
34
34
34
35
35
35
36
38
38
36
36
38
38
38
38
38
38
38
38
38
39
39
38
38
39
39
39
41
40
41
40
41
41
41
41
41
42
41
41
41
42
42
42
42
42
42
42
42
42
42
42
42
43
42
43
43
43
43
43
43
43
43
43
46
44
44
44
44
44
44
44
47
44
45
46
46
46
46
45
45
46
46
46
47
48
47
48
48
46
47
47
49
49
49
49
50
50
49
49
49
49
54
50
50
50
51
51
51
46
46
52
52
52
52
53
53
53
53
53
53
53
53
54
54
55
55
56
56
56
56
56
56
56
56
64
57
57
57
58
62
30
58
58
58
58
58
30
58
58
59
59
59
60
31
59
31
59
61
37
61
61
61
61
61
61
61
67
61
61
68
61
62
62
62
62
61
63
62
63
63
63
62
64
64
64
64
64
64
64
62
62
65
65
65
65
66
63
62
65
66
66
66
65
66
65
67
61
67
67
67
67
67
67
67
67
67
66
67
66
67
67
71
70
68
68
69
68
68
68
68
67
68
69
42
69
69
69
71
69
69
44
70
70
70
70
70
70
70
71
68
71
71
70
70
71
71
71
71
71
71
71
71
73
73
72
73
72
72
72
75
72
73
72
73
72
73
73
73
73
72
72
74
74
49
75
75
75
75
53
76
76
76
76
76
10
53
72
57
1
3
4
22
22
16
22
25
25
19
19
14
13
5
6
6
22
22
22
7
8
28
28
28
28
46
49
43
45
42
40
68
68
68
67
63
63
56
37
37
38
38
38
38
40
41
39
36
36
23
23
23
23
27
27
27
27
28
28
28
28
8
29
29
51
32
32
35
35
35
60
60
60
60
34
60
59
59
29
57
35
34
28
31
30
29
30
30
44
31
35
26
8
24
44
69
59
58
28
29
30
31
29
30
30
38
5
61
42
76
56
