1
1
1
1
1
1
1
1
1
2
1
2
2
2
2
2
2
2
2
2
2
2
2
2
2
77
1
1
1
77
2
4
4
77
77
77
4
4
4
77
4
4
3
3
77
77
3
77
3
3
4
3
3
4
4
2
4
4
4
4
4
14
5
5
5
5
5
5
5
5
5
5
5
5
5
5
6
5
5
6
3
3
6
6
3
6
6
3
6
6
6
3
6
6
6
5
5
6
7
6
6
6
7
6
7
7
6
7
7
7
6
7
7
7
6
6
22
7
7
7
7
7
7
7
7
8
8
8
8
7
8
8
8
8
8
8
8
8
8
8
8
8
8
9
9
10
10
11
10
10
10
10
10
11
11
11
11
11
11
11
12
12
12
2
14
13
14
14
14
14
14
14
14
14
14
14
14
15
15
15
15
15
15
15
15
15
15
15
19
19
16
16
14
14
16
16
5
16
16
16
16
16
16
16
21
15
15
17
17
76
17
17
17
17
18
18
18
19
19
19
19
19
19
19
19
19
19
19
19
19
19
19
19
20
20
20
20
20
21
21
21
21
21
21
21
21
21
22
22
22
22
22
22
22
22
22
22
22
22
22
22
22
22
22
22
22
22
22
22
23
23
22
20
20
20
20
23
23
20
20
23
24
24
24
24
24
24
23
24
24
24
24
24
24
24
24
24
24
24
24
24
24
24
24
24
24
24
24
24
24
24
25
25
25
25
25
25
25
25
25
25
25
25
25
25
25
25
25
25
25
25
25
25
27
26
23
25
25
25
26
26
27
25
27
25
27
27
27
27
28
28
27
28
31
28
31
31
31
31
30
29
29
30
30
30
30
30
30
30
31
31
30
30
30
30
30
30
30
31
31
31
31
31
31
31
31
8
8
33
33
33
34
34
34
34
35
34
38
36
38
35
36
36
36
38
38
38
38
36
38
38
40
39
39
36
36
40
39
39
40
40
40
40
42
39
40
40
41
42
42
42
42
41
42
42
42
42
42
42
42
42
42
43
43
42
42
43
43
43
43
43
45
43
46
43
43
45
44
44
44
44
44
44
44
49
46
46
46
46
46
46
46
46
46
51
47
48
48
51
51
48
49
49
49
49
49
49
49
50
49
49
49
49
49
49
51
49
51
51
51
46
46
51
52
52
51
53
53
75
75
53
53
75
54
54
54
55
51
56
56
56
56
56
56
56
56
64
57
57
57
57
57
58
58
58
58
58
58
58
58
58
59
61
59
60
60
59
60
61
61
59
61
61
61
61
63
63
63
63
63
61
68
61
58
62
62
63
63
63
58
63
63
63
63
64
64
64
64
64
64
64
64
64
64
65
65
70
63
63
63
65
65
66
65
66
70
70
61
71
67
66
63
66
67
71
71
71
67
66
66
67
71
71
71
67
68
68
69
68
68
68
68
68
69
69
69
69
69
69
69
69
69
45
70
70
70
70
72
70
70
72
71
71
71
71
71
71
71
71
71
71
71
71
71
71
71
72
72
72
72
72
73
73
73
71
73
72
73
49
73
73
75
74
74
74
75
73
75
75
75
75
76
76
76
76
76
10
75
75
56
2
3
4
22
22
21
20
25
25
19
19
16
14
5
3
6
22
22
22
7
22
31
28
31
31
48
73
45
48
42
40
61
68
61
71
66
63
56
60
37
38
36
38
36
40
41
40
36
36
23
24
27
27
27
27
25
27
28
28
31
31
8
27
30
51
32
32
35
38
38
60
60
60
60
60
34
59
59
31
30
33
34
31
31
30
29
30
30
69
31
35
23
8
22
44
40
59
58
31
25
29
31
28
30
30
38
5
61
42
76
64
