1
2
1
1
1
1
1
1
1
1
1
2
2
2
2
2
2
2
2
2
2
2
2
4
2
77
77
77
77
1
2
77
1
77
77
77
77
77
77
77
77
77
4
77
77
3
3
3
3
3
5
5
3
4
4
4
13
4
4
5
4
4
4
5
5
5
5
5
5
5
5
5
5
5
5
5
6
6
5
5
6
3
6
3
3
6
6
6
6
6
6
6
6
6
6
5
5
7
7
6
6
6
6
6
7
6
7
7
7
7
7
7
7
7
7
7
7
7
7
7
7
7
7
7
7
8
8
8
7
8
8
8
8
8
8
8
8
8
8
8
8
8
8
9
9
10
10
10
10
10
10
10
10
10
11
11
11
11
11
10
10
12
14
13
13
13
14
14
14
14
14
14
14
14
14
14
14
15
15
15
15
15
17
15
15
15
15
15
15
15
16
16
16
16
16
16
16
16
21
16
16
16
15
16
16
17
17
17
17
17
17
17
17
17
17
17
18
20
19
15
19
19
19
19
19
19
19
19
19
19
19
19
25
20
20
20
20
20
21
21
21
21
21
21
21
21
21
22
22
22
22
22
22
22
22
22
22
22
22
22
22
22
22
22
22
22
22
22
22
22
22
22
22
23
23
23
23
23
23
23
26
24
24
24
24
24
24
24
24
24
24
24
24
24
24
24
24
24
24
24
24
24
24
24
24
24
24
24
24
24
24
25
25
25
25
25
25
25
25
25
25
25
25
25
25
25
25
25
25
25
25
25
25
26
26
25
26
26
25
26
26
25
25
27
27
27
27
27
27
8
28
28
31
28
28
31
31
31
28
29
27
28
29
29
29
29
30
29
30
29
29
31
30
30
30
30
30
30
31
31
31
31
31
31
31
31
8
8
8
33
33
60
34
34
34
35
35
35
36
38
35
36
38
36
38
38
38
38
38
38
38
39
39
39
39
38
39
39
39
40
40
40
40
41
41
41
41
41
42
42
42
42
41
42
42
42
42
42
42
42
42
42
43
43
42
43
43
43
43
46
43
43
43
43
46
46
44
44
44
44
44
44
44
44
44
48
46
46
46
46
46
46
46
46
48
47
48
48
47
51
48
49
49
49
49
49
50
49
49
49
49
49
49
49
50
50
50
48
48
51
52
51
51
52
52
51
53
49
53
53
49
53
53
53
55
54
55
55
56
56
56
56
56
56
56
64
56
58
57
57
57
57
58
58
58
58
58
58
58
58
63
59
59
59
60
60
60
60
58
58
61
38
61
61
61
61
63
61
61
61
61
61
38
62
62
62
65
63
63
63
63
63
63
63
64
64
64
64
64
64
64
65
62
62
65
65
65
66
63
65
65
66
66
66
65
65
70
67
67
67
67
66
66
67
67
67
67
67
66
66
66
67
71
67
71
61
67
69
68
68
68
68
71
69
69
42
69
69
68
69
69
69
69
70
70
70
70
70
70
71
71
69
71
71
71
71
71
71
71
71
71
71
71
71
71
73
73
73
72
72
72
72
72
73
73
73
73
73
73
73
73
72
74
74
74
75
75
75
75
75
75
76
76
76
76
76
10
53
72
58
1
3
5
22
22
21
20
25
25
19
19
15
13
5
6
3
22
22
22
7
7
31
28
28
31
46
49
43
45
42
40
69
61
67
67
63
63
56
38
37
38
38
38
38
39
40
39
36
36
23
23
23
27
27
27
27
27
28
31
31
31
8
29
29
51
32
32
35
35
38
60
60
60
60
34
60
59
59
31
30
34
34
31
31
30
29
30
29
42
28
35
26
8
24
44
42
38
58
31
27
29
31
28
29
30
38
5
61
42
76
62
