1
1
1
1
1
1
1
1
1
1
1
2
2
2
2
2
2
2
2
2
2
2
2
2
2
77
77
77
77
77
1
77
77
77
4
77
4
77
77
77
4
4
3
3
3
77
3
3
3
3
3
3
3
4
4
4
14
4
4
4
4
4
4
5
5
5
5
5
5
5
5
5
5
5
5
5
3
3
6
6
3
6
6
3
3
3
6
6
6
6
6
6
7
7
7
7
5
7
6
6
6
6
6
6
7
6
7
7
7
7
7
7
7
7
7
7
7
7
7
7
7
7
7
8
7
8
7
8
8
8
8
8
8
8
8
8
8
8
8
8
8
8
8
9
9
9
10
10
10
10
10
10
10
11
11
10
11
12
15
12
12
12
12
12
13
12
14
14
14
14
14
14
14
16
14
14
14
15
15
15
15
15
15
15
15
15
15
15
15
15
16
16
14
16
14
16
16
16
16
16
16
16
16
16
16
17
17
17
17
17
17
17
17
18
17
15
18
15
19
15
15
15
19
19
19
19
19
20
19
19
25
19
19
20
20
20
20
20
21
16
21
21
21
21
21
21
21
22
22
22
22
21
22
22
22
22
22
22
22
22
22
22
22
22
22
22
22
22
22
22
22
22
20
20
20
23
23
23
25
25
23
24
24
24
24
24
24
24
24
24
24
24
24
24
24
24
24
24
24
24
24
24
24
24
24
24
24
24
24
24
24
25
25
25
18
25
25
25
25
25
25
25
25
25
25
25
25
25
25
25
25
25
25
23
23
26
25
25
26
26
26
26
29
27
27
27
27
27
27
8
28
28
28
8
28
28
31
31
31
29
29
29
29
30
30
30
30
30
30
30
30
31
30
30
30
30
30
30
31
31
31
31
31
31
31
31
8
8
8
33
33
34
34
34
34
35
35
35
36
38
35
36
38
38
38
38
40
38
38
38
38
38
39
39
39
41
39
41
39
41
40
40
40
41
41
41
41
41
42
41
42
42
41
42
42
42
42
42
42
42
42
42
42
43
43
43
43
43
43
43
43
43
43
43
43
43
44
44
44
44
44
49
44
44
44
45
46
46
46
43
46
46
46
46
52
47
45
48
48
45
51
49
49
49
49
49
50
49
49
49
49
49
49
49
50
50
50
51
51
51
52
52
52
52
52
52
53
53
53
53
54
53
53
54
54
54
55
54
56
56
56
56
56
56
56
56
64
57
57
57
57
57
58
58
30
58
58
58
58
58
58
59
59
59
60
60
59
60
58
37
61
37
61
37
61
58
58
61
61
61
61
61
61
62
62
62
62
63
58
58
63
63
63
62
64
64
64
64
64
64
64
65
62
62
65
65
62
66
63
63
66
66
66
66
65
66
65
67
61
67
67
61
61
67
61
67
67
67
61
67
67
71
71
71
71
37
37
68
67
67
68
68
68
69
69
42
69
69
69
69
44
69
69
70
65
70
70
70
72
71
72
71
71
71
71
71
71
71
71
71
71
71
71
71
71
71
72
72
72
72
72
72
72
73
73
73
73
72
73
73
73
72
72
74
74
75
75
75
75
75
75
76
76
76
76
76
10
53
75
30
1
3
4
22
22
21
20
25
25
19
18
15
13
6
6
3
22
22
22
7
22
31
28
31
31
46
49
46
45
42
40
37
37
68
67
63
63
56
37
37
38
38
38
38
40
41
41
39
35
23
27
27
27
27
27
27
27
28
28
31
31
8
29
29
51
31
32
35
35
35
60
60
59
60
60
31
58
59
31
30
33
35
31
31
30
31
30
30
69
31
35
25
8
24
44
40
37
58
31
29
31
31
29
30
30
40
5
61
42
76
56
