1
1
1
1
1
1
1
2
1
1
1
2
2
2
2
2
2
2
2
2
13
2
2
4
2
77
77
77
2
2
2
4
2
77
77
77
77
77
77
77
3
4
4
3
3
77
77
77
3
3
3
3
3
4
4
4
4
4
4
4
14
4
4
5
5
5
5
5
5
5
5
5
5
5
5
5
6
5
5
6
3
3
6
3
3
3
6
3
6
6
6
6
6
6
5
5
5
7
6
7
6
6
6
7
6
6
7
7
7
7
7
6
7
7
7
7
7
7
7
7
7
7
7
7
7
8
7
8
8
8
8
8
8
8
8
8
8
8
8
8
8
8
8
9
9
9
10
11
10
10
10
10
10
11
11
11
11
11
15
11
12
12
12
13
13
13
14
14
16
14
14
14
14
16
14
14
14
15
15
15
15
15
15
15
15
15
15
15
15
15
16
16
16
16
16
16
16
16
16
16
16
16
15
16
16
15
17
17
17
17
17
17
17
17
17
15
18
19
19
15
19
19
19
19
15
19
19
19
19
19
19
19
19
20
20
20
20
20
21
20
21
22
21
21
21
21
21
22
22
22
22
22
22
22
22
22
22
22
22
22
22
22
22
22
22
22
23
23
22
23
23
22
22
23
23
23
23
23
23
23
27
24
24
24
24
24
24
24
24
24
24
24
24
24
24
24
24
24
24
24
24
24
24
24
24
24
24
24
24
24
24
25
25
25
25
25
25
25
25
25
25
25
25
25
25
25
25
25
25
25
25
25
25
26
26
26
25
25
26
26
26
26
25
26
27
27
27
29
27
8
28
27
28
8
28
31
28
31
28
29
29
28
29
29
29
29
30
30
30
30
30
31
30
30
30
30
30
30
31
28
31
31
31
31
31
31
8
32
32
33
34
34
34
34
34
35
35
35
36
38
35
36
36
38
38
38
38
38
38
38
38
38
39
39
36
38
39
39
39
40
40
40
40
41
41
38
41
41
41
41
42
41
41
42
42
42
42
42
42
42
42
42
43
43
42
43
43
43
43
43
43
43
43
43
46
46
44
44
44
44
44
44
44
44
44
45
46
46
46
43
46
46
48
46
46
47
45
47
47
48
48
49
49
49
49
49
49
49
49
49
49
49
49
49
50
50
50
51
51
51
52
52
52
52
52
52
50
53
75
53
53
53
53
50
54
50
55
55
30
56
56
56
56
56
56
64
64
57
30
62
57
62
58
58
58
58
58
58
63
58
58
59
59
59
60
60
59
60
61
61
61
61
67
61
67
67
61
61
61
67
67
61
61
62
62
62
62
63
63
63
63
63
63
63
62
64
64
64
64
64
64
62
62
65
65
65
65
66
63
65
65
65
66
70
70
70
70
67
66
67
67
61
67
67
66
67
66
66
66
66
66
67
67
67
70
67
69
68
69
68
68
71
71
69
42
42
69
69
69
44
44
69
69
70
70
70
70
70
70
71
70
71
71
71
71
71
71
71
71
71
71
71
71
71
71
71
72
72
72
72
72
72
72
71
73
71
73
73
73
73
75
72
72
74
74
75
75
75
75
75
75
76
76
76
76
76
10
53
72
30
1
3
4
22
22
21
19
25
25
19
19
15
13
6
3
3
22
22
22
7
7
28
28
28
31
46
49
43
45
42
40
69
61
69
67
66
63
56
37
37
37
38
38
38
38
38
38
36
36
23
23
27
27
27
28
27
27
28
28
31
31
8
28
29
51
32
8
35
35
38
60
37
60
37
37
60
59
59
30
31
35
34
31
31
30
29
30
29
43
28
35
26
7
7
44
69
61
63
31
29
29
31
28
30
31
38
22
37
42
76
56
