1
2
1
1
1
1
1
1
1
2
1
2
2
2
2
2
2
2
2
2
2
2
2
4
2
77
77
77
77
77
4
4
77
77
77
77
77
77
77
77
77
77
3
3
3
3
3
3
3
5
3
5
3
4
4
4
4
4
4
4
4
4
4
5
5
5
5
5
5
5
5
5
5
5
5
5
5
5
5
3
3
6
6
6
6
3
6
6
6
6
6
6
7
6
6
6
6
5
6
7
6
6
7
6
6
6
6
7
7
7
7
7
7
7
5
5
7
7
7
7
7
7
7
7
7
8
8
8
8
8
8
8
8
8
8
8
8
8
8
8
8
8
8
9
9
9
10
10
10
10
10
10
10
11
11
10
11
11
11
12
12
12
12
13
13
13
14
14
14
14
14
14
14
14
14
14
14
15
15
15
15
15
15
15
15
15
15
15
15
15
15
16
16
16
16
16
16
16
16
21
21
16
16
16
16
17
17
17
17
17
17
17
18
18
18
18
18
20
15
20
19
20
19
20
20
19
20
20
20
19
19
19
19
20
20
20
20
20
21
20
20
21
21
21
21
21
21
22
21
22
22
22
22
20
20
20
20
22
22
22
22
22
22
22
24
22
22
22
22
23
23
23
20
25
25
23
23
24
23
23
23
24
24
24
24
24
24
24
24
24
24
24
24
24
24
24
24
24
24
24
24
24
24
24
24
28
24
28
28
24
24
25
25
25
18
25
25
25
25
25
25
25
25
25
25
25
25
25
25
25
25
25
25
23
26
26
26
25
25
26
26
27
25
27
27
27
27
25
27
28
28
28
28
28
28
28
28
28
28
29
29
29
29
30
58
30
30
29
30
59
59
59
30
30
30
58
58
30
31
31
28
28
31
31
28
31
32
32
33
33
35
37
35
37
37
35
35
35
36
35
35
36
38
38
35
38
36
36
36
38
38
38
39
39
36
36
39
39
39
41
40
40
40
41
36
36
36
36
41
41
41
41
41
42
42
42
42
41
42
42
42
42
43
43
43
43
43
43
43
43
46
43
46
52
46
52
44
44
44
44
44
44
44
44
44
48
52
52
52
46
46
46
52
52
52
47
48
45
48
48
52
49
47
49
49
73
49
50
49
49
49
49
49
49
50
50
50
51
51
51
52
52
52
52
52
52
53
53
75
75
53
50
50
50
54
50
55
50
56
56
56
56
56
56
56
56
62
57
57
57
57
57
59
58
58
58
58
58
58
58
58
59
59
59
60
31
59
60
59
59
61
61
61
61
61
59
63
63
61
61
61
68
61
62
62
62
62
58
58
63
63
63
63
62
64
64
64
64
64
64
64
65
65
65
65
65
65
62
66
62
66
66
66
65
65
65
65
67
61
67
67
63
63
67
67
67
67
67
67
67
65
65
67
71
65
68
68
37
68
68
68
69
68
69
69
69
69
69
69
69
69
69
43
70
70
70
70
70
70
70
70
71
71
71
71
71
71
71
71
71
71
71
71
71
71
71
72
72
72
72
72
72
72
73
73
73
73
72
73
73
73
72
74
74
74
73
75
75
75
75
75
76
76
76
76
76
10
75
75
58
1
3
4
22
22
21
20
25
25
18
18
15
13
5
6
3
22
22
22
5
22
28
24
28
28
52
49
43
45
42
40
37
68
68
67
66
63
56
37
37
38
38
38
36
40
41
36
36
36
23
28
27
27
28
28
27
27
28
28
28
28
8
28
29
51
32
32
35
35
35
60
60
60
60
37
60
59
59
59
30
35
34
31
31
29
29
29
30
69
28
35
25
8
24
44
69
59
58
28
25
29
31
28
58
59
38
5
61
42
76
62
