1
1
1
1
1
1
1
1
1
2
2
2
2
2
2
2
2
2
2
13
2
2
2
2
4
77
77
77
1
1
1
4
1
77
77
77
77
77
77
77
77
4
4
4
3
77
77
3
3
4
4
4
3
4
4
4
4
4
4
14
14
4
4
5
5
5
5
5
5
5
5
5
5
5
5
5
5
5
5
5
3
3
3
3
6
3
3
3
6
3
6
6
6
6
6
7
7
6
7
6
6
6
6
6
6
6
7
7
6
6
7
6
6
7
7
7
7
7
7
7
7
7
8
8
7
7
7
8
8
8
8
8
8
8
8
8
8
8
8
8
8
8
8
9
9
9
10
10
10
10
10
10
10
10
11
10
15
11
11
12
12
13
12
13
14
13
14
14
14
14
14
14
14
14
14
16
14
15
15
15
15
15
15
15
15
15
15
15
15
15
16
16
16
16
16
16
16
16
16
16
16
16
16
16
16
17
17
17
17
17
76
17
17
17
17
15
18
19
19
19
19
19
19
19
19
19
19
19
19
19
19
19
19
20
20
20
20
20
16
16
21
21
21
21
21
21
21
21
22
22
22
22
22
22
22
20
22
22
22
22
22
22
22
22
22
22
22
22
22
23
23
22
20
20
20
20
23
23
26
26
23
24
24
24
24
24
24
24
24
24
24
24
24
24
24
24
24
24
24
24
24
24
24
24
24
24
24
24
24
24
24
25
25
25
25
25
25
25
25
25
25
25
25
25
25
25
25
25
25
25
25
25
25
26
26
26
25
25
26
25
26
25
25
27
27
27
27
27
27
28
28
27
28
28
28
28
28
31
28
29
30
29
30
30
29
30
30
30
30
30
30
30
30
30
30
30
30
30
31
31
28
28
31
31
31
31
8
32
28
33
33
34
34
34
34
35
35
35
35
38
35
36
38
35
38
38
38
38
38
38
38
38
39
39
36
41
39
39
39
40
40
40
40
41
39
40
41
41
41
41
41
41
41
41
42
42
42
42
42
42
42
42
42
43
42
43
43
42
43
43
43
42
43
43
43
43
44
44
44
44
44
44
44
44
44
45
43
46
46
46
46
46
46
46
46
47
45
45
47
48
45
49
49
49
49
49
49
49
49
49
49
75
49
54
51
50
50
51
51
51
43
52
52
52
52
52
53
53
53
53
53
53
53
53
54
54
55
55
56
56
56
56
56
56
56
56
62
57
57
57
57
57
30
58
58
58
58
58
30
58
58
59
59
59
60
60
60
60
59
61
34
68
61
61
59
59
63
63
63
61
61
68
61
58
62
62
62
63
58
63
63
63
63
63
64
64
64
64
64
64
64
62
64
65
65
65
65
63
63
65
65
65
66
66
66
70
65
67
67
67
67
66
67
67
71
67
71
71
67
67
70
71
71
71
70
68
68
69
68
68
68
68
71
69
69
42
42
69
71
71
69
69
69
70
70
70
70
70
70
70
70
68
71
71
71
71
71
71
71
71
71
71
71
71
71
71
70
72
72
72
72
72
75
71
73
73
73
73
49
73
73
74
74
74
74
75
75
75
75
53
75
76
76
76
76
76
10
53
75
30
2
3
4
22
22
21
20
25
25
19
18
15
14
6
6
3
22
22
22
7
7
28
28
28
28
46
71
43
45
42
40
69
61
68
67
66
63
56
34
37
38
38
38
38
40
41
41
36
36
23
28
27
28
27
28
29
27
28
28
28
31
8
29
30
54
28
8
35
35
38
60
60
59
60
34
60
59
59
30
30
35
34
31
59
30
30
30
30
42
28
35
26
7
24
44
40
61
58
31
29
29
31
27
30
30
36
5
61
42
76
62
