1
1
1
1
1
1
1
1
1
2
1
2
2
2
2
2
2
2
2
2
2
4
2
2
2
77
77
77
77
1
2
4
4
77
77
77
77
77
77
77
77
77
4
3
3
77
3
77
3
3
4
4
3
4
4
4
2
4
4
4
4
5
4
5
5
5
5
5
5
5
5
5
5
5
5
5
3
3
5
6
3
3
6
3
3
6
6
6
6
6
6
6
7
7
6
6
6
6
7
6
6
6
6
7
7
6
6
7
7
7
6
7
7
7
6
7
7
7
7
7
7
7
7
7
7
8
8
8
8
7
8
8
8
8
8
8
8
8
8
8
8
8
8
9
9
9
10
10
10
10
10
10
10
11
10
11
11
11
11
12
12
12
14
13
14
13
14
14
14
14
14
16
16
14
14
14
16
15
15
15
15
11
15
15
15
15
15
15
15
15
15
16
16
16
16
16
16
16
16
16
16
16
16
16
16
17
17
17
17
17
17
17
17
17
19
17
18
20
15
19
19
19
19
19
19
19
15
19
19
19
19
19
19
20
20
20
20
20
21
20
21
21
22
21
22
21
21
22
22
22
22
22
22
22
22
20
22
22
22
22
22
22
22
22
22
22
22
22
22
22
22
20
20
25
23
23
23
20
23
26
23
24
24
24
24
24
24
24
24
24
24
24
24
24
24
24
24
24
24
24
24
24
24
24
24
24
24
24
24
24
24
25
25
25
25
25
25
25
25
25
25
25
25
25
25
25
25
25
25
25
25
25
25
26
26
26
25
25
25
26
26
29
26
26
23
27
26
27
27
8
28
27
28
28
31
28
28
28
28
29
29
31
29
29
29
30
30
30
30
30
30
30
30
30
30
30
30
30
33
31
31
31
28
28
31
31
8
8
8
33
33
34
34
34
34
33
38
33
36
38
38
36
38
36
38
38
38
38
38
40
38
40
39
39
39
39
39
39
39
40
40
40
40
41
41
40
40
41
41
42
42
41
41
42
42
42
42
42
42
42
42
42
42
43
42
42
43
43
42
43
43
43
43
46
43
46
44
44
44
44
44
44
44
47
44
45
46
46
46
46
46
46
46
46
48
47
48
48
48
51
48
49
49
49
49
49
51
53
49
49
49
75
49
53
51
50
50
48
51
51
46
48
51
52
52
51
53
49
53
53
53
53
53
53
54
54
55
55
30
56
56
56
56
56
56
56
56
58
57
57
58
57
58
58
58
58
58
58
58
58
58
59
59
59
60
60
60
60
61
59
59
61
59
61
61
61
61
63
63
61
61
61
61
62
62
62
62
61
61
63
63
63
66
63
64
64
64
64
64
64
64
65
62
65
65
65
65
66
66
63
65
66
66
66
66
70
66
67
61
67
67
63
63
67
61
67
61
67
63
67
67
67
71
71
71
68
68
68
67
69
69
71
71
69
42
42
69
69
69
69
69
69
69
70
65
70
70
70
70
71
70
71
71
71
71
71
71
71
71
71
71
71
71
71
71
71
72
72
72
72
72
72
72
49
73
71
73
73
73
73
73
72
74
74
74
75
75
75
75
53
75
76
76
76
76
76
10
53
75
30
2
3
4
22
22
21
20
25
25
19
19
15
14
6
6
3
22
22
22
7
7
28
28
28
28
48
49
43
45
42
40
37
37
68
67
63
63
56
59
37
38
38
38
38
40
41
39
36
36
20
23
27
27
23
23
27
27
27
28
28
31
7
29
29
51
32
32
38
35
38
60
60
60
60
60
31
31
59
30
30
33
31
31
31
30
29
29
30
69
33
38
26
8
22
44
42
59
58
31
29
30
31
29
30
30
38
5
61
42
76
62
