1
2
1
1
1
1
1
1
1
2
1
2
2
2
2
2
1
2
1
4
2
4
2
2
2
77
77
77
2
2
2
4
77
77
77
77
77
77
77
77
3
4
4
3
3
3
6
3
3
3
4
3
3
4
14
4
4
4
14
14
14
4
4
4
16
16
5
5
5
5
5
5
5
5
5
5
5
5
5
5
5
6
6
3
6
6
5
6
6
7
6
6
6
5
5
5
7
5
6
6
7
6
7
6
6
6
6
7
7
7
7
7
7
6
5
7
7
7
7
7
7
8
7
7
7
8
8
8
8
8
8
8
8
8
8
8
8
8
8
8
8
8
8
9
9
10
10
10
10
10
10
10
10
11
15
15
15
14
15
10
12
12
14
13
12
13
4
14
14
14
14
16
14
16
14
16
14
15
15
15
15
15
15
15
15
15
15
15
15
15
15
16
16
16
16
16
16
16
16
16
16
16
20
20
16
15
15
17
17
76
76
76
17
17
19
19
18
15
15
15
15
15
19
19
19
25
19
20
20
19
25
25
19
20
20
20
20
22
21
20
21
20
21
21
21
21
5
5
22
21
22
22
22
22
22
22
22
22
22
22
22
22
22
22
22
22
20
20
22
23
23
23
20
20
20
20
20
23
23
26
23
24
22
24
24
24
24
23
24
24
24
24
24
24
24
24
24
24
24
24
24
24
24
24
24
24
24
24
24
24
24
25
25
25
25
25
25
25
25
25
25
25
25
25
25
25
25
25
25
25
25
25
25
26
26
26
26
25
25
29
26
26
29
27
27
27
27
29
27
24
28
28
28
28
28
28
28
28
28
29
29
28
29
29
29
30
30
30
30
31
31
31
30
30
30
30
30
30
31
28
28
31
28
28
28
28
8
8
33
33
28
60
34
34
37
35
35
35
36
38
35
35
36
36
35
38
38
38
38
38
38
40
39
39
36
38
39
41
39
40
40
40
42
41
41
41
41
41
41
41
42
41
41
42
42
42
41
42
42
42
42
42
43
43
42
43
43
43
43
43
43
43
46
46
43
43
44
48
44
44
44
44
44
44
47
45
46
46
46
46
45
45
46
46
46
47
45
48
48
48
51
47
47
49
49
49
49
50
50
49
75
49
49
49
50
50
50
52
51
51
46
52
52
52
52
52
53
49
53
53
49
53
53
53
54
55
55
55
56
56
56
56
56
56
56
64
64
30
57
57
57
57
58
30
58
58
58
58
58
58
58
59
61
59
31
31
31
59
61
61
37
68
61
61
61
61
61
67
61
61
61
68
61
62
62
62
66
63
58
63
63
58
63
66
62
62
64
64
64
64
64
65
65
65
65
65
65
66
66
66
66
66
63
63
66
66
70
67
61
67
61
67
67
67
61
67
67
67
67
66
66
67
67
67
71
68
68
61
68
68
68
68
68
69
69
69
42
69
68
71
69
69
69
70
70
70
70
70
70
70
70
68
71
71
71
71
71
71
71
71
71
71
71
71
73
71
72
73
72
72
72
72
72
49
73
73
71
73
73
72
72
75
74
74
74
75
72
75
75
75
75
76
76
76
76
76
10
53
75
30
1
3
4
22
22
21
20
25
25
19
19
16
14
5
6
3
22
7
22
7
7
28
24
28
28
46
49
43
48
42
40
61
68
68
68
63
63
56
37
37
38
38
38
38
40
41
39
36
36
23
23
27
27
27
27
27
27
28
28
28
28
8
29
29
51
32
32
35
35
35
59
60
59
60
34
31
59
59
31
30
33
34
28
31
30
30
30
29
42
28
35
26
8
24
44
40
61
58
28
29
29
31
28
30
30
38
5
61
42
76
62
