1
2
1
1
1
1
1
1
1
1
1
2
2
2
2
1
1
2
1
13
2
2
2
2
2
77
2
2
1
2
2
13
77
77
77
77
77
77
77
77
4
4
4
77
77
77
3
77
3
3
3
5
3
13
4
13
13
13
4
4
4
14
4
5
4
4
5
5
5
5
5
5
5
5
5
22
5
5
6
6
3
3
3
3
6
6
5
3
6
6
6
6
6
5
5
5
5
5
7
7
6
6
6
7
6
7
6
7
7
7
6
7
7
7
7
7
7
7
6
7
7
7
7
7
7
8
8
8
7
8
8
8
8
7
8
8
8
8
8
8
8
8
7
9
9
9
10
10
10
10
10
11
11
10
11
11
15
11
15
10
12
13
11
13
14
13
14
14
14
13
14
16
14
14
14
14
14
14
15
15
15
11
15
15
15
15
20
20
15
15
14
15
16
16
16
16
14
16
5
16
21
16
20
20
16
15
15
15
15
17
76
17
17
18
17
17
18
15
15
15
17
15
19
19
19
19
19
19
20
20
19
25
19
20
20
20
20
23
21
21
21
21
21
22
21
21
21
22
22
22
22
22
22
20
20
20
20
22
23
22
22
22
22
24
22
23
22
22
23
23
23
22
23
20
20
23
22
23
22
23
23
24
24
24
24
24
22
22
22
24
24
24
24
24
24
24
24
24
24
24
24
24
24
23
24
28
24
24
24
24
28
25
25
25
25
25
25
25
25
25
25
25
25
25
25
25
25
25
25
25
25
25
25
23
26
26
25
26
26
26
27
26
26
27
28
27
27
27
27
28
28
28
28
8
28
28
28
28
28
25
25
31
29
29
29
29
30
30
31
31
30
31
30
30
30
30
30
30
31
31
28
31
28
28
28
28
32
32
32
33
28
60
34
34
37
35
38
35
36
35
38
35
36
36
38
38
38
38
38
38
38
38
39
39
36
38
39
39
39
41
40
40
40
41
39
41
41
41
41
41
41
41
41
42
42
42
42
42
42
42
42
69
43
43
42
43
43
43
43
43
43
43
43
46
43
43
44
45
44
44
44
44
44
44
44
45
46
46
48
46
46
45
48
48
52
44
45
47
47
48
48
44
44
49
49
49
49
50
50
49
49
49
49
49
50
50
49
51
51
51
52
52
52
52
52
52
53
53
75
75
53
53
53
55
54
55
55
55
56
56
56
56
56
56
56
64
62
58
57
57
57
57
59
59
59
58
58
58
58
58
58
59
59
59
60
31
60
60
59
61
61
61
61
61
61
61
61
67
61
61
71
68
68
62
62
62
63
58
58
62
63
63
63
63
64
64
64
64
64
64
64
63
63
64
63
65
70
66
63
63
63
63
66
63
65
66
70
71
67
67
61
67
61
67
67
71
67
67
67
67
66
71
71
71
71
68
71
68
71
69
69
71
71
69
69
69
69
69
69
69
44
44
44
70
70
70
70
70
70
71
71
71
71
71
71
71
71
71
71
71
71
71
71
71
71
71
73
72
72
72
72
72
72
49
71
73
73
73
49
73
73
74
74
74
75
75
75
72
75
75
49
76
76
76
76
76
10
75
75
58
1
3
4
22
24
21
20
25
25
19
18
15
13
6
6
6
22
22
22
22
7
28
28
28
28
48
49
43
45
42
40
37
68
68
71
66
63
56
37
37
38
36
38
36
40
41
41
36
36
23
23
27
28
28
27
27
28
28
28
28
28
7
25
25
51
32
8
35
35
35
59
60
60
60
34
31
59
59
31
30
33
34
31
31
29
29
30
30
69
28
38
23
8
24
69
37
61
58
28
25
29
31
29
29
31
38
5
68
42
76
62
