1
2
1
1
1
1
1
1
1
1
1
2
2
2
2
2
2
2
2
2
2
2
4
4
2
77
77
1
1
2
2
4
77
77
77
77
77
77
3
77
77
4
4
77
3
77
3
3
3
3
3
3
3
4
4
4
13
4
4
4
4
4
4
5
5
5
5
5
5
5
5
5
5
5
5
5
3
5
6
3
3
6
6
3
3
3
3
6
7
6
6
6
6
6
6
5
6
6
6
7
6
6
7
6
6
6
6
7
6
6
7
6
7
7
7
7
6
6
7
7
7
7
7
7
7
8
8
8
7
7
8
8
8
8
8
8
8
8
8
8
8
8
8
9
9
10
10
10
10
10
10
10
10
11
10
11
11
11
11
10
12
12
15
13
14
13
14
13
14
14
14
14
14
14
14
16
14
15
15
15
15
15
15
15
15
15
15
15
15
15
15
16
16
14
16
14
16
16
16
16
16
16
15
15
16
15
17
17
17
17
17
17
17
17
17
15
18
19
19
19
19
19
19
19
19
19
19
19
19
19
19
19
19
20
20
20
19
20
21
21
21
21
21
21
21
21
21
22
22
22
22
22
22
22
22
22
22
22
22
22
22
22
22
22
22
22
22
22
22
22
22
22
20
20
20
20
22
23
23
23
23
24
24
24
24
22
24
24
24
24
24
24
24
24
24
24
24
24
24
24
24
24
24
24
24
24
24
24
24
24
7
25
25
25
25
25
25
25
25
25
25
25
25
25
25
25
25
25
25
25
25
25
25
26
26
26
25
26
26
26
26
26
25
27
27
27
27
27
27
8
8
27
27
8
28
28
28
31
31
29
29
29
30
30
29
30
30
30
30
30
30
31
30
30
30
57
30
57
31
31
31
31
31
31
31
31
8
8
33
33
32
34
35
34
34
35
35
35
35
35
38
35
36
38
38
38
38
38
38
38
38
40
39
39
38
38
39
39
39
40
40
40
40
41
39
41
41
41
41
41
41
41
41
42
42
42
42
42
42
42
42
42
42
43
43
43
43
43
43
43
43
43
46
46
43
46
44
44
44
44
44
44
47
47
44
46
46
46
46
46
46
46
46
46
52
47
48
48
48
51
51
49
49
49
49
49
49
49
49
49
49
49
49
49
50
50
50
51
50
50
52
52
51
52
52
52
49
53
75
53
53
54
54
54
54
54
55
51
56
56
56
56
56
56
56
56
56
57
56
57
58
57
58
58
58
58
58
58
58
58
58
59
59
59
60
60
31
60
58
63
37
61
61
63
63
63
63
67
61
61
61
68
61
58
62
62
58
63
63
63
63
63
63
63
64
64
64
64
64
64
64
63
65
65
63
65
65
66
63
65
65
66
66
66
65
66
65
68
61
67
61
67
61
67
61
68
67
67
67
67
67
71
68
71
67
68
68
68
68
68
68
68
68
69
69
42
42
69
44
44
69
69
69
70
70
70
70
71
71
70
71
71
71
71
71
71
71
71
71
71
71
71
71
71
71
71
72
72
72
72
72
72
72
73
73
73
73
72
73
73
73
72
74
74
74
73
75
75
75
75
49
76
76
76
76
76
10
53
75
57
1
3
4
22
24
21
20
25
25
19
19
15
13
6
3
3
22
22
22
7
7
31
8
31
31
46
49
43
45
42
40
37
37
68
68
66
63
56
37
37
38
38
38
38
40
41
39
39
36
23
28
27
28
27
28
27
27
28
28
8
28
8
29
29
51
32
8
35
38
35
59
60
60
60
34
60
59
59
30
30
32
34
30
31
30
29
29
29
69
8
38
26
8
7
44
69
59
58
29
25
29
31
29
30
30
38
5
37
42
76
56
