1
1
1
1
1
1
1
1
1
2
2
2
2
2
2
2
2
2
2
2
2
2
2
4
2
77
77
77
1
1
1
77
77
77
4
77
4
4
4
77
4
77
4
4
4
77
3
3
3
3
3
5
3
4
14
14
14
4
4
4
4
4
5
5
5
5
5
5
5
5
5
16
5
5
5
5
5
5
5
3
5
3
6
3
3
3
3
3
6
6
6
6
6
6
5
5
6
6
6
7
6
6
6
6
7
7
7
7
7
7
7
6
7
7
6
22
7
7
7
7
7
7
7
7
8
7
8
7
8
7
8
8
8
8
8
8
8
8
8
8
8
8
8
9
9
9
15
10
10
10
10
10
10
11
11
15
15
11
11
11
12
12
16
12
16
13
14
14
16
14
16
14
14
14
14
14
14
16
15
15
15
15
15
15
15
15
15
15
15
15
16
16
16
16
16
16
16
16
16
16
16
16
16
16
16
17
17
17
17
17
76
17
17
17
19
15
18
15
15
19
19
19
19
19
19
19
19
19
19
19
19
19
19
21
20
20
20
20
21
21
21
21
21
21
21
21
21
22
22
22
22
22
22
22
22
22
22
22
22
22
22
22
22
22
22
22
23
22
22
22
23
22
20
20
20
20
22
23
22
20
23
24
24
24
24
24
24
24
24
24
24
24
24
24
24
24
24
24
24
24
24
24
24
24
24
24
24
24
24
24
24
25
25
25
25
25
25
25
25
25
25
25
25
25
25
25
25
25
25
25
25
25
25
29
29
20
25
25
26
26
25
25
25
29
29
29
29
27
27
8
27
28
27
8
28
28
28
31
31
29
30
30
30
30
29
30
30
30
30
30
30
30
30
30
30
30
30
30
31
31
31
31
31
29
31
31
8
8
8
33
33
34
35
34
34
34
35
38
38
38
35
38
38
38
38
38
38
38
38
38
38
38
39
39
38
41
39
41
39
41
40
40
40
41
41
41
41
41
41
41
41
41
41
41
42
42
42
42
42
42
42
42
43
43
43
43
43
43
43
46
43
43
46
43
43
46
44
44
44
44
44
49
49
44
44
45
46
46
46
46
46
46
46
46
48
47
48
48
48
51
48
49
49
49
49
49
49
49
49
49
73
49
49
49
50
50
50
51
48
51
52
52
51
52
52
51
53
53
75
75
75
54
54
54
54
54
55
54
56
56
56
56
56
56
56
56
56
57
58
57
62
57
30
58
58
58
58
58
58
59
59
59
59
59
31
60
60
60
59
61
37
69
61
67
61
61
61
61
61
61
67
69
69
62
56
62
62
63
58
63
63
63
63
63
62
62
64
64
62
62
62
63
62
62
63
65
70
66
65
65
65
66
71
66
65
71
70
67
67
67
61
61
67
67
71
67
71
71
67
71
71
71
71
71
71
69
69
68
67
68
68
69
71
69
69
69
69
69
69
44
69
69
69
70
70
70
70
70
72
70
72
71
71
71
70
71
71
71
71
49
71
71
71
71
71
71
72
72
72
72
72
72
72
71
73
73
71
73
49
73
73
72
72
74
74
75
72
72
75
75
75
76
76
76
76
76
10
54
74
58
2
3
5
22
22
16
20
25
25
19
19
15
13
5
3
3
22
22
22
6
8
31
8
31
31
46
49
43
48
42
40
69
69
67
67
66
63
56
37
37
38
38
38
38
40
41
41
36
38
23
27
23
23
29
27
27
27
27
28
28
28
8
29
30
51
32
8
35
35
35
60
60
60
60
60
31
59
59
30
30
34
34
31
31
30
30
30
30
43
8
35
20
8
24
44
69
61
58
29
29
30
31
29
30
30
38
16
69
42
76
62
