1
2
1
1
1
1
1
1
1
1
1
2
2
2
2
2
1
2
2
2
2
2
2
2
2
77
77
1
1
4
2
4
4
77
77
77
77
77
77
77
77
4
4
77
3
77
3
77
3
3
3
3
3
4
4
4
2
4
4
5
4
5
5
5
5
16
5
5
5
5
5
5
5
5
5
5
6
3
5
5
6
3
6
6
6
6
6
6
6
6
7
7
6
6
5
5
7
7
7
7
7
6
6
7
6
6
6
6
7
6
7
7
7
7
7
22
7
7
7
7
7
7
7
7
8
8
7
8
8
7
8
8
8
8
8
8
8
8
8
8
8
8
8
9
9
10
10
11
10
10
10
10
10
11
11
11
15
11
15
11
12
13
12
2
13
13
14
14
14
14
14
14
14
14
14
14
14
15
15
15
15
15
17
15
19
15
19
15
19
15
16
16
16
16
16
16
16
16
5
16
21
16
15
16
16
17
19
17
17
17
17
17
17
17
17
19
18
19
19
19
19
19
19
19
19
19
19
19
19
19
25
19
19
20
20
20
20
22
5
21
21
21
21
21
21
21
21
22
21
22
22
22
22
22
22
22
22
22
22
22
22
22
22
22
22
22
22
22
22
23
23
22
20
25
20
20
22
23
22
23
23
24
24
24
24
24
24
24
24
24
24
24
24
24
24
24
24
24
24
24
24
24
24
24
24
24
24
24
24
24
8
25
25
25
25
25
25
25
25
25
25
25
25
25
25
25
25
25
25
25
25
25
25
26
26
26
26
26
26
26
27
29
26
27
29
29
29
29
27
8
28
27
28
28
28
28
28
28
28
29
29
31
29
30
29
29
29
29
29
29
30
31
29
29
30
30
29
29
31
28
31
28
28
28
31
31
8
8
8
33
33
34
34
34
34
35
33
35
36
38
38
36
38
38
38
38
38
38
38
38
38
38
39
39
39
39
39
39
39
40
40
40
40
41
41
41
41
41
42
41
41
41
42
42
42
42
42
42
40
42
42
42
42
43
42
43
43
42
43
43
42
42
43
46
43
43
44
47
44
44
44
44
44
44
44
46
46
46
46
46
46
46
46
46
46
47
48
48
48
51
46
49
49
49
49
73
49
49
49
49
49
49
49
49
50
50
50
51
51
51
46
51
51
52
52
51
54
53
75
53
53
54
54
54
54
54
55
54
56
56
56
56
56
56
56
56
64
57
56
57
62
57
58
58
58
58
58
58
58
58
61
59
59
59
60
60
31
60
58
59
37
61
61
59
59
61
61
63
61
61
61
68
68
62
62
62
65
63
58
63
63
63
63
65
64
64
64
64
64
64
64
65
65
65
65
65
65
63
63
66
66
66
66
65
65
66
65
61
61
67
67
66
67
61
61
61
61
67
67
66
67
67
67
71
71
68
68
68
68
68
68
68
68
69
69
42
69
69
44
44
69
69
69
70
70
70
70
70
70
71
71
68
71
71
71
71
71
71
71
71
71
71
71
73
71
71
72
72
72
72
72
72
72
73
73
73
73
72
73
73
73
75
74
74
74
75
72
75
75
75
75
76
76
76
76
76
10
53
75
30
1
3
4
22
22
21
20
25
25
19
25
15
13
5
7
3
22
22
22
7
7
28
8
28
28
46
71
43
45
42
40
37
61
68
67
63
63
56
37
37
37
39
38
39
40
41
39
36
36
23
27
27
27
27
24
27
27
28
28
8
28
8
31
30
51
32
32
38
36
36
59
60
60
60
60
60
59
59
31
29
33
34
31
31
29
29
30
30
42
31
38
26
8
7
44
69
59
58
31
29
31
31
31
30
30
38
5
61
42
76
64
