1
2
1
1
1
1
1
1
1
2
2
2
2
2
2
2
1
2
2
4
2
4
2
2
2
77
1
1
1
77
4
4
4
77
77
77
77
77
77
77
77
4
4
77
77
3
3
3
3
3
4
4
3
4
4
13
13
4
14
14
14
14
4
5
4
5
5
5
5
5
5
5
5
5
22
22
3
5
5
5
3
3
6
6
6
6
5
5
6
6
5
6
5
5
5
5
5
5
5
7
6
6
6
7
6
7
6
7
7
7
6
6
7
5
5
22
7
7
7
7
7
7
7
8
7
8
8
8
8
8
8
8
7
7
8
8
8
8
8
8
8
8
8
9
9
10
10
10
15
10
10
15
15
11
10
15
15
15
15
10
12
12
12
2
13
2
14
14
14
13
14
14
14
16
14
14
14
15
19
15
15
15
17
15
19
19
19
15
19
19
14
15
16
16
14
16
16
16
16
16
16
15
15
19
19
17
17
17
17
17
76
18
18
18
19
19
18
19
19
19
19
19
19
19
19
25
19
20
25
25
25
19
19
19
20
20
20
20
21
19
21
19
21
21
22
22
21
22
22
22
22
22
20
22
20
20
22
22
22
22
22
22
24
22
22
22
23
22
20
23
23
22
22
23
23
22
23
23
23
23
27
24
24
24
24
24
24
24
24
24
24
24
24
24
24
24
24
24
24
24
24
24
24
23
24
24
28
24
24
28
28
25
25
25
25
25
25
25
25
25
25
25
25
25
25
25
25
25
25
25
25
25
25
26
26
26
26
26
26
26
26
26
29
29
27
27
29
29
29
28
28
28
28
28
28
28
28
28
28
29
30
29
29
30
29
30
30
29
30
59
59
59
30
30
30
30
30
30
31
31
28
31
28
28
31
28
8
32
32
33
28
34
35
34
60
35
35
35
38
35
35
36
38
38
38
38
39
38
38
37
38
38
39
39
39
41
39
39
39
40
40
40
40
41
39
41
41
41
41
41
41
41
41
41
42
42
42
40
42
42
42
42
42
42
43
42
43
43
43
42
43
45
43
43
42
43
44
44
69
44
44
44
47
47
44
48
46
46
51
46
46
48
51
46
51
47
48
48
48
51
48
44
47
44
49
49
49
49
50
49
73
75
49
49
50
50
50
51
51
51
46
51
52
46
52
52
53
49
53
53
49
53
53
53
54
54
55
55
56
56
56
56
56
56
64
64
62
57
56
57
58
57
59
30
30
58
58
58
58
59
58
59
59
59
34
31
31
31
61
61
61
61
61
37
37
61
58
58
61
61
61
68
61
58
62
62
62
58
58
58
58
63
65
65
62
64
64
64
64
64
62
62
65
65
65
65
65
65
65
65
65
66
66
66
65
65
70
68
67
67
63
63
63
63
67
67
67
67
67
63
65
67
71
67
67
68
67
42
68
68
68
71
71
42
69
42
69
69
42
71
44
69
69
70
70
70
70
70
70
70
71
71
71
70
67
70
70
71
71
49
49
71
71
71
73
73
71
71
72
72
72
72
72
73
73
73
73
71
73
73
73
72
74
74
74
75
75
75
75
75
75
76
76
76
76
76
10
53
75
30
1
3
4
22
24
21
22
25
26
18
18
15
13
5
5
3
24
22
22
22
24
28
28
28
28
51
49
45
45
42
40
68
68
68
68
66
63
56
37
37
38
39
38
39
40
42
41
38
36
23
23
27
29
27
27
27
28
28
28
28
28
8
29
30
51
28
32
35
38
38
60
60
59
60
34
31
59
59
31
30
35
34
31
31
29
30
29
30
69
28
35
23
8
24
44
42
37
58
28
29
29
31
28
29
59
38
5
61
42
76
62
