1
1
1
1
1
1
1
1
1
2
1
2
2
2
2
2
1
2
2
13
13
2
2
2
2
77
77
77
77
77
2
2
77
77
77
77
77
77
77
77
77
77
4
4
3
3
3
3
3
5
4
5
3
4
4
4
13
4
4
14
14
4
4
5
5
4
5
5
5
5
5
5
5
5
5
22
5
5
5
6
5
5
6
5
6
6
7
6
6
6
6
6
7
6
6
5
5
5
6
7
6
6
6
7
6
7
7
7
7
7
7
7
7
5
5
5
7
7
7
7
7
7
7
7
7
8
8
8
8
8
8
8
8
8
8
8
8
8
8
28
8
28
28
9
9
9
10
12
10
10
10
10
15
12
11
15
11
12
12
12
12
12
14
13
13
13
14
14
14
13
14
14
14
16
14
16
14
15
15
15
15
15
15
15
15
15
20
20
15
18
14
14
16
16
16
16
16
16
16
21
21
16
16
20
21
15
18
17
17
17
76
17
18
18
18
18
18
20
19
19
19
19
18
19
19
19
20
20
23
19
19
19
19
21
20
20
20
20
21
21
21
21
21
21
21
21
21
21
21
22
22
22
22
20
23
20
22
23
22
22
22
22
22
22
22
23
23
22
23
23
23
22
23
23
23
23
22
23
23
23
23
24
24
24
24
24
24
24
24
24
24
24
24
24
24
24
24
24
24
24
24
24
24
24
24
28
24
24
24
24
24
25
25
25
18
25
25
25
25
25
25
25
25
25
25
25
25
25
25
25
25
25
25
23
25
23
23
23
23
23
23
26
23
23
23
27
27
23
27
28
28
28
28
28
28
28
28
28
28
29
29
29
29
29
29
29
30
29
30
58
30
58
29
30
30
30
30
30
31
28
31
28
28
31
31
28
28
32
32
33
33
34
35
34
34
35
35
35
36
36
35
36
39
38
38
38
38
38
38
38
38
38
39
39
39
41
39
41
39
41
40
40
40
41
41
41
41
41
41
41
41
41
41
42
42
42
42
42
42
42
42
42
42
42
43
43
43
43
43
52
43
43
46
43
43
52
44
44
44
44
44
47
47
47
50
46
52
46
52
46
46
46
46
52
52
47
48
47
47
46
46
47
50
50
49
49
50
54
54
49
75
49
49
54
50
50
54
51
51
51
52
52
52
52
52
52
53
53
75
75
53
54
53
54
54
54
55
55
56
56
56
56
56
56
56
62
62
57
57
57
57
57
58
58
58
58
58
58
58
58
58
59
59
59
60
59
59
60
63
60
38
61
61
61
61
63
63
63
61
61
61
68
61
62
62
62
62
63
63
63
63
63
63
63
64
64
64
64
64
64
64
65
65
65
65
65
70
63
63
63
63
66
66
66
65
66
70
67
61
67
67
63
67
67
67
67
71
71
67
67
71
71
71
71
71
68
68
71
68
68
71
71
68
69
69
69
69
71
71
71
71
69
44
70
70
70
70
70
70
71
71
71
71
71
71
71
71
71
71
71
71
71
71
71
71
71
72
72
72
72
72
72
72
73
73
73
73
72
73
73
73
75
74
74
74
75
75
75
75
75
75
76
76
76
76
76
10
53
75
30
1
3
4
22
22
21
23
25
25
18
18
15
14
6
6
5
22
22
24
7
22
28
28
28
28
46
49
43
45
42
40
40
40
68
67
63
63
56
38
37
38
39
38
39
38
41
41
36
36
23
23
27
23
27
27
27
27
28
28
28
28
8
29
29
51
32
28
35
36
36
60
60
60
60
60
59
59
59
58
30
33
34
31
31
29
29
29
30
69
28
35
25
8
24
44
42
60
58
28
29
29
31
28
29
58
38
16
40
42
76
62
