1
2
1
1
1
1
1
1
1
2
2
2
2
13
2
2
2
2
4
4
13
4
4
2
4
77
77
77
1
4
1
4
4
77
4
77
77
77
77
77
77
77
3
77
77
77
3
3
3
3
3
5
3
4
4
14
14
5
4
5
4
4
4
5
16
16
16
5
5
5
5
5
5
5
5
22
5
5
5
5
6
3
3
6
6
5
5
6
6
6
6
6
6
6
6
6
7
6
7
7
6
6
6
7
6
6
7
7
7
7
7
7
7
7
6
7
22
7
7
7
7
7
7
8
8
8
8
8
8
8
8
8
8
7
8
8
8
8
8
8
8
28
8
9
9
9
10
10
10
10
10
10
15
11
10
15
15
15
15
12
12
12
15
13
13
4
14
14
14
14
13
15
14
14
14
14
16
15
15
15
15
15
15
15
15
15
15
15
15
15
15
15
16
16
14
16
16
16
16
16
16
16
15
20
16
17
15
17
17
17
76
17
17
17
19
19
18
20
20
19
19
19
19
25
19
19
19
19
20
19
19
19
25
20
19
20
20
20
21
20
20
21
21
21
21
21
21
21
22
22
22
22
20
20
22
20
22
22
23
22
22
21
21
22
24
23
23
23
22
24
23
23
22
20
25
23
23
23
23
23
23
24
24
24
24
24
24
24
24
24
24
24
24
24
24
24
24
24
24
24
24
24
23
27
24
24
24
28
24
24
24
25
25
25
25
25
25
25
25
25
25
25
25
25
25
25
25
25
25
25
25
25
25
27
23
25
25
26
26
26
26
27
27
27
27
27
27
27
29
28
28
28
28
28
27
28
28
28
28
30
30
28
29
30
30
30
30
29
30
58
30
31
30
30
30
30
30
30
31
31
28
31
28
31
28
28
8
32
32
33
33
34
35
60
35
35
35
35
38
35
35
36
38
38
38
38
38
40
38
38
40
38
39
39
39
39
39
41
39
40
40
40
69
41
41
40
41
41
41
42
42
42
41
42
42
42
40
40
40
42
42
69
42
43
43
43
43
43
43
43
43
69
45
46
43
43
44
45
44
44
44
47
47
45
47
45
46
46
46
46
46
45
52
46
52
47
48
48
47
52
52
49
47
47
49
49
50
54
50
49
49
49
54
54
50
50
50
52
51
51
46
52
52
52
52
52
53
49
75
53
53
53
53
53
54
54
55
51
56
56
56
56
56
56
56
64
64
57
57
57
58
56
58
30
30
58
58
58
58
58
58
59
59
58
60
60
60
60
58
61
37
61
61
61
61
61
63
61
61
67
61
61
61
62
62
62
63
63
63
62
62
63
63
63
64
64
64
64
64
64
64
65
62
64
65
65
70
66
63
65
66
66
66
65
65
66
66
67
61
67
67
61
61
67
61
67
67
67
67
67
67
71
71
71
67
68
68
68
68
71
68
69
71
69
69
69
44
69
69
71
69
44
45
70
70
70
70
70
70
70
72
71
71
71
67
70
70
71
71
71
73
71
71
71
73
49
72
72
72
72
72
75
72
73
73
73
73
72
73
73
73
72
74
74
74
73
75
75
75
75
75
76
76
76
76
76
10
53
72
30
1
3
5
22
22
21
20
25
25
25
18
15
13
5
6
6
21
22
22
7
22
28
28
28
31
46
49
69
45
69
40
61
61
61
71
63
63
56
60
37
38
38
38
39
40
41
40
36
36
24
23
27
27
27
27
27
27
24
28
28
28
8
29
29
51
32
32
35
35
35
59
60
59
60
34
31
59
59
30
30
35
34
28
31
29
30
29
30
69
31
35
23
8
22
44
69
61
58
28
29
30
31
29
30
58
38
5
37
42
76
62
