1
2
1
1
1
1
1
77
1
2
2
2
2
2
2
2
1
2
2
13
2
2
2
2
2
77
77
1
1
77
2
2
77
77
77
77
77
77
77
77
77
4
4
4
77
3
3
3
3
4
4
4
3
4
4
4
4
4
5
5
4
4
16
5
16
16
5
5
5
5
5
5
5
5
5
22
3
5
5
5
3
3
3
6
3
6
6
6
6
6
6
6
7
6
6
5
5
5
7
7
6
6
6
6
7
6
6
7
7
7
7
6
7
7
7
22
7
7
7
7
7
7
7
8
7
8
8
8
7
8
8
8
8
7
8
8
8
8
8
8
8
8
8
9
9
9
15
10
10
10
10
10
10
12
15
15
11
12
15
10
12
13
12
13
14
13
4
14
16
14
14
14
16
14
14
14
16
15
15
15
15
15
15
15
15
15
15
15
15
15
14
16
16
16
14
16
16
16
16
16
16
15
15
16
16
15
15
15
17
17
76
17
17
17
17
15
18
19
15
15
15
15
19
19
19
19
19
19
20
20
19
25
19
19
20
20
20
20
21
21
21
21
16
21
21
21
21
21
22
21
22
21
22
21
20
20
20
22
22
22
22
22
22
24
22
22
22
23
20
24
22
23
23
23
25
25
23
24
23
25
23
24
24
24
22
24
22
24
24
24
24
24
24
24
24
24
24
24
24
24
24
24
23
24
24
24
24
24
24
24
24
25
19
25
25
25
25
25
25
25
25
25
25
25
25
25
25
25
25
25
25
25
25
29
23
26
26
25
26
23
26
26
26
29
29
27
27
27
27
28
27
28
27
28
28
28
28
28
28
29
29
28
29
30
29
29
30
30
58
31
31
31
30
30
58
30
30
30
33
28
28
31
28
28
28
28
8
8
8
33
33
35
34
34
34
35
34
35
36
38
35
35
36
36
38
38
39
38
38
38
38
38
39
39
36
39
39
39
39
41
40
41
40
42
39
41
41
41
41
42
42
41
42
42
42
42
42
42
40
42
42
42
43
43
43
43
43
43
43
46
43
43
43
43
43
46
44
44
69
69
44
44
44
44
44
45
46
43
46
43
45
45
46
43
46
50
48
45
47
48
48
50
44
50
49
49
49
50
49
49
73
49
49
49
50
50
50
46
48
51
52
52
52
52
52
52
53
49
73
53
53
53
53
53
54
49
55
51
56
56
56
56
56
56
56
64
62
57
57
57
57
57
59
58
58
58
58
58
59
59
58
59
59
60
60
31
31
31
59
61
59
61
59
59
61
59
58
61
61
61
61
61
61
58
62
62
63
61
61
58
58
58
63
63
62
64
64
64
64
64
64
62
62
65
65
66
65
63
63
65
65
66
66
65
66
66
70
61
61
67
67
63
67
67
61
67
67
67
67
67
66
67
71
71
71
61
67
68
68
68
69
69
71
69
42
42
69
69
69
44
44
69
45
70
66
70
70
70
70
70
72
71
71
70
71
70
70
70
71
49
71
71
71
71
73
49
72
72
72
75
75
72
72
73
73
73
73
73
73
73
73
75
74
74
74
73
72
72
75
75
73
76
76
76
76
76
10
53
75
58
1
3
5
22
22
16
23
25
25
19
25
15
14
5
6
6
22
22
22
7
8
28
28
28
28
46
49
43
45
69
40
68
67
67
71
63
63
56
37
37
38
36
38
36
37
42
39
36
36
23
27
27
29
27
27
27
27
27
28
28
28
8
28
30
51
32
32
35
35
35
60
31
60
60
60
35
31
59
30
58
35
35
31
31
30
29
29
30
69
33
35
23
8
24
44
69
59
58
31
29
29
31
28
29
58
39
5
61
42
76
62
