1
13
1
1
1
1
1
2
2
2
2
13
13
13
2
13
2
13
2
2
13
2
2
4
2
77
1
1
1
1
1
77
77
77
4
77
4
77
77
77
4
4
3
3
3
77
3
77
77
4
4
4
3
4
14
4
4
14
4
14
14
16
16
5
16
16
5
5
5
5
5
5
5
5
7
5
5
5
5
5
5
3
3
6
3
5
6
6
6
6
6
6
7
6
6
6
5
7
7
7
7
7
6
6
6
6
7
7
7
7
7
7
7
7
7
7
22
7
7
7
7
7
7
7
7
8
8
8
8
8
8
8
8
8
8
8
8
8
8
8
8
8
7
9
9
9
10
11
10
10
10
11
10
11
10
11
11
11
15
11
12
12
14
13
13
13
4
14
14
13
14
16
16
16
14
14
14
15
15
11
15
15
15
15
15
15
15
15
15
15
15
15
16
16
16
16
16
16
16
16
21
15
15
20
15
17
17
17
17
17
76
17
19
18
19
15
18
19
19
19
15
15
19
19
19
19
19
19
20
25
25
19
19
20
20
20
20
20
16
15
21
21
21
21
21
21
21
21
22
22
22
22
22
20
20
20
22
22
22
22
21
22
22
22
22
22
23
22
20
23
23
22
20
23
23
22
22
23
22
23
23
24
24
24
24
24
24
24
24
24
24
24
24
24
24
24
24
24
24
24
24
24
24
24
24
28
24
24
24
24
24
25
25
25
19
25
25
25
25
25
25
25
25
25
25
25
25
25
25
25
25
25
25
26
23
26
26
25
26
26
26
29
26
27
27
27
27
27
29
28
28
28
28
28
28
28
28
28
28
30
30
28
29
30
30
30
30
30
30
30
30
28
30
30
30
30
30
30
31
31
28
28
31
28
28
28
32
32
32
33
31
34
35
34
38
33
35
33
35
35
35
36
39
38
38
37
38
37
37
38
38
38
39
39
39
41
39
39
39
38
40
40
40
41
39
38
41
41
41
41
41
41
42
42
42
42
42
42
42
42
69
42
42
43
43
69
43
43
43
43
43
43
43
46
43
43
44
47
44
44
69
44
44
47
47
45
52
52
46
46
46
45
46
46
52
47
45
48
48
46
46
47
47
49
49
49
50
50
49
49
53
53
49
49
50
50
50
46
51
51
52
52
52
52
52
52
53
53
75
53
53
54
54
54
51
53
55
51
30
30
30
56
56
56
56
56
64
30
57
57
57
57
58
30
30
58
58
58
58
58
58
58
59
59
60
60
59
60
59
61
61
61
61
61
61
61
63
63
63
61
61
61
61
62
62
62
63
63
62
62
63
63
63
63
64
64
56
64
64
64
65
64
64
65
65
70
65
66
63
65
65
70
66
70
70
66
70
67
67
61
63
67
67
67
67
67
67
67
67
67
66
67
67
67
66
61
67
69
68
68
69
67
68
69
69
42
69
69
69
69
69
69
44
70
70
70
70
71
70
70
71
71
67
67
67
67
67
71
71
71
71
71
71
71
71
73
72
73
72
72
72
72
72
73
73
73
73
73
49
73
73
72
74
74
74
75
75
75
75
75
53
76
76
76
76
76
10
54
74
30
2
3
4
22
22
21
20
25
26
19
19
15
13
5
6
3
22
22
22
22
7
28
28
28
28
52
73
69
45
69
40
40
61
69
67
66
63
56
37
37
37
38
38
39
38
41
41
36
36
23
24
27
27
27
27
29
27
28
28
28
28
8
29
29
51
32
8
35
35
35
59
60
60
37
34
60
58
59
28
30
33
34
28
58
30
30
30
30
69
31
34
23
7
24
44
69
61
58
28
29
28
31
29
30
58
38
16
40
42
76
64
