1
2
1
1
1
1
1
1
1
1
1
2
2
2
2
4
4
2
2
2
2
2
2
2
2
77
77
1
1
77
4
4
4
77
4
77
4
77
77
77
77
77
77
77
77
3
3
3
3
5
5
5
3
4
2
2
14
4
4
4
4
14
4
5
5
16
5
5
5
5
5
5
22
5
22
22
3
5
6
6
3
6
6
3
6
3
3
3
3
6
6
3
3
3
6
6
5
6
6
6
6
6
6
7
7
6
7
7
7
7
7
7
7
7
5
5
5
5
7
7
7
7
8
7
8
7
7
8
8
8
8
8
8
8
8
8
8
8
8
8
8
8
8
9
9
9
10
10
10
10
76
10
15
11
11
15
15
12
15
12
12
13
12
13
12
13
14
14
14
13
14
16
16
14
14
14
14
15
15
15
15
15
15
17
15
15
15
15
15
15
14
16
16
16
14
16
16
16
16
16
16
21
16
20
21
15
17
17
76
76
76
17
17
18
17
19
18
20
20
20
19
15
19
15
20
19
19
19
19
19
19
19
19
20
20
19
20
20
21
21
21
21
21
21
21
21
5
5
21
21
22
22
22
20
22
20
22
22
22
22
22
22
22
22
22
23
23
22
23
23
23
22
23
23
23
23
22
23
22
23
23
24
24
24
24
24
24
24
24
24
24
24
24
24
24
24
24
24
24
24
24
24
23
24
24
28
24
24
28
24
24
25
25
25
25
25
25
25
19
25
25
25
25
25
25
23
25
25
25
25
25
25
25
26
26
25
25
25
25
26
27
27
26
27
27
27
29
29
27
28
28
28
28
32
28
28
28
28
28
29
30
29
29
29
29
29
30
29
30
30
30
31
29
29
29
30
30
29
31
28
31
28
28
28
28
28
8
32
32
33
28
34
35
34
38
35
35
35
35
38
38
36
36
38
37
38
38
38
38
38
38
40
39
39
36
39
39
39
39
40
40
40
40
41
41
40
41
42
42
41
41
41
42
69
42
42
42
42
42
42
42
42
43
43
69
69
43
43
43
43
43
43
46
46
43
43
44
44
69
44
44
47
47
47
47
48
46
46
48
46
48
46
48
48
51
47
45
45
47
51
48
49
47
49
49
49
49
50
49
49
73
49
49
50
50
50
50
51
48
51
46
52
52
52
52
52
53
53
53
53
53
53
53
54
54
54
55
51
56
56
56
62
56
56
64
64
56
57
57
62
57
62
58
30
58
58
58
58
58
61
58
58
59
59
60
59
59
60
61
61
37
37
61
61
61
61
61
61
61
61
61
61
37
58
62
62
62
63
58
63
63
63
66
63
62
64
64
64
64
64
65
62
65
65
65
65
65
63
66
63
63
66
70
70
65
70
70
67
61
67
61
66
61
67
61
67
67
67
67
66
66
67
71
71
70
68
67
71
68
68
71
71
71
69
69
69
69
69
71
44
69
69
69
70
65
70
70
70
70
71
71
49
71
71
71
71
71
49
49
49
71
71
71
73
71
49
72
72
72
72
72
72
72
73
73
73
73
73
73
73
73
75
74
74
75
73
72
72
75
75
75
76
76
76
76
76
10
53
75
30
4
3
5
22
22
16
19
19
25
25
18
16
13
6
3
6
24
24
22
5
5
28
28
28
28
46
49
43
45
42
40
37
68
68
67
66
63
56
37
38
38
38
38
36
40
41
41
36
36
23
24
27
27
27
27
29
29
28
28
28
28
8
29
29
51
32
32
35
35
38
59
61
61
60
60
60
58
59
30
29
35
31
31
31
30
30
30
29
69
28
35
23
8
24
44
69
61
58
28
29
30
31
29
30
30
36
5
37
69
76
62
