1
1
1
1
1
1
1
1
1
2
1
2
13
13
2
2
1
2
2
4
13
4
2
2
2
77
77
77
1
77
2
2
77
77
77
77
77
77
77
77
77
4
4
3
3
3
3
3
3
4
4
4
3
2
4
4
13
4
2
4
14
16
4
5
5
16
5
5
5
5
5
5
5
5
5
22
6
5
5
5
6
3
6
3
6
5
5
6
6
6
7
6
6
6
6
6
22
6
7
7
6
7
7
6
6
6
6
7
7
7
7
6
7
7
6
22
7
6
7
7
7
8
7
7
7
8
8
8
8
7
8
8
8
8
8
8
8
8
8
8
28
28
8
9
9
12
10
12
10
10
11
10
11
11
11
11
11
12
12
12
12
12
12
13
14
13
14
14
14
13
14
16
14
14
14
14
14
15
15
15
15
15
15
15
15
15
15
16
15
19
14
16
16
16
16
16
16
21
21
16
16
21
16
16
21
15
15
17
17
17
76
17
17
17
18
15
18
20
16
15
15
19
15
19
15
15
19
20
20
19
19
25
19
20
20
20
20
22
21
21
21
20
16
21
21
21
5
22
22
22
22
22
22
20
20
22
22
22
22
24
22
22
22
24
24
22
22
22
20
23
23
22
20
20
23
23
22
23
22
23
23
24
24
24
24
24
24
23
24
24
24
24
24
24
24
24
24
24
24
24
24
24
23
24
24
28
28
24
24
24
28
25
25
25
18
25
25
25
25
25
25
25
25
25
25
25
25
25
25
25
25
25
26
26
26
25
25
26
26
26
27
27
26
27
27
27
27
25
25
28
28
28
28
28
28
28
28
28
28
25
29
29
29
29
29
29
29
30
30
58
29
31
30
29
29
29
29
29
31
31
31
28
28
31
28
28
8
32
32
33
28
34
35
35
35
35
35
35
35
38
35
38
38
38
35
38
39
38
38
39
38
38
39
39
39
38
39
39
39
42
40
40
40
41
39
42
41
41
41
41
41
41
41
41
41
42
42
42
42
42
42
69
42
43
43
43
43
43
43
46
43
43
48
48
46
46
44
47
44
44
44
44
44
47
44
48
46
46
48
46
46
48
48
48
52
47
48
47
48
48
48
44
47
44
49
73
49
50
49
49
73
49
49
49
50
50
50
51
51
50
52
51
52
52
52
52
53
49
53
53
49
53
53
53
54
54
55
55
56
56
56
56
56
56
56
64
64
58
30
57
57
62
58
58
58
58
58
58
58
58
58
58
59
58
31
31
31
60
58
58
37
37
37
37
61
61
61
61
67
61
61
61
37
62
62
62
62
63
63
63
63
63
63
63
64
64
64
64
64
65
65
65
65
65
65
70
65
63
63
65
66
66
70
66
66
70
70
67
67
67
67
70
70
70
70
67
70
70
70
70
70
70
71
71
70
61
67
68
67
67
68
68
67
69
69
69
69
69
71
71
69
44
44
70
70
70
70
70
70
70
70
71
71
71
71
71
71
71
71
71
71
71
71
71
73
73
70
72
72
72
72
72
72
73
73
73
73
72
73
73
73
72
72
74
74
75
75
75
75
75
75
76
76
76
76
76
76
53
74
30
1
3
4
22
22
16
20
25
25
15
18
15
13
5
6
3
22
22
24
6
7
28
28
28
28
48
71
43
45
42
40
67
61
67
67
70
63
56
37
37
35
38
38
39
39
41
39
36
36
23
24
27
27
27
27
27
27
28
28
28
28
8
25
25
51
32
8
35
35
38
59
60
59
60
31
31
58
59
31
30
33
34
31
31
30
29
29
29
69
28
35
26
28
24
44
69
58
63
28
25
29
31
29
29
58
38
5
37
42
76
64
