1
1
1
1
1
1
1
1
1
2
2
2
2
2
2
2
2
2
2
2
2
2
2
2
4
77
77
77
77
1
77
77
77
77
77
77
77
3
3
77
4
77
4
4
3
77
3
77
3
3
4
4
3
4
4
4
4
4
4
5
4
16
5
5
5
16
5
5
5
5
5
5
5
5
5
5
3
3
6
6
6
3
6
6
6
6
5
7
6
6
7
6
6
6
6
5
5
5
6
7
7
7
6
6
6
7
6
7
7
7
7
7
7
7
5
5
8
7
8
7
7
7
7
7
8
8
8
8
8
7
8
8
8
8
8
8
8
8
8
8
8
8
8
9
9
9
10
10
9
10
10
10
10
12
10
10
11
11
11
12
12
13
12
13
14
2
14
14
14
14
12
14
14
16
14
16
14
15
15
15
17
15
17
15
15
16
15
15
15
15
14
14
14
16
16
5
16
5
5
5
16
16
16
20
16
17
17
17
17
17
17
17
17
17
19
17
19
20
19
15
19
19
25
19
19
25
19
20
20
25
25
25
19
20
20
20
20
20
5
16
21
20
21
21
21
21
21
22
21
21
22
21
22
20
22
22
22
21
22
21
22
22
22
22
22
22
22
22
20
23
23
22
20
23
23
23
22
23
23
23
23
24
24
24
24
22
24
24
24
24
24
24
24
24
24
24
24
24
24
24
24
24
23
24
24
24
24
24
24
24
24
25
25
25
25
25
25
25
25
25
25
25
25
25
25
25
25
25
25
25
25
25
25
26
26
26
25
26
26
26
27
27
29
27
27
27
27
27
27
28
28
28
28
28
28
28
28
28
28
29
29
29
29
30
29
30
30
29
30
30
30
59
29
30
30
30
30
30
31
31
28
31
28
28
28
31
8
8
8
33
33
60
34
34
34
35
33
35
35
35
37
36
36
38
37
38
40
38
38
38
38
38
39
39
39
39
39
39
39
40
40
40
42
41
39
41
41
41
41
42
42
41
41
42
42
42
41
42
42
42
42
42
43
43
42
43
43
42
43
43
42
42
43
43
43
43
44
44
44
44
44
49
49
44
49
45
43
46
46
46
46
46
46
46
46
47
48
47
48
48
51
49
49
50
49
49
49
49
49
49
73
49
49
49
50
50
50
52
52
51
46
52
52
46
52
52
53
53
53
53
53
53
53
53
54
53
55
54
56
56
56
57
56
56
56
64
64
57
57
57
57
57
58
58
30
58
58
58
58
59
58
59
58
59
60
31
60
60
58
58
37
61
67
61
61
61
61
61
67
67
67
61
61
62
62
62
65
63
63
63
63
63
63
63
64
64
64
64
64
64
64
65
64
64
65
65
65
63
63
63
65
66
63
66
66
70
70
61
67
67
67
63
67
67
67
67
67
67
67
63
67
71
71
71
67
61
68
68
67
67
68
68
68
69
69
42
69
69
69
69
44
69
45
70
70
70
70
70
72
70
72
71
71
71
71
71
71
71
71
71
71
71
71
73
71
71
72
72
72
72
72
72
72
73
71
73
73
73
73
73
73
75
75
74
74
75
75
72
75
75
53
76
76
76
76
76
10
53
75
30
1
3
4
5
22
21
20
25
26
19
18
16
2
5
6
6
5
22
22
7
8
28
24
28
28
46
49
43
45
42
40
68
61
68
67
66
63
56
37
37
37
38
38
38
40
41
39
36
36
23
24
26
27
27
27
27
28
28
28
28
28
8
27
29
51
32
32
35
35
35
59
60
60
60
34
60
59
59
30
30
33
34
30
59
29
29
30
30
69
31
35
25
8
24
44
40
61
58
30
29
29
31
28
30
59
40
5
68
42
76
56
