1
2
1
1
1
1
1
1
1
2
1
2
2
2
2
1
1
2
2
4
13
2
2
1
1
77
77
77
1
77
1
2
4
77
77
77
77
77
77
77
4
4
4
4
77
3
3
3
77
5
4
5
3
2
4
2
4
4
4
4
14
4
4
4
4
16
5
5
6
6
5
5
5
5
5
22
6
5
5
5
6
3
3
3
6
5
5
3
3
6
6
6
6
6
6
5
5
6
7
7
6
6
6
6
6
7
7
7
6
7
7
6
7
7
7
7
7
7
7
7
7
7
7
8
7
8
7
8
8
8
8
8
8
8
8
8
8
8
8
8
8
8
8
9
9
10
10
10
10
10
10
10
10
11
11
10
10
12
15
11
12
13
12
13
13
4
14
13
13
14
14
14
14
14
14
14
14
15
15
15
15
10
15
15
15
15
19
15
19
15
14
16
14
16
16
16
14
16
5
16
16
16
16
21
21
15
15
15
17
17
76
17
17
17
17
17
18
15
15
19
17
19
19
19
15
19
15
15
20
20
25
25
25
20
20
20
20
20
5
20
20
21
21
21
21
21
22
22
21
22
22
22
20
22
23
20
22
23
22
22
22
22
22
22
22
22
23
22
23
23
23
23
22
23
23
23
23
23
23
23
23
22
22
24
23
24
23
23
24
24
24
24
24
24
24
24
24
24
24
24
24
24
24
24
24
24
24
24
24
24
24
25
25
25
18
25
25
20
25
25
25
25
25
25
25
25
25
25
25
25
25
25
25
27
26
23
26
26
26
26
27
27
27
27
28
27
27
29
27
28
7
28
28
28
28
28
28
28
28
29
29
31
29
30
29
30
30
29
30
58
30
31
30
30
30
30
30
30
28
31
28
28
28
28
28
28
8
32
32
33
33
35
35
60
35
35
35
35
38
38
38
35
36
38
38
38
38
38
38
38
38
38
39
39
39
39
41
41
39
40
40
40
40
41
41
41
41
41
42
42
42
41
41
42
42
42
42
42
42
42
42
42
43
43
42
42
43
43
43
43
46
46
46
46
43
43
44
44
69
44
44
44
47
47
47
45
46
46
48
48
46
45
48
48
48
47
45
48
48
48
48
47
47
49
49
49
49
50
50
49
49
49
49
53
51
50
50
48
51
51
46
51
52
52
52
52
53
53
53
53
53
53
53
54
54
54
55
54
56
56
56
56
56
56
56
64
64
58
30
57
57
56
58
58
58
58
58
58
58
58
61
59
59
59
60
31
31
31
61
37
61
61
61
37
61
61
61
63
63
61
61
68
61
62
62
62
65
63
62
62
66
63
66
65
64
64
64
64
64
64
64
65
64
64
65
65
65
66
66
65
65
66
66
65
65
66
66
67
67
67
67
63
63
67
71
67
71
67
67
67
67
71
67
71
66
68
68
69
68
68
68
68
68
68
69
42
69
69
69
71
71
69
45
70
65
70
70
70
70
70
73
71
71
71
71
70
70
71
71
71
71
71
71
71
71
73
73
73
72
72
74
72
72
73
71
73
73
73
49
73
49
74
74
74
74
75
75
75
53
53
53
76
76
76
76
76
10
53
53
30
1
77
5
22
24
21
23
20
25
18
18
14
13
6
6
3
24
22
23
7
7
28
7
28
28
48
73
43
45
69
40
37
37
37
67
63
63
56
37
37
38
38
38
39
38
41
39
36
35
24
24
27
28
28
27
27
28
24
28
28
28
8
27
30
51
28
8
35
35
35
59
60
59
60
34
31
31
59
31
30
35
34
28
31
29
29
29
30
69
28
35
23
7
7
44
69
37
57
28
29
29
31
27
30
58
39
5
61
42
76
64
