1
1
1
1
1
1
1
1
1
1
1
2
2
2
2
2
2
2
2
2
2
2
4
4
2
77
77
77
1
77
2
4
77
77
77
77
77
77
77
77
77
77
3
77
3
77
3
77
3
3
3
4
3
4
14
2
14
14
4
4
14
16
16
4
4
16
5
5
5
5
5
5
5
5
5
5
6
6
5
6
3
3
6
3
6
6
6
6
6
6
6
6
6
6
6
6
5
7
7
7
6
6
6
6
6
7
7
7
7
7
7
7
7
22
7
7
7
7
7
7
7
7
7
7
7
8
7
8
8
8
8
8
8
8
8
8
8
8
8
28
8
8
8
9
9
11
10
11
10
10
10
11
10
11
11
11
15
11
12
12
12
12
12
13
13
13
14
14
14
14
14
14
16
14
14
16
14
15
15
15
15
15
15
15
15
15
15
15
15
15
15
16
16
16
16
16
14
16
16
16
21
16
15
16
16
15
15
17
17
17
76
76
17
17
19
19
18
16
15
15
15
15
19
19
15
19
19
19
19
19
19
25
19
16
20
20
20
20
21
16
22
16
21
22
21
21
21
21
22
22
22
22
22
22
22
20
22
22
23
22
22
22
22
22
22
23
22
23
22
23
23
23
23
20
20
20
23
24
23
20
23
24
24
24
24
24
24
24
24
24
24
24
24
24
24
24
24
24
24
24
24
24
24
24
24
24
24
24
24
24
24
25
19
25
25
25
25
25
25
25
25
25
25
25
25
25
25
25
25
25
25
25
25
23
23
26
25
26
26
23
23
26
26
23
27
27
27
25
27
8
28
28
28
28
28
28
28
31
28
29
29
28
29
29
29
30
30
30
29
29
30
30
30
30
30
30
30
30
28
28
28
28
28
28
31
31
8
32
32
33
28
60
34
34
35
35
35
35
36
35
35
36
38
38
37
38
39
38
38
40
38
38
39
39
39
39
39
41
39
40
40
40
40
41
41
40
41
41
42
41
42
41
41
42
42
42
42
42
40
42
42
42
42
42
43
43
43
43
43
43
43
43
43
43
43
46
44
48
44
44
44
44
44
44
47
45
46
46
48
46
46
43
48
48
46
47
48
48
47
48
48
49
50
50
49
73
49
50
49
49
73
53
49
49
50
50
50
51
51
48
46
51
52
52
52
52
53
53
53
53
53
53
53
54
54
54
52
55
56
56
56
56
56
56
56
64
64
56
56
57
56
62
58
58
30
58
58
58
62
58
58
59
59
59
60
31
60
60
59
59
37
61
61
61
61
61
61
67
61
67
61
68
61
62
62
62
65
63
62
63
63
63
63
63
56
64
64
64
64
64
64
65
65
65
70
70
65
65
66
65
65
66
66
70
70
66
70
67
61
67
61
67
67
67
61
67
61
67
66
66
67
67
67
71
71
68
68
68
68
68
68
68
71
69
42
42
69
69
69
69
44
69
44
70
70
70
70
70
70
72
72
69
71
71
71
71
71
71
69
71
71
71
71
71
73
71
72
72
72
72
72
72
72
73
73
73
73
73
73
72
73
74
74
74
74
75
75
75
53
53
53
76
76
76
76
76
10
53
75
30
2
3
4
22
22
21
20
25
25
19
25
15
13
6
3
3
22
22
22
22
7
28
8
28
28
46
49
43
48
42
40
61
61
61
67
66
63
56
37
37
38
38
38
39
40
41
39
36
36
23
27
27
27
27
27
27
28
28
28
28
31
8
29
25
51
32
28
35
36
36
60
60
60
60
34
31
59
59
31
30
33
34
31
31
30
29
30
29
69
28
35
23
8
8
44
42
61
62
31
25
29
31
28
30
30
38
5
61
42
76
56
