1
2
1
1
1
1
1
1
1
1
1
2
2
2
2
2
1
2
2
4
2
4
2
2
2
77
77
1
1
1
2
4
77
77
77
77
77
77
77
77
77
4
3
3
77
77
3
77
3
3
4
4
3
4
4
14
14
5
4
5
5
16
5
4
5
16
5
5
5
5
5
5
5
5
5
5
6
4
5
6
6
3
3
3
3
6
6
6
6
6
6
6
6
6
5
5
7
5
7
7
6
6
6
6
7
7
7
7
7
7
7
7
7
7
7
7
7
7
8
7
7
7
8
8
8
8
7
8
7
8
8
8
8
8
8
8
8
8
8
8
8
8
8
9
9
9
11
10
10
10
10
15
10
11
15
15
15
15
15
11
12
12
12
13
14
13
14
16
14
14
14
14
14
16
16
16
16
15
15
15
15
15
17
15
15
15
15
15
15
15
15
15
16
16
16
16
16
16
16
16
16
16
15
15
15
17
17
17
17
17
76
18
18
18
18
17
18
15
19
15
19
15
19
19
19
25
19
15
20
19
25
25
19
15
20
20
20
20
5
21
21
21
21
21
21
21
21
22
22
22
22
22
22
22
22
20
22
22
22
22
22
22
22
22
22
22
22
22
20
24
24
20
20
23
23
20
20
20
20
20
23
24
24
24
24
24
24
24
24
24
24
24
24
24
24
24
24
24
24
24
24
24
23
24
24
24
24
24
24
24
28
25
25
25
25
25
25
25
25
25
25
25
25
25
25
25
25
25
25
25
25
25
25
27
26
23
26
26
23
26
27
25
26
27
27
29
27
29
27
28
28
28
28
28
27
28
28
28
28
29
25
28
29
30
29
30
30
30
30
30
30
58
30
30
30
30
29
30
31
31
28
28
28
31
28
28
8
32
32
33
28
60
34
34
35
35
35
35
36
38
35
36
36
38
38
39
39
38
38
37
38
38
39
39
39
38
39
41
39
40
40
40
40
41
41
41
41
41
41
41
41
41
41
42
42
42
42
42
42
42
42
42
43
42
43
43
43
43
43
43
43
43
45
45
45
43
45
44
44
44
44
47
47
44
47
48
46
46
48
46
48
48
48
46
46
47
48
48
47
47
48
47
47
47
49
49
49
50
49
49
49
49
49
49
50
50
49
51
51
50
46
52
52
52
55
52
49
53
75
75
53
53
53
54
54
54
55
51
30
56
56
56
56
56
64
64
64
58
57
57
57
56
59
58
58
58
58
58
58
58
58
61
59
59
60
31
31
31
61
37
37
61
61
37
61
61
58
61
61
61
61
68
61
62
62
62
62
58
58
63
63
63
66
62
64
64
64
64
64
64
64
62
65
65
65
65
70
66
66
62
62
66
66
62
66
66
70
67
67
67
61
67
61
61
67
68
67
61
61
67
67
67
67
71
71
68
68
68
67
68
68
68
68
69
69
42
69
69
69
68
68
69
69
70
70
70
70
70
70
70
71
71
68
71
71
70
71
71
71
71
71
71
71
71
71
71
72
72
72
72
72
75
72
49
71
73
73
73
73
73
73
72
74
72
75
73
75
75
75
75
75
76
76
76
76
76
10
53
75
30
1
3
4
22
22
21
20
25
25
19
25
15
14
5
6
6
22
22
22
22
7
28
28
28
28
46
49
45
45
69
40
37
61
68
67
63
63
56
37
37
38
39
38
39
41
41
39
36
36
23
27
27
29
27
27
29
27
28
28
28
28
8
29
29
51
28
32
35
36
36
59
60
59
60
34
31
59
59
30
58
33
34
28
31
30
29
30
30
69
28
35
23
8
24
44
69
37
58
28
25
29
31
28
29
58
38
5
61
42
76
56
