1
2
1
1
77
1
1
77
1
1
1
2
2
2
2
2
1
2
2
2
2
2
2
1
1
77
77
77
77
1
77
77
77
77
77
77
77
77
4
77
4
4
4
4
4
3
3
3
3
4
4
5
3
2
4
2
2
4
4
4
2
14
14
5
5
5
5
5
5
5
5
22
5
5
5
5
3
3
5
6
3
3
6
6
3
6
6
3
6
6
6
6
6
5
5
5
5
7
5
7
6
6
6
7
6
7
6
7
7
7
7
7
7
7
7
5
8
7
7
7
7
7
7
7
8
8
8
8
7
8
8
8
8
8
8
8
8
32
8
8
28
8
8
9
9
10
10
10
10
10
10
10
10
11
15
15
15
15
12
10
12
13
12
13
13
13
14
14
14
14
14
14
16
16
14
16
14
15
15
12
15
15
15
15
15
15
15
15
15
15
14
14
14
16
16
21
16
21
21
21
16
16
16
16
16
17
15
17
17
17
76
17
17
17
18
18
18
15
15
15
19
19
15
15
15
19
19
19
19
19
19
19
19
20
20
20
20
23
21
20
20
22
21
20
21
22
21
21
22
21
22
21
22
22
23
23
22
22
22
22
22
21
21
22
23
23
22
23
23
23
23
23
20
23
23
20
23
23
23
23
23
24
24
24
24
22
24
24
22
24
24
24
24
24
24
24
24
24
24
24
24
24
24
24
24
28
28
28
24
24
24
25
25
25
19
25
25
25
23
25
25
25
25
25
25
25
25
25
25
25
25
25
25
27
26
26
25
25
29
26
26
26
29
27
27
27
27
29
27
28
28
27
24
28
28
28
28
28
28
29
29
30
29
30
29
29
30
29
30
30
30
31
30
30
31
31
30
31
28
28
28
28
28
28
28
28
32
32
32
33
33
35
35
35
37
33
34
35
35
38
37
35
36
38
38
39
38
38
39
38
38
38
39
39
39
39
39
41
39
42
40
40
40
41
41
41
42
42
42
41
41
42
42
42
42
42
42
42
42
42
42
42
43
43
43
43
43
43
43
43
43
46
46
46
43
46
44
44
44
44
44
47
47
47
47
46
46
46
46
46
48
46
48
46
52
47
45
45
47
45
48
47
47
47
49
49
49
49
49
49
73
49
49
49
51
50
49
48
48
51
52
51
52
52
52
52
53
53
75
53
53
53
53
54
54
54
55
55
31
56
56
31
56
56
56
56
62
57
31
57
57
57
31
58
31
58
58
58
58
58
58
58
58
59
60
59
59
60
58
61
37
61
61
61
61
61
58
67
61
61
61
61
61
63
62
62
65
67
58
63
63
58
63
63
64
64
64
64
64
64
64
65
64
65
65
65
65
66
63
63
65
66
66
66
70
66
70
61
67
61
67
67
67
61
67
67
67
67
67
67
66
67
67
67
66
67
67
68
68
68
68
69
69
42
69
42
69
69
69
71
44
69
44
70
70
70
70
70
70
72
72
71
67
71
70
71
71
67
71
71
71
71
71
71
71
73
72
72
72
72
72
75
72
73
73
73
71
72
73
73
73
75
74
74
74
72
75
72
75
75
75
76
76
76
76
76
10
53
75
31
1
3
5
22
22
21
20
25
25
19
18
15
14
5
3
3
22
22
22
7
8
28
24
28
28
46
49
46
45
69
40
42
67
67
67
67
63
56
37
37
38
39
38
39
38
41
41
36
36
24
24
27
27
27
27
27
27
24
28
28
28
8
28
29
51
28
28
35
35
35
60
60
60
35
35
31
58
59
30
30
33
34
31
31
30
29
29
29
69
31
35
23
8
24
44
42
61
58
28
29
29
31
28
29
31
39
22
61
42
76
62
