1
1
1
1
1
1
1
1
1
2
1
2
2
2
2
2
2
2
2
13
13
2
2
2
2
77
77
77
77
4
4
4
77
77
77
77
77
77
77
77
77
77
3
3
3
3
3
3
3
4
4
5
3
4
4
4
13
4
4
4
14
14
5
5
5
14
5
5
5
5
5
5
5
5
5
7
5
5
5
5
5
6
6
5
5
5
6
6
6
6
6
6
7
6
5
5
5
7
6
7
6
6
6
6
6
7
7
7
7
7
7
7
7
7
7
7
7
7
7
7
7
7
7
7
7
8
8
8
8
8
8
8
8
8
8
8
8
8
8
28
8
8
8
9
9
9
10
9
10
10
10
10
10
11
11
11
11
15
15
12
12
12
15
13
13
13
14
13
13
13
14
14
14
14
14
14
14
15
15
15
15
15
15
15
15
15
15
15
15
15
14
16
16
16
16
16
16
16
16
16
21
16
16
16
21
15
15
17
17
17
17
17
17
17
17
15
18
19
19
19
19
19
19
19
19
19
19
19
19
19
19
19
19
20
20
19
20
20
21
20
21
21
21
21
21
5
5
22
22
22
22
22
22
20
20
20
22
22
22
24
22
22
22
22
24
22
22
22
22
23
23
20
20
23
23
23
23
23
23
23
23
24
24
24
24
24
24
24
24
24
24
24
24
24
24
24
24
24
28
24
24
24
24
24
28
28
28
24
28
28
24
19
25
25
25
25
25
25
25
25
25
25
25
25
25
25
25
25
25
25
25
25
25
29
29
26
25
26
26
26
29
29
26
29
27
29
29
29
27
28
28
28
28
28
28
28
28
28
28
29
29
29
29
29
29
29
30
30
30
30
30
29
29
29
29
30
29
30
31
31
31
31
31
28
31
31
32
32
28
33
33
34
34
34
37
35
35
35
38
35
35
36
38
38
38
38
39
38
38
38
38
38
39
39
39
39
39
39
39
39
40
40
40
41
41
39
41
41
41
41
41
41
41
42
42
42
42
39
42
42
42
42
69
43
43
43
43
43
43
43
43
43
43
43
43
48
44
47
44
44
69
44
44
47
47
69
48
46
46
46
46
69
46
46
48
47
48
45
47
48
48
49
47
49
49
49
49
50
50
49
49
49
49
49
50
50
54
51
51
51
52
52
52
52
52
52
53
53
53
54
53
54
54
54
54
54
55
55
56
56
56
56
56
56
64
64
56
57
57
57
57
57
58
58
58
58
58
58
58
58
58
59
59
59
60
60
31
60
59
61
37
71
61
61
61
63
63
63
61
61
71
71
61
62
62
62
65
63
58
63
63
63
63
63
64
64
64
64
64
64
64
65
65
65
65
65
65
66
63
66
65
66
66
66
65
66
65
67
67
67
67
63
67
71
67
71
67
71
67
67
71
67
71
71
71
71
71
69
68
68
69
69
71
69
69
69
69
69
69
69
69
69
69
70
70
70
70
70
70
71
71
69
71
71
71
71
71
71
71
71
71
71
71
71
71
71
72
72
72
72
72
72
72
71
73
73
73
73
73
73
73
74
74
74
74
75
75
75
75
75
75
76
76
76
76
76
10
54
75
30
1
3
4
22
24
21
20
25
25
25
18
15
13
5
6
5
22
7
24
7
7
28
28
28
28
48
49
69
45
69
40
69
69
68
71
63
63
56
37
37
38
39
38
39
40
41
39
36
36
24
24
27
29
27
27
27
27
28
28
28
28
8
29
29
51
28
28
35
35
35
59
60
60
60
60
60
59
59
29
30
33
34
31
31
29
29
29
30
69
28
35
25
8
24
44
69
61
58
28
29
29
31
29
29
58
38
5
61
69
76
56
