1
2
2
1
1
1
1
1
1
2
1
2
2
13
2
2
2
13
2
13
13
13
2
2
2
77
77
77
77
1
2
4
4
77
77
77
77
77
77
77
77
77
4
77
3
77
3
3
3
3
5
5
3
4
4
13
4
4
4
4
4
4
4
5
5
5
5
5
5
5
5
5
5
5
5
5
5
5
5
5
6
3
6
3
6
6
5
6
6
6
6
6
6
6
6
7
7
7
6
6
6
6
6
7
7
6
7
7
7
7
7
7
7
7
7
7
7
7
7
7
7
7
7
7
7
8
8
8
7
8
8
8
8
8
8
8
8
8
8
8
8
8
8
9
9
9
10
11
10
10
10
10
10
11
11
11
15
11
15
11
12
12
14
13
13
13
14
14
14
14
14
14
14
16
14
16
14
15
15
15
15
15
15
15
15
15
15
15
15
15
16
16
16
16
16
16
16
16
16
16
16
16
16
16
16
17
15
17
76
76
17
17
17
17
17
17
18
19
19
19
19
19
19
19
19
19
19
19
19
19
19
19
19
21
20
20
20
20
21
21
21
21
21
22
21
21
21
22
22
22
22
22
22
22
22
22
22
22
22
22
22
22
22
22
22
22
20
22
22
22
20
20
20
20
20
20
20
23
20
20
23
24
24
24
24
24
24
22
24
24
24
24
24
24
24
24
24
24
24
24
24
24
24
24
24
24
24
24
24
24
24
19
25
25
25
25
25
25
25
25
25
25
25
25
25
25
25
25
25
25
25
25
25
23
25
25
25
25
25
26
26
27
26
27
27
27
27
29
29
8
24
27
27
31
28
28
31
31
31
29
29
29
29
29
29
29
29
30
30
29
29
31
30
30
29
29
29
29
31
31
31
31
31
31
28
31
8
33
33
35
31
60
34
34
35
35
35
35
35
35
35
38
38
38
38
38
39
38
38
37
38
38
36
36
38
39
39
39
39
40
40
40
40
41
41
40
41
41
41
42
42
41
42
42
42
42
42
42
42
42
42
42
43
43
42
42
43
43
43
43
43
43
43
46
43
43
44
44
44
44
44
49
44
44
44
46
46
46
46
46
46
46
46
46
51
47
48
48
48
46
46
49
44
44
49
49
49
50
49
49
49
49
49
49
51
50
51
51
51
51
51
51
52
52
52
52
53
49
75
75
53
53
53
53
54
54
55
54
56
56
56
56
56
56
56
56
56
57
57
57
57
57
58
58
58
58
58
58
58
58
58
59
59
59
60
60
60
60
61
61
61
61
59
61
61
61
61
67
67
61
61
61
61
65
62
62
65
61
63
63
63
63
66
63
64
64
64
64
64
64
64
65
65
65
65
65
65
66
66
66
66
66
63
63
66
70
70
67
61
67
67
67
67
67
67
67
70
70
70
67
70
70
67
71
70
61
67
68
68
68
69
69
67
69
69
69
69
44
44
71
44
69
69
70
70
70
70
70
70
70
71
71
71
71
71
71
71
71
71
71
71
71
71
71
73
71
72
72
72
72
75
72
72
49
73
73
72
73
73
73
73
74
74
74
74
75
75
75
75
75
75
76
76
76
76
76
10
53
75
30
1
3
4
22
22
21
20
25
25
19
19
16
4
5
6
3
22
22
22
22
7
31
28
31
31
46
49
46
45
42
40
69
61
67
67
63
63
56
60
37
38
38
38
38
40
41
40
36
36
23
23
27
27
27
23
27
27
28
28
28
28
8
29
29
51
32
8
35
34
35
60
60
60
60
34
31
31
59
29
30
35
34
31
31
30
29
29
30
42
31
34
20
8
24
44
69
59
58
28
29
30
31
29
29
31
39
5
61
42
76
56
