1
1
1
1
1
1
1
1
1
2
1
2
2
2
2
2
2
2
2
2
2
2
2
2
2
77
77
77
77
1
77
77
77
77
77
77
77
77
77
77
77
77
3
3
3
3
3
3
3
3
4
5
3
4
4
4
13
4
4
4
4
4
4
5
5
4
5
5
5
5
5
5
5
5
5
5
5
5
5
6
3
6
6
6
3
6
6
6
6
6
6
6
6
6
6
6
5
5
5
7
7
6
6
6
7
7
7
7
7
7
7
7
7
7
7
22
7
7
7
7
7
7
7
7
7
8
8
8
8
8
8
8
8
8
8
8
8
8
8
28
8
28
28
9
9
9
15
10
10
10
10
10
10
15
11
15
15
11
11
12
12
12
15
13
13
13
14
14
14
14
14
16
14
16
14
14
14
15
15
15
15
15
15
15
15
15
15
15
15
15
14
16
16
16
16
16
16
16
16
16
16
16
16
20
16
15
17
17
17
17
17
17
17
17
18
18
18
20
20
20
19
19
19
19
19
19
19
20
20
19
19
19
19
20
20
20
20
20
21
20
21
21
21
21
21
21
21
22
22
22
22
22
22
22
20
22
22
22
22
22
22
22
22
22
22
22
22
22
22
23
23
20
20
23
23
20
20
23
20
20
23
24
24
24
24
24
24
24
24
24
24
24
24
24
24
24
24
24
24
24
24
24
24
24
24
24
24
24
24
24
24
25
25
25
18
25
25
25
25
25
25
25
25
25
25
25
25
25
25
25
25
25
25
26
26
26
26
26
26
26
26
29
29
27
27
27
27
29
27
28
28
28
28
28
28
28
28
28
28
29
29
29
29
29
29
30
30
30
30
30
29
29
30
30
58
30
29
30
31
31
28
31
28
28
28
31
28
8
32
33
28
34
35
34
34
35
35
35
35
38
35
36
36
38
38
38
38
38
38
38
38
38
39
39
39
39
39
39
39
40
40
40
40
41
41
41
41
41
41
41
41
41
41
42
42
42
42
42
42
42
42
42
42
43
43
43
43
43
43
43
43
48
48
43
43
43
44
47
44
44
44
44
44
44
47
48
46
48
46
46
46
46
48
48
48
47
48
47
47
48
48
49
47
50
49
49
49
50
49
50
49
49
49
49
50
50
50
51
51
51
52
52
52
52
52
52
53
49
49
53
53
53
53
53
54
54
55
55
56
56
56
56
56
56
62
62
62
57
57
57
57
62
58
58
58
58
58
58
58
58
58
59
59
59
60
31
31
59
58
58
58
58
61
61
61
61
63
63
61
61
61
61
61
62
62
62
62
63
63
63
63
63
63
63
64
64
64
64
64
64
64
65
65
65
65
65
65
63
63
66
66
66
66
71
71
71
65
67
67
67
67
63
63
63
63
67
67
67
67
67
71
71
71
71
71
68
68
68
68
71
71
71
71
69
69
69
69
69
69
69
69
69
48
70
70
70
70
70
70
71
70
71
71
71
71
71
71
71
71
71
71
71
71
71
71
71
72
72
72
72
72
72
72
73
73
73
73
72
73
73
73
74
74
74
74
75
75
75
75
75
75
76
76
76
76
76
10
53
75
58
1
3
4
22
22
21
20
25
25
18
18
15
13
5
6
3
22
22
22
22
7
28
28
28
28
48
49
48
45
42
40
68
37
37
67
66
63
56
37
37
38
38
38
38
37
41
41
36
36
23
26
26
27
27
27
27
27
28
28
28
28
28
29
29
51
32
28
35
35
35
59
60
60
60
60
60
59
59
31
30
33
34
31
31
30
29
29
29
69
28
35
23
8
24
44
69
58
58
31
29
29
31
28
29
30
38
5
37
42
76
62
