1
1
1
1
1
1
1
1
1
1
1
2
2
2
2
2
2
2
2
13
2
2
2
2
2
77
77
77
77
77
77
4
77
77
77
77
77
77
77
77
77
77
4
3
3
3
3
3
3
3
4
5
3
4
4
4
13
4
4
13
13
4
4
5
5
4
5
5
5
5
5
5
5
5
5
5
5
5
6
6
3
3
6
6
3
6
6
6
6
6
6
6
6
6
6
6
6
7
7
6
7
6
6
6
7
7
7
7
7
7
7
7
7
7
7
7
22
7
7
7
7
7
7
7
7
8
8
8
8
8
8
8
8
8
8
8
8
8
8
8
8
8
8
9
9
9
10
10
10
10
10
10
10
11
11
15
15
11
15
12
12
12
12
13
13
13
14
14
14
13
14
20
20
14
14
14
14
15
15
15
15
15
15
15
15
15
15
15
15
15
15
20
16
16
16
16
16
16
16
16
16
16
20
20
16
15
15
18
17
17
17
17
17
17
18
18
18
20
20
20
19
19
19
19
20
19
19
20
20
20
19
19
19
20
20
20
20
20
21
20
21
21
21
21
21
21
21
22
22
22
22
22
22
22
20
20
22
22
22
24
22
22
22
24
24
22
22
22
22
23
23
23
20
20
20
23
23
23
23
23
23
24
24
24
24
24
24
24
24
24
24
24
24
24
24
28
24
28
28
24
24
24
24
24
24
28
24
24
28
24
24
25
25
25
18
25
25
25
25
25
25
25
25
25
25
25
25
25
25
25
25
25
25
25
25
26
26
25
26
26
25
29
25
27
27
27
27
27
27
28
28
28
28
28
28
28
28
28
28
29
29
29
29
29
29
30
30
30
31
31
31
31
30
30
31
30
30
31
31
28
31
31
28
31
31
28
32
8
32
33
33
34
34
34
37
35
35
35
36
38
35
36
36
38
38
38
38
38
38
38
38
38
39
39
39
39
39
39
39
40
40
40
40
41
39
41
41
41
41
41
41
41
41
42
42
42
42
42
42
42
42
42
42
42
43
43
43
43
43
43
43
45
47
47
47
47
44
47
44
44
44
44
47
47
44
45
47
47
47
46
46
47
47
47
52
47
47
47
47
48
47
47
47
47
49
49
47
50
47
47
49
49
49
49
50
50
50
51
51
51
52
52
52
52
52
52
53
53
75
53
53
54
53
54
54
54
55
55
56
56
56
56
56
56
56
64
62
57
57
57
57
62
58
58
58
58
58
58
58
58
58
59
59
59
60
31
31
31
63
63
59
59
59
61
61
61
63
63
61
61
61
61
61
62
62
62
62
63
58
63
63
63
63
63
64
64
64
64
64
64
64
65
65
65
65
65
65
63
63
63
70
66
66
70
70
70
70
67
61
67
63
63
63
67
67
67
67
67
67
67
70
67
70
70
70
68
68
69
68
68
68
69
70
69
69
69
69
69
69
69
69
69
45
70
70
70
70
70
70
70
70
71
71
71
71
70
70
71
71
71
73
71
71
71
73
71
72
72
72
72
72
72
72
71
73
73
73
73
73
73
73
74
74
74
74
75
75
75
75
75
75
76
76
76
76
76
10
53
75
31
1
3
4
22
24
21
20
25
25
18
18
20
13
5
6
3
24
22
22
22
7
28
28
28
28
47
49
45
45
69
40
59
59
68
67
66
63
56
37
37
38
38
38
36
37
41
39
36
36
23
25
25
27
28
27
27
28
28
28
28
28
8
29
29
51
32
32
35
35
35
31
60
60
60
34
60
31
59
31
31
33
34
28
31
30
29
29
31
69
31
35
25
8
24
44
69
59
58
28
29
29
31
28
29
31
38
5
59
42
76
62
