1
2
1
1
1
1
1
1
1
2
1
2
2
13
2
2
2
2
2
2
13
2
2
4
2
77
77
77
77
77
1
77
77
77
4
77
4
77
77
77
4
4
4
3
3
3
3
3
3
3
4
3
3
4
4
4
4
4
4
14
14
14
14
5
16
16
5
5
5
22
5
5
22
5
5
22
6
5
5
5
5
3
6
6
6
5
5
6
6
6
6
6
6
6
6
6
5
7
6
7
7
6
6
7
7
6
7
7
7
7
7
7
7
7
7
22
22
7
7
7
7
7
7
7
8
8
8
8
8
8
8
8
8
8
8
8
8
32
8
8
8
8
8
9
9
9
10
9
10
10
10
10
10
10
11
10
15
11
15
12
12
12
10
13
14
2
4
14
14
14
14
14
14
16
14
14
14
15
15
15
15
15
15
15
15
15
15
15
15
15
15
16
16
16
14
16
16
16
21
16
16
16
15
15
16
17
15
17
17
17
76
17
17
17
18
15
18
20
20
19
15
19
19
19
19
19
19
19
19
19
19
19
19
20
20
20
19
20
21
21
21
20
21
20
21
21
21
22
21
22
22
22
22
20
22
20
22
22
22
22
22
22
22
24
23
23
22
23
20
23
23
23
19
23
23
23
23
23
23
23
23
22
24
24
24
24
24
24
24
24
24
24
24
24
24
24
24
24
24
24
24
24
24
24
28
24
24
24
24
28
24
25
25
25
25
25
25
25
25
25
25
25
25
25
25
25
25
25
25
25
25
25
25
23
26
26
26
25
26
26
23
26
26
29
27
27
27
27
27
28
28
28
28
28
28
28
28
28
28
29
29
29
29
30
29
30
30
29
30
30
30
30
29
30
30
30
30
30
28
28
28
28
28
28
28
28
8
32
33
33
33
60
35
38
38
35
35
35
36
38
35
36
36
36
38
38
38
37
38
38
37
38
39
39
39
39
39
41
39
40
40
40
40
41
41
40
41
41
41
41
41
41
41
41
42
42
42
40
40
42
42
42
43
43
42
43
43
42
43
43
43
42
43
46
46
43
44
47
44
44
44
47
44
44
47
45
43
46
46
46
46
45
46
46
52
47
48
45
48
48
46
47
47
50
49
49
50
49
49
49
73
49
49
49
50
50
50
51
51
51
52
51
52
52
52
52
53
53
75
75
53
53
75
50
54
50
55
55
56
56
56
56
56
56
56
56
64
30
57
57
57
57
31
58
58
58
58
58
58
58
58
59
59
59
60
31
60
60
61
67
61
68
61
61
67
67
61
61
67
61
61
61
61
62
62
62
65
63
63
63
63
63
63
65
62
64
64
56
56
56
70
65
62
62
62
65
70
66
63
63
65
65
66
66
65
66
65
67
67
67
67
67
67
67
67
71
67
67
67
67
67
67
71
71
67
68
71
68
71
71
68
68
71
69
69
69
69
69
68
69
69
44
45
70
70
70
70
70
70
72
72
71
71
71
71
71
71
71
73
71
73
71
71
71
73
71
72
72
72
72
72
72
72
73
73
73
73
73
49
73
73
74
74
75
75
73
72
72
75
75
75
76
76
76
76
76
76
75
75
30
1
6
4
22
22
16
19
25
25
19
18
16
14
5
6
6
22
22
23
22
7
28
28
28
28
46
73
43
45
42
40
68
68
68
71
66
63
56
38
37
38
38
38
36
37
41
41
36
36
24
23
29
27
27
28
27
27
28
28
28
28
8
29
29
51
33
8
34
35
36
59
60
60
60
34
31
31
59
31
30
34
34
31
31
29
29
31
31
69
28
35
26
8
24
44
42
61
58
28
29
29
31
27
29
58
39
5
68
42
76
56
