1
2
1
1
1
1
1
1
1
2
2
2
2
2
2
2
2
2
2
13
2
2
2
2
2
77
77
1
1
1
1
4
1
77
77
77
77
77
77
77
77
4
4
77
77
77
3
3
3
3
4
4
3
4
4
4
4
4
4
4
4
4
4
5
5
5
5
5
5
5
5
5
5
5
5
5
5
5
5
5
5
3
3
3
6
5
5
6
6
6
6
6
6
6
6
5
5
6
7
6
6
6
6
7
6
6
6
7
7
7
7
7
7
7
7
7
7
7
7
7
7
7
7
8
8
8
7
8
8
8
8
8
8
7
8
8
8
8
8
8
8
8
8
9
9
10
10
10
10
10
10
10
10
11
11
11
11
11
15
11
12
12
12
14
14
13
14
14
14
14
12
14
14
16
14
16
14
15
15
15
15
15
15
15
15
15
15
15
15
15
16
16
16
16
16
16
16
16
16
21
16
16
16
16
16
17
17
17
17
76
17
17
17
17
18
18
18
19
15
19
19
15
15
15
19
19
15
19
19
19
19
19
19
20
20
20
20
20
5
21
21
21
21
21
21
21
5
22
22
22
22
22
22
22
22
22
22
22
22
22
22
22
22
22
22
22
22
22
20
22
22
22
20
20
23
23
23
23
23
26
23
24
24
24
24
24
24
23
24
24
24
24
24
24
24
24
24
24
24
24
24
24
24
24
24
24
24
24
24
24
24
25
25
25
19
25
25
25
25
25
25
25
25
25
25
25
25
25
25
25
25
25
25
26
26
25
25
25
25
26
27
26
26
27
27
27
27
27
27
8
28
27
27
8
28
31
31
31
33
29
29
31
29
30
30
30
30
30
30
30
31
31
30
30
30
30
30
30
33
31
33
31
31
31
31
31
8
32
32
33
33
34
35
34
34
33
35
35
38
35
35
38
36
38
38
38
40
40
38
40
38
38
40
40
36
38
40
39
39
40
40
40
40
41
41
40
41
41
42
41
41
42
40
42
42
40
42
42
42
42
42
42
42
43
42
42
43
43
42
43
43
43
43
46
43
43
44
44
44
44
44
44
44
44
44
46
46
46
46
46
46
46
46
46
46
47
48
47
47
51
51
49
49
49
49
49
49
49
50
49
49
75
49
49
50
50
50
46
51
51
46
51
51
52
52
51
53
49
75
53
49
53
53
53
54
50
55
51
30
56
56
30
56
56
64
64
56
30
57
57
62
57
58
58
58
58
58
58
58
58
58
58
59
59
60
60
60
60
61
67
61
61
61
67
67
61
63
63
61
67
61
68
68
62
62
62
62
63
58
62
63
63
63
63
64
64
64
64
64
64
64
65
62
65
65
65
70
66
63
63
66
66
66
70
70
66
70
67
61
67
61
61
67
67
61
67
67
67
66
66
67
71
71
71
71
67
67
68
68
71
68
71
71
69
69
42
69
69
71
69
69
69
69
70
70
70
70
70
70
70
70
71
71
71
71
71
71
71
71
71
71
71
71
71
71
71
72
72
72
72
72
72
72
49
73
73
71
73
73
73
49
72
74
74
74
75
75
75
75
75
75
76
76
76
76
76
10
53
75
30
2
3
4
22
22
21
20
25
25
19
18
15
4
6
6
6
22
22
22
22
7
33
28
28
33
51
49
45
45
42
40
68
68
67
71
63
63
56
38
37
38
38
38
38
40
40
40
36
36
24
24
26
26
27
27
27
27
28
28
31
31
8
29
29
51
32
8
35
35
35
59
59
59
60
60
60
58
59
30
30
33
34
31
31
30
29
30
30
43
33
35
26
8
7
44
68
61
58
31
29
31
31
29
30
30
38
5
68
42
76
56
