1
1
1
1
1
1
1
1
1
2
1
2
2
2
2
2
2
2
2
13
2
4
4
4
2
77
77
1
1
2
2
4
77
77
77
77
77
77
77
77
77
77
77
4
4
77
3
3
3
4
4
4
3
4
4
4
13
13
4
13
13
14
5
5
5
5
5
5
5
5
5
5
5
5
5
5
5
5
5
3
3
3
3
6
3
6
6
3
6
6
3
6
6
5
5
5
5
5
5
7
6
6
6
6
6
6
7
7
6
7
7
7
7
7
7
7
8
7
7
7
7
7
7
7
7
8
7
8
8
7
8
8
8
8
8
8
8
8
8
8
8
8
8
9
9
10
10
10
10
10
10
10
10
10
11
11
15
11
15
10
12
12
10
13
13
13
14
14
16
14
14
14
16
14
14
16
14
15
15
15
15
11
15
15
15
15
20
20
15
15
14
16
16
16
16
16
5
16
16
21
16
16
20
20
16
15
15
15
15
15
76
17
17
17
17
15
18
20
15
15
19
19
25
19
19
19
19
19
19
19
19
25
19
20
20
20
19
20
21
21
21
21
21
21
21
21
21
22
21
21
22
21
22
20
22
22
22
22
22
22
22
22
22
24
24
22
23
23
22
22
23
20
20
20
26
26
26
23
23
23
26
24
22
24
24
22
24
24
22
24
24
24
24
22
24
24
24
24
24
24
24
24
24
28
24
24
24
28
24
28
24
19
19
25
17
25
25
25
25
25
25
25
25
25
25
25
25
25
25
25
25
25
25
26
25
25
25
26
26
26
26
27
26
27
27
27
29
29
27
28
28
28
28
28
28
28
28
28
28
29
30
28
29
30
30
30
30
29
30
30
30
30
30
30
30
30
30
30
31
28
28
28
28
28
28
31
32
8
33
33
32
34
34
35
37
33
35
35
38
38
35
35
38
38
37
38
39
38
37
38
38
38
39
39
39
38
40
41
39
40
40
40
40
41
41
40
41
41
41
41
41
41
41
41
42
42
42
42
40
42
69
42
43
43
43
43
69
43
43
43
43
69
46
46
43
43
69
47
44
44
44
49
44
44
44
46
52
46
48
46
46
69
48
46
52
47
46
47
47
46
48
49
49
49
49
49
49
49
50
49
49
75
49
49
51
50
49
48
48
51
52
51
52
52
52
52
53
53
75
75
53
54
75
54
54
54
55
55
30
30
56
30
56
56
56
56
56
57
30
56
57
56
59
59
59
58
58
59
59
59
58
59
59
59
60
60
60
60
58
61
61
61
61
61
61
61
58
66
61
67
61
68
61
62
62
62
62
66
58
63
63
58
63
63
62
62
64
64
64
64
64
62
62
65
65
65
70
63
66
63
70
66
70
70
70
70
70
61
61
67
61
66
66
67
61
61
61
67
66
67
67
67
67
71
70
68
61
68
68
68
69
69
68
69
42
42
69
69
69
69
69
69
69
70
70
70
70
70
70
71
70
71
68
71
71
71
71
71
71
71
73
71
71
72
73
71
72
73
72
72
72
72
72
71
72
73
72
73
49
73
73
72
74
74
74
75
75
75
75
75
75
76
76
76
76
76
76
75
75
30
2
3
4
5
22
21
20
25
25
17
17
15
14
3
6
6
22
24
22
7
8
28
28
28
28
46
49
69
45
42
40
68
68
61
67
66
63
56
37
37
37
38
38
39
40
41
40
36
36
23
24
27
27
27
27
27
27
28
28
28
28
8
29
30
51
32
32
35
35
38
59
60
59
60
35
31
59
59
30
30
33
35
31
31
29
29
30
30
69
31
35
26
8
24
44
40
58
58
28
29
29
31
28
30
30
38
5
61
42
76
62
