1
1
1
1
1
1
1
1
1
2
1
2
2
2
2
2
2
2
2
2
2
4
2
2
2
77
77
77
77
1
2
4
4
77
77
77
77
77
77
77
77
4
4
77
3
3
3
3
3
5
5
5
3
4
14
4
13
4
4
4
14
14
5
5
5
5
5
5
5
5
5
5
5
5
5
5
5
5
5
5
5
3
6
3
3
3
6
6
6
7
6
6
7
6
6
6
6
6
6
7
6
6
7
6
6
6
6
7
6
7
7
7
7
7
7
7
7
7
7
7
7
7
7
7
8
8
8
8
8
8
8
8
8
8
8
8
8
32
8
8
8
8
8
9
9
10
10
10
10
10
10
10
10
10
11
11
11
12
15
12
12
12
12
13
13
13
13
13
14
14
14
16
16
14
14
14
14
16
16
15
16
15
15
15
15
15
19
16
15
15
14
16
16
16
14
16
16
16
16
16
16
16
16
21
16
17
15
17
17
17
76
17
18
18
17
17
18
19
19
19
19
19
19
19
19
19
19
19
19
19
19
19
19
20
20
20
20
20
21
21
21
21
21
21
21
21
21
22
22
22
22
22
22
20
22
22
22
22
22
22
22
22
22
22
22
22
22
22
22
22
22
20
20
20
20
20
20
22
23
23
26
24
24
24
24
24
24
24
24
24
24
24
24
24
24
24
24
24
24
24
24
24
24
24
24
24
24
24
24
24
24
25
25
25
19
25
25
25
25
25
25
25
25
25
25
25
25
25
25
25
25
25
25
26
23
25
25
25
25
23
23
27
25
27
27
29
27
27
27
8
27
27
27
8
28
28
28
31
28
25
25
31
29
29
29
30
30
30
31
31
31
31
30
30
30
31
30
30
31
31
31
31
31
31
31
31
8
32
32
33
33
60
34
34
34
33
38
35
35
38
38
35
36
38
38
38
38
38
38
38
38
38
39
39
39
41
39
39
39
41
40
40
40
41
39
40
41
41
41
41
41
41
42
42
42
42
42
42
42
42
42
42
42
43
42
43
43
43
43
43
43
43
43
46
43
43
44
44
44
44
44
49
44
44
44
46
46
46
46
46
46
46
46
52
52
44
45
45
47
48
51
49
49
49
49
49
49
49
49
49
49
49
49
49
50
50
50
51
51
51
52
52
52
52
52
52
49
49
53
53
53
50
50
50
54
50
55
55
31
31
56
56
56
56
56
56
64
57
57
57
57
57
59
31
58
58
58
58
58
59
59
59
59
59
60
60
60
60
59
60
61
61
60
60
60
60
58
61
61
61
61
61
68
62
62
62
65
63
58
58
63
58
63
65
64
64
64
64
64
64
64
65
65
65
65
65
65
66
63
63
63
63
66
63
65
66
70
67
61
67
67
66
67
61
61
67
67
67
67
67
66
67
71
67
67
61
67
68
71
71
68
71
71
69
69
42
69
69
71
71
69
69
69
70
70
70
70
70
72
72
72
71
71
67
71
71
71
67
71
71
71
71
71
71
71
71
72
72
72
72
72
72
75
71
73
73
73
73
49
73
73
72
74
74
72
75
75
75
75
75
75
76
76
76
76
76
10
50
75
31
1
3
4
22
22
21
20
25
25
19
18
16
13
6
6
3
22
7
22
7
7
28
8
31
28
52
49
43
45
42
40
61
68
68
67
66
63
56
34
37
38
38
38
38
40
41
41
36
36
20
26
26
27
27
26
29
27
27
28
28
28
8
29
29
51
32
8
35
35
35
59
60
59
60
34
31
59
59
31
31
33
34
31
59
30
29
30
30
42
31
38
23
8
24
44
69
60
58
31
25
29
31
29
30
31
38
5
61
42
76
56
