1
2
1
1
1
1
1
1
1
1
1
2
2
2
2
2
2
2
2
2
2
2
2
2
2
77
77
77
77
4
1
4
4
77
77
77
77
77
77
77
77
77
3
3
3
3
3
3
3
3
5
5
3
4
4
4
13
4
4
4
14
14
5
5
5
21
21
5
5
21
21
21
5
5
5
5
5
5
5
5
5
5
6
5
5
5
5
6
6
6
6
6
6
6
6
5
5
5
5
5
5
6
6
6
7
7
6
7
7
7
7
7
7
7
5
7
7
7
7
7
7
7
7
7
7
8
8
8
8
8
8
8
8
8
8
8
8
8
8
28
8
28
8
9
9
9
15
10
10
10
10
10
10
10
11
15
15
11
11
12
12
12
15
13
13
13
14
14
14
13
14
20
16
16
14
14
14
15
15
15
15
15
15
15
15
15
15
20
15
15
20
16
16
16
16
16
16
16
16
16
16
16
16
20
16
15
15
17
17
17
17
17
17
17
18
15
18
21
20
20
19
19
19
19
20
20
20
20
20
19
19
19
19
21
21
21
20
20
21
21
21
21
21
21
21
21
21
22
21
21
22
22
22
22
20
22
22
21
21
21
21
22
22
22
22
22
22
22
22
23
23
20
20
23
23
20
23
23
23
20
23
24
24
24
24
24
24
24
24
24
24
24
24
24
24
24
24
24
24
24
24
24
24
24
24
24
24
24
24
24
24
25
25
25
18
25
25
25
25
25
25
25
25
25
25
25
25
25
25
25
25
25
25
25
25
25
25
25
26
26
26
26
29
27
27
27
27
29
27
28
28
28
28
28
28
28
28
28
28
29
29
29
29
56
29
56
30
30
30
30
58
58
56
56
56
56
56
56
31
31
31
28
31
31
31
31
32
32
32
33
33
34
35
34
35
35
35
35
36
36
35
36
36
36
38
38
38
38
38
38
38
38
39
39
39
39
39
39
39
40
40
40
40
41
39
41
41
41
41
41
41
41
41
41
42
42
42
42
42
42
42
42
42
43
43
43
43
43
43
43
43
48
48
52
48
52
44
47
44
44
44
47
47
47
47
48
52
52
46
46
46
48
52
52
52
47
48
47
47
48
52
47
47
47
49
49
49
49
50
50
49
49
49
49
50
50
50
51
51
51
52
52
52
52
52
52
53
75
75
75
53
53
53
53
54
50
55
55
56
56
56
56
56
56
56
56
56
57
57
57
57
56
58
58
58
58
58
58
58
58
58
59
59
59
60
28
59
28
58
58
58
58
58
61
61
61
61
63
61
61
61
61
61
58
62
62
62
63
58
58
63
63
63
63
64
64
64
64
64
64
64
65
65
65
65
65
65
63
63
63
70
66
66
70
70
71
70
67
67
67
67
63
67
71
71
67
67
71
67
71
71
71
71
71
71
68
71
37
71
71
71
71
71
69
69
69
69
69
69
69
69
69
48
70
70
70
70
70
70
70
70
71
71
71
71
71
71
71
71
71
71
71
71
71
71
71
72
72
72
72
72
72
72
73
73
73
73
72
73
73
73
72
72
74
74
75
75
75
75
75
75
76
76
76
76
76
10
53
75
56
1
3
4
22
22
21
20
25
25
18
18
20
13
5
5
5
22
22
22
7
7
28
28
28
28
52
49
48
45
42
40
37
61
37
67
66
63
56
37
37
38
38
38
36
39
41
39
36
36
23
23
28
27
27
28
27
27
28
28
28
28
8
29
56
51
32
28
35
35
36
60
28
60
60
60
28
59
59
58
56
33
34
31
31
29
29
29
29
69
28
35
23
8
24
44
69
58
58
31
29
29
28
28
56
58
38
21
58
42
76
56
