1
2
1
1
1
1
1
1
1
2
1
2
2
2
2
2
1
2
2
2
2
4
2
2
2
77
77
77
1
77
1
1
77
77
77
77
77
77
77
77
4
4
4
4
4
4
3
4
3
5
4
5
3
4
4
14
14
4
4
5
14
14
14
5
5
16
5
5
5
5
5
5
5
5
5
5
6
5
5
6
6
3
3
3
6
6
5
6
6
6
7
7
6
5
6
6
6
6
6
6
7
6
6
7
7
7
6
7
6
7
6
7
7
7
7
5
7
7
7
7
7
7
7
7
7
8
8
8
7
7
8
8
8
8
8
8
8
8
8
8
8
8
8
9
9
9
11
10
10
10
10
10
10
11
11
10
11
11
11
12
12
13
15
13
13
13
14
14
16
14
14
16
16
14
14
16
14
15
15
15
15
15
15
15
15
16
15
15
15
15
16
16
16
16
16
16
16
16
16
16
16
16
15
15
16
15
17
17
17
17
76
17
17
17
17
15
18
20
19
15
19
19
19
19
19
19
19
20
20
20
25
19
19
20
20
20
20
20
21
21
21
21
21
21
21
21
5
5
22
22
22
21
22
21
22
22
22
22
22
22
22
22
22
22
22
22
22
22
22
23
23
22
20
20
22
22
22
23
23
23
26
24
24
24
24
24
24
24
24
24
24
24
24
24
24
24
24
24
24
24
24
24
24
24
24
28
24
24
24
24
24
25
25
25
25
25
25
25
25
25
25
25
25
25
25
25
25
25
25
25
25
25
25
26
26
23
25
25
25
26
26
25
25
27
27
27
27
29
29
31
28
28
28
31
27
31
31
31
28
29
29
31
29
30
30
30
30
30
30
58
30
30
30
30
30
30
30
30
31
31
31
31
28
31
31
31
8
8
33
33
33
34
34
34
34
33
35
33
33
35
38
33
38
38
38
38
38
36
38
38
38
38
39
39
36
38
38
39
39
40
40
40
40
42
39
40
40
41
41
42
42
42
41
42
42
42
42
42
42
42
42
42
43
43
42
43
43
43
43
43
43
43
46
46
43
43
44
44
44
44
44
44
44
44
44
46
46
46
46
46
46
46
46
46
52
47
48
48
47
47
46
49
44
49
49
49
50
49
49
49
73
49
49
50
50
50
50
51
46
51
52
52
52
52
52
52
53
53
75
75
53
54
54
54
54
54
55
55
30
30
30
56
56
56
56
64
64
58
57
57
57
57
58
58
58
58
58
58
58
58
58
59
59
59
60
31
60
60
59
59
61
61
61
61
61
58
58
61
61
61
67
61
61
62
62
62
63
58
58
62
58
58
63
63
56
64
64
64
64
64
64
65
65
65
65
65
65
66
66
66
65
66
70
66
70
70
65
67
67
67
61
61
61
67
67
67
71
67
67
67
70
71
71
71
71
68
67
69
68
71
71
44
71
44
69
69
69
44
44
71
44
69
44
70
70
70
70
70
70
70
70
71
71
71
71
70
70
71
71
71
71
71
71
71
71
73
70
72
72
72
72
72
72
73
73
73
72
72
73
73
73
75
74
74
74
73
75
72
75
75
75
76
76
76
76
76
10
75
75
30
1
3
5
22
22
21
20
25
25
19
25
16
14
5
6
3
22
22
22
7
7
28
28
31
28
46
71
43
45
42
40
68
68
68
67
63
63
56
34
37
38
36
38
36
40
42
39
36
36
23
26
27
27
27
24
27
27
28
28
31
28
8
29
29
51
31
32
35
33
35
59
60
60
60
60
60
31
59
31
30
33
34
31
31
30
30
30
30
42
31
35
23
8
24
44
69
59
58
31
29
30
31
29
30
58
38
5
61
42
76
56
