1
2
1
1
1
1
1
1
1
2
2
2
2
2
2
2
1
13
2
2
13
2
2
2
2
77
77
1
1
77
1
1
1
77
77
77
77
4
4
77
4
4
4
77
77
77
77
3
3
4
4
4
3
4
2
2
2
4
4
4
4
5
5
5
5
16
5
5
5
5
5
5
5
5
5
7
6
6
5
6
3
3
3
3
6
6
6
3
6
6
3
6
6
6
5
5
5
7
6
7
6
6
6
7
6
6
6
7
7
7
7
6
7
7
7
7
7
7
7
7
7
7
7
7
7
8
8
8
8
7
8
8
8
8
8
8
8
32
8
8
8
8
7
9
9
9
11
12
10
10
10
10
11
11
11
11
11
11
11
12
12
12
12
13
14
2
14
14
14
13
14
16
16
14
14
14
14
15
15
15
15
15
15
15
15
15
15
15
15
15
14
16
16
16
16
16
16
16
16
16
16
16
16
16
16
17
15
17
17
17
76
17
17
18
17
15
18
19
19
15
15
15
19
15
15
15
15
19
19
19
19
19
19
20
20
20
20
20
16
21
21
21
21
21
21
16
16
21
21
22
22
22
22
21
22
20
22
22
22
22
21
22
22
24
22
23
23
22
20
23
23
23
22
23
23
22
23
23
23
23
26
24
24
24
24
24
23
24
24
24
24
24
24
24
24
24
24
24
24
24
24
24
24
24
28
28
24
24
28
28
24
25
25
25
25
25
25
25
25
25
25
25
25
25
25
25
25
25
25
25
25
25
25
26
23
23
25
25
26
26
26
26
25
27
27
27
27
29
27
28
28
28
28
28
28
28
28
28
28
30
29
30
29
30
30
30
30
30
30
30
30
30
30
30
30
30
30
30
31
31
28
31
31
28
31
28
8
32
32
33
28
34
35
34
38
33
35
35
35
35
38
35
36
36
38
38
38
38
38
38
41
38
39
39
36
39
39
39
39
40
40
40
40
41
39
41
41
39
41
41
42
41
41
42
42
42
41
42
40
42
42
42
43
42
43
43
48
43
43
43
43
48
46
46
43
43
44
47
44
44
44
44
47
47
44
48
52
46
48
46
48
46
48
46
46
47
48
48
51
48
48
49
44
49
49
49
50
50
50
49
73
73
49
49
49
50
50
51
48
51
52
52
52
52
52
52
53
53
75
75
53
53
53
49
54
49
55
55
56
56
56
56
56
56
56
56
56
57
30
57
57
57
59
30
30
58
58
58
58
58
58
59
59
59
60
60
31
31
61
67
61
61
61
61
67
61
61
61
70
67
67
68
37
62
62
62
62
61
63
62
63
63
63
62
64
64
56
56
64
64
70
62
65
65
65
70
70
66
63
63
66
66
70
70
70
70
70
67
67
67
70
70
67
67
67
67
67
70
70
70
70
70
67
67
67
68
67
68
68
67
68
68
67
69
69
69
69
69
68
69
69
69
44
70
70
70
70
70
70
70
70
71
68
71
67
71
71
71
71
71
71
71
71
71
73
71
72
72
72
72
72
75
72
73
73
73
73
73
49
73
73
75
74
74
74
72
75
75
75
75
73
76
76
76
76
76
10
53
75
30
1
77
4
22
22
21
23
25
25
19
18
15
13
5
6
3
22
22
22
22
8
28
28
28
28
46
71
48
45
42
40
37
68
68
67
66
63
56
37
37
37
36
38
36
41
41
39
36
36
24
26
27
27
27
27
27
27
28
28
28
28
7
29
29
51
32
32
33
35
38
59
31
59
38
60
60
59
31
30
30
33
35
28
59
29
30
30
30
69
28
35
23
8
24
44
37
61
58
28
29
29
31
29
30
30
38
5
37
42
76
64
