1
2
1
1
1
1
1
1
1
2
2
2
2
2
2
2
1
2
2
4
2
2
2
4
4
77
77
1
1
77
4
4
77
77
77
77
77
77
77
77
77
4
4
77
77
77
3
3
3
4
4
3
3
4
14
4
4
4
4
4
14
5
5
5
5
16
5
6
5
5
5
5
5
5
5
5
3
6
6
6
3
3
3
3
6
6
6
3
6
6
6
6
6
7
6
5
6
6
7
6
6
6
6
7
7
6
6
7
7
7
7
7
7
7
7
22
8
7
7
7
7
7
7
7
7
8
8
8
7
8
8
8
8
7
8
8
8
8
8
8
8
8
8
9
9
10
11
11
15
10
10
15
10
11
11
15
11
11
11
11
12
12
14
13
14
13
14
13
13
14
14
14
14
14
13
14
14
15
15
15
15
15
15
15
15
15
15
15
15
15
14
15
16
14
16
16
16
16
16
16
16
16
15
15
16
17
15
17
17
17
76
18
18
18
17
17
18
15
19
15
19
15
19
19
19
19
19
20
20
25
25
25
19
20
20
20
20
20
21
20
21
22
21
21
21
21
21
22
22
22
22
21
22
22
20
20
22
21
22
22
22
22
22
22
22
22
22
22
20
22
23
22
22
20
23
23
23
23
23
23
23
22
24
24
24
24
24
24
24
24
24
24
24
24
24
24
24
24
24
24
24
24
24
28
24
24
24
24
24
24
28
25
25
25
18
25
25
25
25
25
25
25
25
25
25
25
25
25
25
25
25
25
26
26
26
26
26
26
26
26
26
25
25
27
27
27
27
29
28
28
28
27
28
28
27
28
28
28
28
29
29
31
29
30
29
29
30
29
30
30
31
30
30
30
30
30
30
30
28
28
28
31
28
28
28
28
32
32
32
33
28
60
34
35
38
35
35
35
36
35
35
36
39
38
35
38
38
38
38
40
40
38
39
39
39
38
39
39
39
40
40
40
42
41
39
41
41
41
41
41
42
42
42
42
42
42
42
42
42
42
42
42
43
43
43
43
45
45
43
43
43
45
43
43
43
43
44
45
44
44
44
44
44
44
47
46
46
46
46
43
46
45
46
46
46
47
48
48
47
47
46
47
49
49
49
49
50
49
50
49
73
49
49
49
50
50
50
46
46
51
52
52
52
52
52
52
53
53
53
53
54
53
53
54
54
54
51
55
56
56
56
56
56
56
56
64
64
57
57
57
58
57
58
30
58
58
58
58
58
59
58
59
61
59
34
31
31
31
61
61
38
37
37
61
61
67
61
61
67
67
61
37
38
65
62
62
65
63
63
58
58
58
63
58
62
62
64
64
64
64
62
65
62
65
65
65
70
63
63
65
66
66
66
66
65
70
70
37
61
67
61
61
61
67
61
67
67
67
61
66
67
71
67
71
67
37
68
68
68
67
68
68
67
69
69
69
69
44
69
71
44
69
44
70
70
70
70
70
70
70
71
71
68
71
67
70
70
71
71
71
71
71
71
71
71
73
72
72
72
72
72
75
72
73
73
73
73
72
73
73
73
72
74
74
74
75
75
75
75
75
75
76
76
76
76
76
10
53
72
58
1
3
5
22
24
21
20
20
25
19
18
15
13
6
3
3
22
22
22
22
8
28
28
28
28
46
49
45
45
69
40
37
37
37
67
63
63
56
38
40
38
38
38
38
40
41
39
39
36
24
27
23
27
27
27
27
27
28
28
28
28
7
28
30
51
32
32
35
35
35
60
60
59
60
34
31
59
59
31
30
33
34
31
31
30
29
29
29
69
28
35
26
8
24
44
40
37
58
28
29
29
31
28
29
30
38
5
38
42
76
62
