1
2
1
1
1
1
1
1
1
1
1
2
2
2
2
2
2
2
2
2
2
2
2
2
2
77
1
1
1
77
4
4
4
77
4
77
77
77
77
77
4
4
4
3
3
77
77
77
3
3
3
3
3
4
4
4
4
4
4
4
14
4
4
5
5
5
5
5
5
5
5
5
5
5
5
5
5
5
5
5
6
3
6
3
6
6
6
3
6
6
6
3
6
5
5
5
7
6
6
6
6
6
6
7
6
7
7
7
7
7
7
7
7
7
6
7
7
7
7
7
7
7
7
7
7
8
8
8
8
8
8
8
8
8
8
8
8
8
8
8
8
28
8
9
9
9
11
11
10
10
10
10
10
11
11
11
11
11
12
11
12
12
12
13
13
13
14
14
14
13
14
14
14
14
14
16
14
15
15
15
15
15
15
15
15
15
15
16
15
15
16
16
16
16
16
16
16
5
16
16
16
16
16
16
20
17
17
17
17
17
17
17
17
17
18
17
18
19
15
19
19
19
19
19
19
19
19
19
19
19
19
19
19
20
20
20
20
20
21
20
21
20
21
21
21
21
21
22
22
22
22
21
22
22
22
22
22
22
22
22
22
22
22
22
22
22
22
22
22
22
22
22
19
19
19
19
19
23
19
19
23
24
22
24
24
24
24
24
24
24
24
24
24
24
24
24
24
24
24
24
24
24
24
24
24
24
24
24
24
24
24
25
25
25
25
25
25
25
25
25
25
25
25
25
25
25
25
25
25
25
25
25
26
23
25
25
25
26
26
26
26
27
25
27
28
27
27
27
27
28
28
27
28
28
28
28
28
8
28
25
25
30
29
29
29
29
30
30
58
30
30
31
58
30
30
58
29
30
31
31
31
31
31
28
31
28
8
8
32
33
33
34
35
34
34
35
35
35
36
38
35
38
38
38
37
38
38
38
38
38
38
38
39
39
39
39
39
39
39
40
40
40
40
41
39
41
41
41
41
41
41
41
42
41
42
41
42
42
42
42
42
42
43
43
43
43
43
43
43
43
43
43
43
43
43
46
44
45
44
44
44
44
44
44
44
46
46
46
46
46
46
46
46
46
46
49
47
47
47
48
51
49
44
49
49
49
49
49
50
49
49
49
49
49
51
50
50
51
51
51
52
52
52
52
55
52
53
53
53
53
53
53
53
54
54
54
55
55
58
56
56
56
56
56
64
64
56
58
57
57
58
57
58
58
58
58
58
58
58
58
58
58
59
59
60
31
60
31
58
58
37
61
61
61
58
61
58
63
61
61
61
68
68
62
62
62
62
63
63
63
63
63
63
63
64
62
64
64
64
64
64
65
65
64
65
65
65
66
63
66
65
66
67
66
66
70
70
68
61
61
61
63
67
71
61
71
71
71
67
67
67
71
71
71
71
68
68
69
68
68
68
71
71
69
69
69
69
44
71
44
44
69
43
70
65
70
70
70
70
71
71
71
71
71
71
71
71
71
71
71
71
71
71
71
71
71
72
72
72
72
72
75
72
49
71
73
73
73
73
73
49
72
74
74
74
53
75
75
75
75
53
76
76
76
76
76
10
53
75
58
1
3
5
22
22
16
19
25
25
19
25
15
14
5
3
3
22
22
22
7
7
28
28
28
8
46
49
43
45
42
40
68
68
69
71
67
63
56
37
37
38
38
38
39
41
41
39
39
35
23
24
27
28
28
28
27
27
28
28
28
28
8
27
29
51
32
8
35
35
35
60
60
60
60
34
60
59
59
30
58
33
34
31
31
30
29
27
30
42
8
35
23
8
24
44
40
59
58
28
25
27
31
27
29
30
38
5
61
42
76
62
