1
1
1
1
1
1
1
1
1
2
1
2
2
2
2
4
4
2
2
4
4
2
2
4
2
77
77
77
1
2
2
4
4
77
77
77
77
77
77
77
77
77
3
3
77
3
3
3
3
3
4
4
3
4
4
2
4
4
4
14
14
14
5
5
5
22
5
5
5
22
22
22
5
5
5
5
4
4
5
5
3
6
6
3
3
5
5
6
6
6
3
3
6
6
6
6
5
5
5
6
6
3
6
6
7
7
6
7
7
7
7
7
7
7
5
5
7
7
7
7
7
7
7
7
7
8
8
8
8
7
8
8
8
7
8
8
8
8
8
28
8
8
8
9
9
9
11
9
10
9
10
11
11
11
11
11
15
11
13
11
12
12
13
13
13
14
14
14
14
14
16
14
14
16
14
16
14
15
15
15
15
15
15
15
15
15
15
15
15
15
16
16
14
16
16
16
16
16
16
21
16
16
16
16
21
17
15
17
17
17
76
18
18
18
17
17
18
15
15
15
19
15
19
19
15
19
19
19
20
20
19
25
19
16
20
20
20
20
16
21
20
21
20
20
21
21
16
22
22
22
22
20
22
20
22
22
22
22
22
22
22
22
22
24
22
22
22
22
20
22
23
22
20
23
23
22
22
23
22
22
23
24
24
24
24
24
24
23
24
24
24
24
24
24
24
24
28
28
24
24
24
24
23
24
24
24
24
28
24
24
24
20
25
25
18
25
25
25
25
25
25
25
25
25
25
25
25
25
25
25
25
25
25
26
25
25
25
25
26
26
26
29
29
29
27
29
27
27
29
28
28
28
28
28
28
28
28
28
28
30
29
31
29
30
30
30
30
30
31
30
31
30
30
30
30
30
30
30
28
28
28
28
28
28
28
31
8
32
32
33
34
34
35
38
35
35
35
38
38
38
38
38
39
38
38
38
38
40
40
40
40
40
39
39
39
41
39
39
39
40
40
40
40
41
39
40
41
41
41
41
41
42
42
42
42
42
42
40
42
42
42
42
43
43
69
69
46
43
43
43
46
46
45
46
46
43
44
44
69
44
44
49
49
47
47
46
46
46
46
46
46
45
46
52
52
47
48
48
51
46
46
49
49
49
49
49
49
50
50
49
73
49
49
49
50
50
50
52
51
51
46
52
52
46
52
52
53
49
49
49
53
53
53
53
54
54
55
54
30
56
56
30
56
56
56
56
64
57
57
57
62
57
30
30
30
30
30
58
58
58
58
58
58
59
60
31
59
59
58
61
38
68
61
58
58
58
58
58
67
58
61
61
61
62
62
62
62
58
62
62
58
58
63
63
62
64
64
64
64
64
64
65
64
64
65
65
70
66
63
66
65
66
66
66
70
70
70
67
61
67
67
63
63
67
61
67
61
67
67
66
67
67
71
71
71
67
68
68
68
71
71
44
71
69
69
42
69
69
69
44
69
69
69
70
70
70
70
70
70
70
70
71
71
71
71
71
71
71
71
71
73
71
71
71
73
73
71
72
72
72
72
75
72
73
73
73
73
72
73
73
73
72
74
74
74
75
75
75
75
75
75
76
76
76
76
76
10
49
74
30
2
3
4
22
24
21
23
25
25
19
18
15
14
5
3
6
24
22
24
5
8
28
24
28
28
52
73
45
45
42
40
68
68
68
67
63
58
56
38
37
40
38
38
39
40
41
41
39
36
23
27
27
29
27
27
27
27
28
28
28
31
7
29
30
51
28
28
35
35
38
60
60
59
38
60
60
31
59
31
30
33
34
31
31
30
30
30
31
69
28
35
23
8
24
44
69
61
58
31
29
29
31
29
30
30
39
22
68
69
76
62
