1
2
1
1
1
1
1
1
1
2
2
2
2
2
2
2
2
2
2
2
13
2
2
2
2
77
1
1
1
4
2
4
4
77
4
77
4
77
77
77
4
4
4
3
3
77
77
3
77
3
4
4
3
4
16
4
4
4
4
16
16
4
4
5
5
5
5
5
5
5
5
5
5
5
5
5
3
6
6
6
3
3
3
6
6
6
6
6
6
6
6
6
6
6
6
6
5
6
6
7
6
6
7
6
6
6
6
7
7
7
7
7
7
7
7
7
7
7
7
7
7
7
7
8
7
8
7
8
8
8
8
8
8
8
8
8
8
8
8
8
8
8
8
9
9
10
10
12
10
10
10
10
10
12
11
11
15
11
15
12
12
12
12
13
13
13
14
14
14
14
14
14
14
16
14
14
16
15
15
15
15
15
15
15
15
15
15
15
15
15
16
16
16
16
16
16
16
16
16
16
16
16
15
20
16
17
15
17
17
17
76
17
17
17
19
15
18
15
15
19
15
15
19
19
19
19
19
19
25
19
25
19
19
20
20
20
20
20
16
20
21
21
21
21
21
21
21
22
22
22
22
22
22
22
22
22
22
22
22
22
22
22
22
22
22
22
22
23
22
23
23
23
22
25
23
22
23
24
23
22
23
24
24
24
24
24
24
24
24
24
24
24
24
24
24
24
24
24
24
24
24
24
24
24
24
24
24
24
24
24
24
25
25
25
18
25
25
25
25
25
25
25
25
25
25
25
25
25
25
25
25
25
25
26
23
26
25
25
26
26
26
29
26
27
27
29
27
27
29
8
27
27
27
8
31
31
28
31
28
29
30
30
30
29
29
30
30
30
30
30
30
30
30
30
30
30
30
30
31
31
31
31
31
31
31
31
8
32
28
33
33
34
34
34
34
33
35
33
38
35
38
38
36
38
38
38
38
38
38
38
38
38
36
39
36
38
39
36
36
41
40
40
40
41
36
41
41
41
41
41
41
41
41
42
42
42
42
42
42
42
42
42
43
42
43
43
43
43
43
43
46
43
46
43
43
46
44
44
44
44
44
44
44
44
49
46
46
46
46
43
46
46
52
52
52
49
51
45
48
49
51
49
47
49
49
49
50
50
49
49
73
49
49
49
50
50
54
51
51
49
52
52
52
52
52
52
53
53
53
53
54
54
53
54
54
54
55
54
56
56
56
56
56
56
64
64
56
57
57
57
57
57
58
58
58
58
58
58
58
58
63
59
59
59
60
31
59
59
59
59
38
61
61
63
63
63
63
63
61
61
61
68
61
58
62
62
65
63
63
63
63
63
63
63
64
62
64
64
64
64
64
65
64
65
65
65
65
63
63
63
65
66
66
65
66
71
65
61
61
67
61
63
61
67
67
61
68
67
67
67
67
71
71
71
71
68
68
69
68
68
68
71
71
71
69
42
42
69
71
44
69
69
69
70
65
70
70
70
72
70
72
71
71
71
71
71
71
71
71
71
71
71
71
71
71
71
72
72
72
72
72
72
72
73
73
73
73
72
73
72
73
74
75
75
75
75
75
75
53
53
75
76
76
76
76
76
76
53
75
58
1
3
4
22
22
21
25
25
25
19
18
15
14
6
6
3
22
22
22
22
7
28
8
28
31
52
73
43
45
42
40
69
68
69
68
66
63
56
38
37
38
38
38
38
40
41
41
36
36
23
26
26
27
27
27
29
27
27
31
8
31
8
29
30
51
28
8
35
35
35
60
60
59
60
34
60
59
59
30
30
33
34
31
31
30
30
30
29
42
28
35
23
8
7
44
69
38
58
31
29
29
31
31
30
30
38
22
61
42
76
62
