1
1
1
1
1
1
1
2
2
2
2
13
13
13
13
13
2
2
13
2
13
2
2
2
4
77
1
1
1
1
2
4
77
77
4
77
4
77
77
77
4
4
4
3
77
77
3
77
3
3
4
5
3
4
4
4
2
4
14
14
4
14
14
5
14
16
5
5
5
5
5
5
5
5
5
5
5
5
5
5
3
6
6
3
3
6
6
3
3
6
6
6
6
6
6
5
5
6
7
7
6
6
6
6
7
6
7
7
7
7
7
7
7
7
7
7
22
7
7
7
7
7
8
8
7
8
8
8
7
8
8
8
8
7
8
8
8
8
8
8
8
8
8
9
9
10
10
10
10
10
10
15
10
11
11
15
15
15
15
10
13
13
12
13
14
13
13
14
14
13
14
16
16
16
14
14
14
12
12
15
15
15
17
15
15
15
15
15
15
19
16
16
16
16
14
16
16
16
16
16
16
16
15
15
16
17
15
17
17
76
76
17
17
18
17
17
18
15
19
15
19
19
25
19
19
19
19
19
19
19
25
19
19
15
20
20
19
20
21
16
21
22
21
21
21
21
5
22
21
21
22
22
22
22
22
22
22
22
22
21
22
22
22
22
22
22
23
20
20
23
23
23
20
23
23
20
20
23
20
20
23
24
24
24
22
24
24
24
24
24
24
24
24
24
24
24
24
24
24
24
24
24
24
24
24
24
24
24
24
24
24
25
25
25
25
25
25
25
25
25
25
25
25
25
25
25
25
25
25
25
25
25
25
26
26
26
26
25
25
26
27
29
26
27
29
29
29
29
27
28
28
27
28
28
28
28
28
28
28
29
30
29
29
29
29
30
29
29
29
30
30
30
29
29
29
30
30
29
28
28
28
28
28
29
29
29
8
8
32
33
28
60
35
35
38
35
35
35
36
35
35
36
39
36
38
38
38
38
38
38
38
38
39
38
38
38
39
39
39
40
40
40
40
41
41
41
39
41
42
41
41
42
41
42
42
42
42
42
42
42
42
42
43
42
42
43
43
43
43
43
43
43
43
52
43
43
44
47
44
44
44
44
44
44
44
48
52
46
46
46
46
48
46
46
46
47
48
51
51
48
51
49
49
50
49
49
49
50
49
49
49
49
49
49
50
50
50
46
51
51
52
46
52
52
52
52
53
53
53
53
53
53
53
53
54
54
55
52
56
56
56
56
56
56
56
62
62
57
57
57
58
57
58
30
30
58
58
58
58
58
58
59
59
59
31
31
59
31
61
61
61
61
61
67
67
61
63
61
61
67
67
37
61
62
57
62
62
63
58
58
66
63
66
66
65
64
64
64
64
64
64
66
65
65
65
65
64
66
66
66
65
66
66
66
66
70
66
37
67
67
63
63
63
63
67
67
67
66
66
66
70
70
67
71
70
37
37
68
67
67
68
68
68
69
69
69
69
44
69
69
44
69
45
70
64
70
70
70
70
70
70
69
71
71
71
71
71
71
71
71
73
71
71
71
73
49
73
73
72
72
72
73
73
49
73
49
71
73
49
73
49
75
74
74
74
73
75
75
53
53
49
76
76
76
76
76
76
53
75
30
2
3
5
7
22
21
20
25
26
25
18
15
13
6
3
3
22
22
22
22
22
28
24
28
28
46
49
43
45
42
40
37
37
68
67
63
63
56
37
37
38
38
38
36
41
41
39
39
39
23
28
27
27
27
28
29
27
28
28
28
28
8
29
29
52
32
32
35
35
35
60
60
59
60
60
31
58
59
30
29
35
34
29
31
29
30
30
30
69
28
35
23
7
24
44
69
61
58
29
29
29
31
27
30
30
38
5
37
42
76
62
