1
1
1
1
1
1
1
1
1
2
2
2
2
2
2
2
4
2
2
4
13
4
2
4
2
77
77
77
77
1
77
77
1
77
77
77
77
77
77
77
77
77
3
3
3
3
3
3
3
5
5
5
3
4
4
4
4
4
5
4
14
14
4
5
4
5
4
5
5
4
4
5
5
5
22
22
3
5
5
5
3
6
6
3
6
3
5
6
6
6
6
6
6
6
6
5
5
5
6
7
7
6
6
6
7
7
6
7
7
7
7
7
7
7
7
5
7
7
7
7
7
7
7
7
8
8
8
8
7
8
8
8
8
8
8
8
8
32
8
8
8
8
8
9
9
10
11
10
10
10
10
11
10
12
11
11
11
11
11
10
12
13
12
13
14
13
14
14
14
14
14
14
14
16
14
16
14
15
15
15
15
15
15
15
15
16
15
15
15
19
16
16
16
16
16
16
16
16
16
16
16
16
16
19
16
17
17
17
17
17
17
19
19
18
19
17
18
19
19
19
19
19
19
19
19
19
19
20
20
19
19
19
19
19
20
20
20
20
21
21
21
21
21
22
21
21
5
22
22
21
22
22
22
20
22
20
22
22
22
22
22
22
22
22
24
22
22
23
22
23
23
23
22
25
23
23
23
23
23
23
23
24
24
24
24
24
24
24
24
24
24
24
24
24
24
24
24
24
24
24
24
24
24
24
24
24
28
24
24
24
24
19
25
25
25
25
25
25
25
25
25
25
25
25
25
25
25
25
25
25
25
25
25
26
26
26
25
25
25
29
26
26
29
27
27
27
27
27
29
8
28
27
28
28
28
28
28
28
28
29
29
31
29
29
29
29
30
29
30
30
31
31
29
30
30
29
29
30
31
28
31
28
28
28
28
28
8
32
32
33
33
35
35
35
35
35
35
35
38
35
35
36
38
38
38
38
39
38
38
38
38
38
39
39
39
38
39
39
39
40
40
40
69
41
41
41
41
41
41
41
42
41
41
42
42
42
42
42
40
42
42
42
42
43
43
43
69
43
43
43
43
43
43
43
43
46
44
44
44
44
44
44
44
44
44
46
46
43
43
43
46
46
46
46
46
47
48
47
51
48
48
44
49
49
49
73
49
49
49
49
75
49
49
49
50
50
50
51
48
51
52
52
52
52
52
52
53
49
49
53
49
53
53
53
54
55
55
55
30
56
56
56
56
56
56
56
64
58
57
57
57
57
59
58
30
58
58
58
58
58
58
59
31
59
34
60
31
60
59
59
37
61
59
61
61
61
58
58
61
67
61
61
61
58
62
62
62
63
58
63
63
63
63
63
64
64
56
64
64
64
64
65
62
62
65
65
70
66
63
66
65
65
66
66
65
66
66
67
67
67
67
67
67
67
67
67
71
67
67
67
67
71
71
71
67
68
68
68
68
68
69
69
68
69
69
42
42
42
69
69
69
69
69
70
70
70
70
70
70
70
70
71
71
71
71
70
70
70
71
49
71
71
71
71
71
71
72
73
72
72
72
72
72
73
73
73
73
73
73
73
73
74
74
74
74
75
75
75
75
75
75
76
76
76
76
76
76
53
74
30
2
3
5
22
7
21
20
25
25
19
18
16
14
5
6
3
22
7
22
5
7
28
8
28
28
46
49
43
45
69
40
40
61
61
71
66
63
56
37
37
38
38
38
39
40
41
38
36
36
23
23
26
27
29
27
27
27
28
28
28
28
8
29
29
51
32
32
35
35
38
60
60
60
37
34
60
59
31
30
30
35
34
31
31
29
30
30
30
69
31
35
26
8
24
44
69
59
58
31
29
30
31
29
29
58
38
5
37
42
76
62
