1
2
1
1
1
1
1
1
1
2
1
2
2
2
2
2
1
2
2
2
2
4
2
2
2
77
77
77
77
77
77
4
4
77
77
77
77
77
77
77
77
4
4
4
77
77
3
3
3
3
4
3
3
2
4
4
4
4
4
4
16
16
16
5
5
5
5
5
5
5
5
5
5
5
5
5
6
5
5
6
6
3
3
6
3
6
6
6
6
6
6
6
7
6
6
6
5
5
5
7
6
6
6
7
7
6
6
7
7
7
7
7
7
7
7
7
7
7
7
7
7
7
7
7
7
8
8
28
28
28
8
8
8
8
8
8
8
8
8
8
8
28
28
9
9
9
11
10
10
10
10
10
11
11
15
11
15
15
15
10
12
14
11
13
14
2
14
14
14
14
14
14
14
14
14
14
16
15
15
15
17
15
17
15
15
15
15
15
19
19
14
14
16
16
16
16
16
16
16
16
16
16
16
16
21
17
15
17
76
76
76
17
17
17
17
19
18
19
15
19
19
19
19
25
19
19
19
19
25
19
19
19
25
20
20
20
20
20
21
16
21
22
21
21
21
5
5
22
22
22
22
22
22
22
22
22
22
22
22
22
22
22
22
22
22
22
23
22
20
23
23
22
20
23
23
20
22
23
22
20
23
24
24
24
24
24
24
24
24
24
24
24
24
24
24
24
24
24
24
24
24
24
24
24
24
24
24
24
24
24
24
25
25
25
25
25
25
25
25
25
25
25
25
25
25
25
25
25
25
25
25
25
25
26
23
23
25
26
26
26
26
29
26
26
27
27
27
29
27
28
28
28
28
28
28
28
28
28
28
29
29
31
29
29
29
29
29
29
30
30
30
31
29
29
29
29
30
30
31
31
28
28
28
28
28
28
8
32
33
33
33
60
34
34
35
35
35
35
36
38
35
36
38
36
37
37
38
38
37
38
38
38
38
38
38
38
39
39
39
40
40
40
40
41
41
40
39
39
41
41
41
41
41
42
42
42
41
40
42
42
42
42
42
42
42
69
43
43
43
43
43
46
43
52
43
43
44
47
44
44
44
49
44
44
44
45
52
46
48
46
46
46
48
46
51
47
45
48
48
48
48
49
47
49
49
49
49
49
50
49
73
73
49
49
50
50
50
51
51
50
52
51
52
52
52
52
53
53
75
53
53
53
53
54
54
54
55
55
57
56
56
56
56
56
56
64
64
58
57
57
57
57
58
58
58
58
58
58
59
59
58
58
59
59
60
60
59
60
58
61
37
59
59
61
61
61
61
61
61
67
61
61
61
65
62
62
65
63
58
63
63
63
63
63
64
64
64
64
64
64
64
65
64
64
65
65
65
63
63
66
66
66
66
65
65
66
66
67
61
67
61
67
67
67
67
67
67
67
66
67
66
71
71
71
66
68
68
40
68
68
69
71
68
69
69
42
69
69
69
44
69
69
45
70
70
70
70
70
70
70
71
49
71
71
71
70
70
70
71
49
71
71
71
72
71
71
72
73
72
72
75
75
73
73
72
73
72
72
73
73
73
74
74
74
74
75
75
75
75
75
73
76
76
76
76
76
10
53
75
30
1
3
16
22
22
21
20
25
26
25
25
15
13
5
6
3
22
22
24
7
22
28
7
28
28
46
49
46
45
42
40
40
37
68
67
63
63
56
37
37
37
38
38
36
37
41
39
38
36
23
23
26
27
27
27
27
27
28
28
28
28
28
30
29
51
32
32
35
35
38
60
60
60
60
34
31
59
59
31
30
35
34
28
31
29
29
30
30
69
31
35
23
7
7
44
40
59
58
28
29
30
31
27
29
58
38
5
37
42
76
56
