1
1
1
1
1
1
1
1
2
1
2
2
2
13
13
2
2
2
2
13
13
2
2
4
4
77
77
77
1
1
4
4
4
77
77
77
4
4
4
77
4
4
3
3
3
77
77
3
3
3
4
3
3
4
14
2
14
14
4
14
5
5
14
5
5
5
5
5
5
5
5
16
5
5
7
16
3
3
5
5
6
6
6
3
3
6
6
6
6
6
6
6
6
6
7
7
5
7
7
7
7
6
6
6
6
7
7
7
7
7
7
7
7
7
7
7
7
7
7
7
7
7
7
7
8
8
8
8
8
8
8
8
8
8
8
8
8
8
8
8
8
8
8
9
9
9
10
12
9
76
76
10
76
10
11
10
11
11
15
12
12
12
13
13
13
14
14
16
16
14
16
16
16
14
14
16
14
15
15
11
17
11
17
19
15
15
15
19
19
19
16
16
16
16
16
16
16
16
16
16
16
16
20
20
16
17
17
17
17
76
76
76
17
17
19
19
18
20
19
19
19
19
19
19
19
19
19
19
25
19
25
19
19
20
20
20
20
22
21
22
21
22
21
21
21
22
21
22
22
22
22
22
22
22
22
20
22
22
22
22
22
22
22
22
22
24
22
22
20
23
23
23
22
23
23
22
23
24
23
23
27
24
24
24
24
24
24
24
24
24
24
24
24
24
24
24
24
24
24
24
24
24
24
24
24
28
28
24
24
28
24
19
25
25
25
25
25
25
25
25
25
25
25
25
25
25
25
25
25
25
25
25
25
26
26
26
25
25
26
26
29
29
26
29
29
27
27
27
27
28
28
28
28
28
28
28
28
28
28
30
30
28
30
30
30
30
30
29
30
30
30
30
30
30
30
30
30
30
31
33
33
28
28
28
28
31
8
32
32
33
33
60
35
37
37
33
35
33
33
35
35
36
36
38
35
38
39
38
38
40
38
38
39
39
39
38
39
39
39
41
40
40
40
41
41
41
41
41
41
41
41
41
41
41
41
41
42
42
41
42
41
42
42
42
42
43
43
43
43
43
43
43
46
43
43
43
44
44
44
44
69
44
44
44
47
46
46
46
46
46
46
46
46
52
52
47
48
48
48
46
46
49
49
49
49
49
50
49
50
49
49
49
49
49
49
50
50
51
51
51
52
52
52
52
52
52
53
49
75
75
49
53
53
53
54
49
55
55
30
56
56
56
56
56
56
64
56
57
30
57
57
57
30
30
58
58
58
30
30
59
59
59
59
59
31
31
60
31
59
58
37
37
61
58
58
58
58
61
61
61
61
68
37
62
62
62
62
62
58
62
62
62
62
63
64
64
64
64
64
64
64
62
64
65
65
66
70
63
63
63
65
66
66
66
66
66
70
67
67
67
67
61
61
67
67
67
67
67
61
67
67
71
71
71
70
68
68
40
68
68
68
71
68
69
69
69
69
69
71
69
69
44
42
70
70
70
70
72
72
71
72
71
71
71
70
70
70
71
73
71
73
71
71
71
73
71
72
73
72
72
72
75
73
73
73
73
73
73
49
73
73
72
74
74
75
75
75
72
75
75
49
76
76
76
76
76
76
53
75
30
2
3
4
22
24
21
20
25
26
19
25
16
14
5
3
3
22
22
22
7
7
28
28
28
28
52
73
43
45
42
40
40
68
40
68
63
63
56
37
37
38
39
38
39
40
41
39
36
36
23
23
27
27
27
23
29
28
28
28
28
28
8
29
29
51
32
8
33
35
38
60
31
60
60
34
31
59
59
30
30
33
34
28
59
30
30
30
29
42
33
35
23
8
24
44
42
61
58
28
29
29
31
28
30
30
38
16
37
42
76
64
