1
1
1
1
1
1
1
1
1
1
1
2
2
2
2
2
1
2
2
2
2
2
2
2
2
77
77
77
77
77
2
77
77
77
77
77
77
77
77
77
77
77
3
3
3
3
3
3
3
3
4
4
3
4
4
4
4
4
4
4
4
4
4
5
5
5
5
5
5
5
5
5
5
5
5
5
6
5
6
6
6
6
6
6
6
6
6
6
6
6
6
6
7
7
6
6
6
6
7
7
7
6
6
7
6
7
7
7
7
7
7
7
7
7
7
7
7
7
7
7
7
7
7
7
7
8
8
8
8
8
8
8
8
8
8
8
8
8
8
28
8
8
8
9
9
9
10
10
10
10
10
10
10
12
11
15
11
11
11
12
12
13
12
13
14
13
14
14
14
14
14
14
14
14
14
14
14
15
15
15
15
15
15
15
15
15
15
15
15
15
16
16
16
16
16
16
16
16
16
16
16
16
16
16
21
15
17
17
17
17
17
17
18
18
18
17
18
19
19
19
19
19
19
19
19
19
20
20
19
19
19
19
19
20
20
20
20
20
21
21
21
21
21
21
21
21
21
22
22
21
22
22
22
22
20
20
20
22
22
22
22
22
22
22
22
22
22
22
20
23
23
23
23
23
25
23
23
23
23
23
23
24
24
24
24
24
24
24
24
24
24
24
24
24
24
24
24
24
24
24
24
24
24
24
24
28
24
24
24
24
28
25
25
25
25
25
25
25
25
25
25
25
25
25
25
25
25
25
25
25
25
25
25
23
26
26
25
30
26
26
26
30
30
27
27
27
27
30
27
28
28
28
28
28
28
28
28
28
28
29
30
30
29
30
29
30
30
30
30
30
30
30
30
30
30
29
29
30
31
31
28
28
31
28
31
31
32
32
32
33
28
34
34
34
37
35
35
35
36
35
35
36
36
38
37
38
38
38
38
38
40
38
39
39
39
39
39
39
39
42
40
40
40
41
39
41
41
41
41
41
41
41
41
42
42
42
42
42
42
42
42
42
42
42
43
43
43
43
43
43
43
43
46
43
43
43
44
47
44
44
44
44
47
47
49
48
46
48
48
46
46
46
48
48
48
47
48
48
48
48
48
49
47
49
49
49
50
50
49
49
49
49
49
49
50
50
50
51
51
51
52
52
52
52
52
52
53
75
75
75
53
53
53
53
54
50
55
55
56
56
56
56
56
56
56
56
56
57
57
57
57
57
58
30
30
58
30
58
58
58
62
59
59
59
60
60
59
60
58
58
61
37
61
61
58
61
58
63
61
61
61
61
61
62
62
62
62
63
62
63
62
63
63
63
64
64
64
64
64
64
64
62
62
62
65
65
65
66
66
66
62
66
66
65
65
66
65
67
67
67
67
63
67
67
67
67
67
67
67
67
67
67
67
71
67
68
68
37
68
68
68
69
69
69
69
42
69
69
69
69
69
69
69
70
70
70
70
70
70
70
71
71
71
71
71
70
70
71
71
71
71
71
71
71
71
73
72
72
72
72
72
72
72
73
73
73
73
73
73
73
73
74
74
74
74
75
75
75
75
75
75
76
76
76
76
76
10
53
75
30
1
3
4
22
24
21
20
25
25
19
18
15
13
6
7
3
22
22
22
22
7
28
28
28
28
46
49
43
45
69
40
37
37
68
67
66
63
56
37
37
37
38
38
38
40
41
39
36
36
24
23
27
28
27
28
27
27
28
28
28
28
8
30
29
51
32
28
35
35
38
59
60
60
60
60
60
59
59
30
30
33
34
31
31
29
30
29
29
69
28
35
23
8
24
44
69
37
62
28
30
30
31
28
29
58
38
5
61
42
76
62
