1
1
1
1
1
1
1
1
1
2
1
2
2
2
2
2
2
2
2
13
2
4
2
4
2
77
77
2
1
2
2
2
2
77
2
77
4
77
77
77
4
4
4
3
77
77
3
3
3
3
4
4
3
4
4
4
4
4
4
4
4
4
5
5
5
5
5
5
5
5
5
5
5
5
5
5
5
5
5
5
5
3
6
3
3
5
5
3
6
6
3
6
6
6
5
5
5
7
7
6
6
6
6
6
7
6
7
7
6
7
7
6
6
7
7
7
6
7
7
7
7
7
7
7
7
8
7
8
8
8
8
8
8
8
8
8
8
8
8
8
8
8
8
9
9
10
10
9
10
10
10
10
10
11
11
15
11
11
12
11
12
12
12
13
13
13
14
14
14
14
13
14
14
14
14
16
14
15
15
15
15
15
15
15
15
15
15
15
15
15
16
16
16
14
16
16
5
16
5
16
16
16
15
21
16
15
17
17
17
17
76
17
17
17
17
15
18
15
15
15
15
15
19
19
19
19
19
19
19
25
19
25
19
20
20
20
20
20
5
21
21
21
21
21
21
21
21
22
22
22
22
22
22
22
22
22
22
22
22
22
22
22
22
22
22
22
22
22
22
22
22
22
20
23
23
20
22
23
20
20
23
24
24
24
24
24
24
24
24
24
24
24
24
24
24
24
24
24
24
24
24
24
24
24
24
24
24
24
24
24
24
25
19
25
25
25
25
25
25
25
25
25
25
25
25
25
25
25
25
25
25
25
26
25
25
23
25
26
26
25
29
29
25
29
27
27
27
27
29
8
24
27
28
8
27
28
31
31
31
30
29
30
29
30
30
30
30
30
30
30
30
31
30
30
30
30
30
30
31
31
31
31
31
31
31
31
8
8
8
33
33
34
35
34
34
35
35
35
36
38
35
36
38
38
38
38
38
38
38
38
38
38
39
39
36
36
39
41
39
41
40
40
40
41
41
38
41
41
42
41
41
41
42
42
42
42
42
42
42
42
42
42
42
43
42
42
43
43
43
43
46
43
46
43
43
43
44
44
44
44
44
44
44
44
49
45
46
46
46
46
46
46
46
46
46
44
48
47
51
46
46
49
49
49
49
49
49
49
50
49
49
49
49
49
50
50
50
46
51
51
46
46
52
46
52
52
53
49
49
53
49
53
53
53
54
53
55
55
56
56
56
56
56
56
56
56
56
57
57
57
58
57
58
58
30
58
58
58
58
58
58
59
59
59
60
60
60
60
58
58
38
61
61
61
61
58
63
61
61
61
61
68
68
63
62
62
63
63
58
63
63
63
63
63
64
64
64
64
64
64
64
63
63
65
65
70
65
63
63
63
65
66
66
65
70
66
70
67
67
67
61
67
67
67
67
68
67
67
67
67
66
67
71
71
71
68
68
68
67
68
68
68
71
68
69
42
69
69
71
71
69
69
43
70
70
70
70
70
70
70
72
71
71
70
70
70
71
71
71
71
71
71
71
71
71
71
72
72
72
72
72
72
72
71
73
71
71
73
71
73
73
72
74
74
74
75
75
75
75
75
75
76
76
76
76
76
10
53
74
30
1
3
4
22
22
21
20
25
25
19
19
15
13
5
3
3
22
22
22
7
7
31
28
31
31
46
49
43
45
42
40
40
68
68
67
66
63
56
38
37
38
38
38
38
38
41
39
36
36
23
25
25
27
27
27
27
27
27
28
28
31
8
29
29
51
32
8
35
35
35
60
60
60
60
31
31
59
59
30
30
35
34
31
31
30
30
30
30
69
31
35
23
8
7
44
69
59
58
28
29
30
31
29
30
30
36
5
61
42
76
64
