1
2
1
1
1
1
1
77
1
2
1
2
2
13
2
1
1
13
2
2
13
2
2
2
2
77
77
77
1
77
2
13
77
77
77
77
77
77
77
77
4
4
4
4
4
4
3
3
3
3
4
4
3
13
13
2
13
4
4
4
13
14
14
4
14
5
14
5
5
5
5
5
5
5
5
22
3
6
6
6
6
3
6
3
3
6
6
6
6
6
6
6
6
6
6
6
5
5
5
7
6
6
6
7
7
7
7
7
7
7
7
6
7
7
7
7
7
6
7
7
7
7
7
8
7
8
8
8
7
8
8
8
8
8
8
8
8
8
8
8
8
8
7
9
9
9
10
10
10
10
10
10
15
11
10
15
10
11
15
12
12
13
15
13
16
2
14
14
16
13
16
16
16
16
14
14
14
15
15
10
15
15
15
15
15
15
15
15
15
19
15
20
16
16
16
16
16
5
16
16
16
16
20
20
16
15
19
15
15
17
76
17
17
17
17
19
18
20
15
15
19
19
19
19
19
19
19
20
19
19
25
19
19
20
20
20
19
20
21
16
21
16
21
21
21
21
5
5
5
5
22
21
22
20
22
20
22
22
22
22
22
5
5
22
22
24
23
23
23
23
23
23
23
23
25
23
23
23
23
23
23
24
24
24
24
24
24
23
24
24
24
24
24
24
24
24
24
24
24
24
24
24
27
24
24
24
24
24
24
28
28
25
25
25
25
25
25
25
23
23
25
25
25
25
25
25
25
25
25
25
25
25
25
27
27
23
25
26
23
23
26
26
26
27
27
29
29
29
27
24
28
28
28
28
28
28
28
28
28
29
29
28
29
30
29
29
30
29
29
29
29
29
29
30
30
29
30
30
31
31
28
31
28
28
28
31
8
8
33
33
33
34
35
34
34
33
35
33
36
35
35
36
36
38
38
38
39
38
38
37
38
38
39
39
36
39
39
39
39
41
40
40
40
41
39
37
41
41
41
41
42
42
41
42
42
42
42
41
42
42
42
42
69
69
43
43
43
43
43
43
43
43
46
43
43
46
44
47
44
44
69
69
44
44
47
45
46
46
43
43
46
46
46
46
52
47
45
48
48
48
51
49
47
50
49
49
49
49
50
49
73
73
49
53
50
50
53
52
51
51
52
51
52
52
52
52
53
53
53
53
53
53
53
54
54
54
55
54
56
56
56
56
56
56
64
64
56
57
57
57
62
56
30
58
58
58
58
58
30
58
58
58
59
59
60
31
31
31
58
61
61
61
59
61
61
61
61
67
67
67
61
61
61
62
62
62
63
63
58
63
58
63
63
63
62
64
64
64
64
64
64
63
62
64
65
65
70
66
63
63
65
65
66
66
65
70
65
67
61
67
67
67
66
67
61
67
67
67
66
66
67
71
71
71
67
61
61
68
67
68
68
69
71
69
69
69
69
69
69
69
69
44
69
70
70
70
70
72
72
70
72
71
71
71
67
70
71
71
71
49
73
71
71
71
73
49
72
72
72
72
72
72
72
73
73
73
73
73
49
73
73
72
72
74
74
75
75
75
53
53
75
76
76
76
76
76
10
53
72
30
1
3
4
22
22
21
23
25
25
18
25
20
13
5
6
3
5
22
22
7
7
28
28
28
28
46
49
43
45
69
40
68
67
67
67
66
63
56
37
37
38
38
38
39
37
41
39
36
36
23
27
27
27
27
27
27
28
24
28
28
28
7
29
30
51
32
32
35
35
36
31
60
60
37
60
31
59
59
29
29
33
34
28
28
30
29
29
29
69
28
35
23
8
24
69
69
59
58
31
29
28
31
28
29
30
39
5
61
69
76
62
