1
1
1
1
1
1
1
1
1
1
1
2
2
2
2
2
2
2
2
2
2
2
2
2
2
77
77
77
77
77
4
4
77
77
77
77
77
77
77
77
77
4
4
3
3
3
3
3
3
3
4
4
3
4
5
4
2
4
4
4
5
5
4
5
5
5
5
5
5
5
5
5
5
5
5
5
4
4
5
6
6
6
6
6
6
6
7
6
6
6
6
6
7
6
6
7
7
7
6
7
6
6
6
7
6
6
7
7
7
7
7
6
7
7
7
5
7
7
7
7
7
7
7
7
7
8
7
8
8
8
8
8
8
8
8
8
8
8
8
8
8
8
8
9
9
9
10
11
10
10
10
10
10
11
11
10
15
15
15
12
12
12
12
13
13
13
14
14
14
14
14
16
16
14
14
14
14
15
15
15
15
15
15
15
15
15
15
15
15
15
15
16
16
16
16
16
16
16
16
16
16
16
16
16
20
15
15
15
17
17
76
17
17
17
17
19
18
19
19
19
19
15
19
19
19
19
19
19
20
19
19
19
19
20
20
20
20
20
21
20
20
21
20
21
21
21
21
22
22
22
22
22
22
20
20
20
22
22
22
22
22
22
22
24
24
22
22
20
20
23
23
20
20
23
23
23
20
23
20
23
23
24
24
24
24
24
24
24
24
24
24
24
24
24
24
28
24
24
24
24
24
24
24
24
24
28
24
28
28
24
24
25
25
25
25
25
25
25
25
25
25
25
25
25
25
25
25
25
25
25
25
25
25
26
25
25
25
25
26
25
26
26
26
27
27
27
27
27
27
28
28
28
28
28
28
28
28
28
28
29
29
29
29
29
29
30
30
29
30
58
30
58
30
30
30
30
30
30
31
28
28
31
31
28
28
28
32
32
32
33
33
34
34
34
34
35
35
35
36
35
35
36
39
38
38
38
39
38
38
38
38
38
39
39
39
39
39
39
39
40
40
40
40
41
41
37
41
41
41
41
41
41
41
42
42
42
42
42
42
42
42
42
42
52
42
43
43
42
43
52
43
42
43
52
43
52
44
47
44
44
44
47
47
47
47
48
52
46
52
46
46
48
48
52
52
47
48
48
48
48
48
49
47
49
49
49
49
50
50
49
49
49
49
49
50
50
54
51
51
51
52
52
52
52
52
52
53
53
54
54
53
54
54
54
54
54
55
55
56
56
56
56
56
62
62
62
62
57
57
57
57
57
58
58
58
58
58
58
58
58
58
59
59
59
60
59
59
60
59
59
61
61
61
61
61
59
61
61
61
61
61
61
61
62
62
62
62
63
62
62
62
63
63
63
62
64
64
64
64
64
62
65
65
65
65
65
65
63
63
63
65
66
66
66
65
66
65
67
67
67
67
63
67
71
67
67
71
71
67
67
71
67
71
71
71
68
68
68
68
68
71
71
71
69
69
42
69
69
71
71
71
69
45
70
70
70
70
70
70
71
71
71
71
71
71
71
71
71
71
71
71
71
71
71
71
71
72
72
72
72
72
72
72
71
73
73
73
73
73
73
73
72
74
74
74
75
75
75
75
75
75
76
76
76
76
76
10
54
75
58
1
3
4
22
22
21
20
25
25
18
18
15
2
6
6
3
22
7
24
7
24
28
28
28
28
52
49
43
45
42
40
40
40
68
67
63
63
56
37
37
38
38
38
39
37
41
37
36
36
23
23
27
27
27
27
27
27
28
28
28
28
8
28
29
51
32
32
35
35
35
59
60
60
60
34
60
59
59
29
30
35
34
31
31
29
29
29
30
69
28
35
25
8
24
44
42
37
58
28
29
29
31
28
29
58
38
5
61
42
76
62
