1
1
1
1
1
1
1
2
1
1
2
2
2
2
2
1
1
2
2
13
2
2
2
2
2
77
77
77
2
2
77
77
77
77
77
77
77
77
77
77
77
4
4
4
77
3
3
3
3
4
4
4
3
4
4
13
13
4
4
14
13
14
14
5
5
5
5
5
5
5
5
5
5
5
5
5
4
5
5
6
6
3
6
3
6
6
5
6
6
6
6
6
6
6
5
5
5
5
7
7
7
6
6
6
7
7
6
7
6
7
7
7
7
7
7
22
22
7
7
7
7
7
7
7
7
8
8
8
8
7
8
8
8
7
8
8
8
8
8
8
8
8
7
9
9
10
11
10
11
10
11
11
11
11
15
11
11
15
11
10
12
12
15
14
14
13
13
14
14
14
14
16
14
16
14
14
14
15
15
15
15
15
15
15
15
15
15
15
15
15
15
15
16
16
14
16
5
16
16
16
21
16
20
20
20
15
17
17
17
17
76
17
18
18
18
17
18
20
20
15
19
19
19
19
19
19
19
20
19
19
25
19
19
20
20
20
20
23
21
20
21
22
21
21
21
21
22
22
22
22
22
22
22
22
20
20
20
22
23
22
22
22
22
22
22
23
22
22
20
23
23
22
22
23
23
23
22
23
22
23
23
24
24
24
24
24
24
24
24
24
24
24
24
24
24
24
24
24
24
24
24
24
24
24
24
24
24
24
24
24
24
25
25
25
25
25
25
25
25
25
25
25
25
25
25
25
25
25
25
25
25
25
25
27
26
25
25
25
26
26
26
26
26
27
27
27
27
27
28
28
28
28
28
28
28
28
28
28
28
30
29
30
29
29
30
30
30
30
30
30
30
31
30
30
30
30
30
30
31
28
28
28
28
28
31
28
8
8
8
33
33
34
34
35
38
33
35
35
36
38
35
36
36
38
38
38
36
38
38
38
38
36
39
36
38
38
39
39
39
40
40
40
40
41
41
38
38
41
42
41
41
41
42
42
42
42
42
40
40
42
42
42
42
43
43
43
43
43
43
43
43
43
46
43
43
46
44
44
44
44
44
44
44
44
44
48
46
48
48
46
46
46
48
48
52
47
48
48
47
48
48
50
47
50
49
49
50
50
49
49
75
49
49
54
50
50
50
52
51
51
52
52
52
52
52
52
53
53
75
75
75
53
75
53
54
54
55
51
56
56
56
56
56
56
64
64
56
57
57
57
57
57
30
58
58
58
58
30
30
59
58
59
59
59
60
31
59
60
59
59
37
61
61
61
61
61
58
58
58
58
61
68
61
58
62
62
65
58
63
63
63
58
63
65
62
64
64
64
64
64
64
65
65
64
65
65
70
65
65
65
66
66
66
66
66
70
65
61
58
58
67
58
67
67
67
71
71
71
67
66
67
67
71
71
71
68
68
68
71
68
68
71
71
69
69
69
69
44
71
71
44
69
43
70
70
70
70
70
70
71
72
71
71
71
71
71
71
71
71
71
71
71
71
72
71
71
72
73
72
72
72
72
72
49
73
49
72
73
75
73
73
75
74
74
74
75
72
72
75
75
75
76
76
76
76
76
10
75
75
58
2
3
14
22
22
21
23
25
26
19
18
15
14
5
6
3
22
22
22
22
7
28
28
28
28
48
49
43
45
69
40
68
68
68
71
63
63
56
37
37
38
36
38
36
38
40
38
36
36
23
28
27
28
27
28
27
28
24
28
28
28
7
29
29
51
32
32
35
35
38
59
60
60
60
60
31
31
59
30
58
33
31
28
31
30
30
30
30
69
28
35
23
8
22
44
69
61
58
28
29
30
31
29
30
30
36
5
61
42
76
62
