1
1
1
1
77
1
1
1
1
2
1
2
2
13
2
2
1
2
2
2
13
2
2
2
2
77
77
77
77
77
1
4
4
77
77
77
4
77
4
77
4
4
3
3
3
77
3
77
3
4
4
4
3
4
14
14
13
4
4
14
14
5
4
5
5
5
5
5
5
5
5
5
5
5
5
7
3
4
5
3
6
3
6
3
6
6
6
3
6
6
6
6
6
6
6
5
5
7
7
7
6
7
6
6
6
6
7
7
7
7
7
7
7
22
7
7
7
7
7
7
7
7
7
7
8
8
8
8
8
7
8
8
8
8
8
8
8
8
8
8
8
8
8
9
9
9
11
10
10
10
10
10
11
10
10
11
11
11
11
10
12
12
12
13
13
2
14
14
14
13
16
14
14
14
14
16
14
15
11
15
15
15
15
15
15
15
19
19
19
19
16
16
16
14
16
16
16
16
5
16
16
16
16
16
16
15
17
17
17
17
76
17
17
18
19
19
18
19
19
19
19
19
19
19
19
19
19
19
20
19
19
19
25
20
20
20
23
20
21
21
21
21
21
21
22
21
21
21
21
22
20
22
22
22
20
20
20
22
22
22
21
22
22
24
22
23
22
22
22
23
23
22
23
23
20
23
23
23
23
23
23
24
24
24
24
24
24
24
24
24
24
24
24
24
24
24
24
24
24
24
24
24
24
24
24
24
28
28
24
24
24
25
25
25
25
25
25
25
25
25
25
25
25
25
25
25
25
25
25
25
25
25
25
23
26
25
26
26
26
26
23
26
26
29
27
27
27
29
27
28
28
28
28
28
28
28
28
28
28
29
29
31
29
30
29
30
30
57
30
30
30
31
57
30
57
30
30
57
31
31
28
28
28
28
28
31
32
8
32
33
28
60
34
34
38
35
35
35
35
38
38
35
36
38
38
38
39
38
38
37
38
38
39
39
39
39
39
39
39
40
40
40
40
41
41
40
41
41
42
41
41
41
42
42
42
42
42
40
42
42
42
42
42
43
43
42
43
43
43
43
43
69
45
43
45
43
44
44
44
44
44
44
44
47
47
69
46
46
46
46
46
69
46
46
46
47
48
47
47
48
51
44
47
49
49
73
49
50
49
49
49
75
49
49
50
50
49
51
51
51
52
52
52
52
52
52
53
75
75
75
53
53
53
53
54
54
55
55
56
56
56
57
56
56
56
64
64
58
57
57
57
57
30
30
58
58
58
62
58
58
62
59
58
58
60
60
60
60
58
58
37
61
61
61
61
61
58
58
61
67
61
68
61
62
62
62
63
63
63
63
63
63
63
63
64
62
64
64
64
64
64
65
62
65
65
65
65
66
66
65
65
66
66
66
66
66
65
68
61
67
67
63
67
67
67
71
67
66
67
66
66
67
71
71
70
68
68
69
68
68
69
68
68
69
69
42
69
69
69
69
69
69
44
70
65
65
70
70
70
71
71
71
71
70
70
70
70
70
71
69
71
71
71
73
71
73
72
72
72
72
75
72
72
73
73
73
73
72
73
73
73
74
74
74
74
73
72
75
75
75
75
76
76
76
76
76
10
53
75
57
1
3
4
22
22
21
23
20
26
18
18
15
13
6
3
3
22
22
22
22
7
28
24
28
28
46
69
69
69
69
40
69
69
69
71
66
63
56
37
37
38
38
38
39
40
41
41
36
36
23
23
27
27
27
27
27
27
28
28
28
28
7
29
30
50
32
32
35
35
35
59
60
60
60
34
31
59
59
31
30
33
34
31
31
30
29
31
30
69
28
35
25
8
24
44
69
58
62
28
29
31
31
29
29
30
38
5
61
42
76
62
