1
2
1
1
1
1
1
1
1
1
1
2
2
2
2
2
2
2
2
2
2
4
2
2
2
77
77
77
77
1
2
2
4
77
77
77
4
77
3
77
4
4
4
4
3
77
3
3
3
5
4
5
3
4
4
4
4
4
5
5
4
4
5
5
5
4
5
5
5
5
5
5
5
5
5
5
6
5
5
6
3
3
3
6
3
6
6
6
6
6
6
6
6
6
6
6
5
6
6
7
6
6
7
6
6
6
6
7
7
7
7
6
7
7
7
7
7
7
7
7
7
7
7
7
7
8
7
8
8
8
8
8
8
8
8
8
8
8
8
8
8
8
8
9
9
10
11
10
10
10
10
10
10
11
11
11
11
13
13
13
13
12
13
13
13
13
14
14
14
16
16
14
14
16
14
14
14
15
15
15
15
15
15
15
15
15
15
15
15
15
16
16
16
16
16
16
16
16
16
16
16
16
15
16
16
17
15
17
17
17
76
17
17
17
15
15
18
15
19
15
15
19
19
19
19
19
19
19
19
19
25
25
19
20
20
20
20
20
21
22
21
21
21
21
21
21
21
22
22
21
22
22
22
22
22
20
22
22
22
22
22
22
22
24
22
22
22
22
22
22
23
22
22
20
20
22
22
23
23
22
23
7
24
24
24
24
22
24
24
24
24
24
24
24
24
24
24
24
24
24
24
24
24
24
24
24
24
24
24
24
7
25
25
25
25
25
25
25
25
25
25
25
25
25
25
25
25
25
25
25
25
25
25
23
23
23
25
25
25
26
23
26
26
26
27
26
26
27
29
8
7
27
27
8
31
31
28
28
28
29
29
31
29
29
29
30
30
30
31
31
31
31
30
57
30
57
30
57
31
31
28
31
31
31
31
31
8
8
8
33
33
34
35
34
34
35
35
35
35
38
35
38
38
38
38
38
38
38
38
38
38
38
39
39
39
40
39
39
39
41
40
41
40
41
39
40
41
41
41
41
41
42
41
42
42
42
42
42
42
42
42
69
43
42
42
43
43
43
43
42
43
43
43
46
43
43
44
44
69
69
69
44
69
44
44
43
52
52
46
46
46
46
46
46
52
51
43
48
47
46
46
49
51
50
49
49
49
49
50
49
49
53
49
49
50
50
49
51
51
51
52
52
52
52
52
52
53
53
53
53
53
53
53
53
54
49
55
55
56
56
56
56
56
56
56
56
56
62
57
57
62
57
58
58
58
58
58
58
58
58
63
59
61
38
60
60
60
60
61
61
38
38
61
38
61
63
63
61
61
61
61
61
61
62
62
64
65
63
63
58
58
63
63
63
64
64
64
64
64
64
64
65
65
65
65
64
64
66
63
66
65
66
66
65
65
66
65
67
67
67
67
67
67
67
67
67
67
66
67
67
66
66
71
71
71
61
68
69
68
68
69
69
71
69
69
69
69
69
69
71
69
69
69
70
70
70
70
70
70
70
72
71
71
71
71
71
71
71
71
71
71
71
71
71
71
71
72
72
72
72
75
75
72
71
73
73
71
73
73
73
49
74
74
74
74
75
75
75
75
53
75
76
76
76
76
76
10
53
75
57
2
3
4
22
22
21
20
25
25
19
19
15
13
5
6
6
24
22
22
7
7
31
7
28
28
46
49
43
45
42
40
40
61
69
67
63
63
56
38
37
38
38
38
38
40
41
39
38
36
23
27
23
27
27
27
27
27
24
28
28
31
8
29
29
51
32
32
35
38
38
60
60
60
60
60
31
59
59
30
30
35
31
31
31
30
29
29
30
69
28
35
20
7
7
44
69
38
58
31
29
30
31
29
29
30
40
5
61
42
76
64
