1
1
1
1
1
1
1
1
1
2
1
2
2
13
2
2
2
2
2
13
13
2
2
2
2
77
77
77
77
77
2
4
4
77
77
77
77
77
77
77
77
4
4
3
3
3
3
3
3
3
4
5
3
4
13
4
13
13
4
13
13
4
4
5
5
4
5
5
5
5
5
5
5
5
5
5
5
5
5
5
5
6
6
6
5
6
6
6
6
6
6
6
6
6
5
5
5
5
5
6
7
6
6
7
7
7
7
7
7
7
7
7
7
7
7
5
7
7
7
7
7
7
7
7
7
8
8
8
7
8
8
8
8
8
8
8
8
8
8
8
8
8
8
9
9
9
11
10
10
10
10
10
11
14
11
11
15
11
15
12
12
12
14
13
13
13
14
13
14
13
14
14
16
14
14
14
14
15
15
15
15
15
15
15
15
15
15
20
15
15
14
15
16
16
16
16
16
16
16
16
16
16
16
16
16
15
15
17
17
17
17
17
15
18
15
15
18
20
20
15
19
15
19
19
19
19
19
19
20
19
25
19
19
20
20
20
20
20
21
20
20
21
21
21
21
21
5
22
22
22
22
22
22
22
20
22
22
22
22
22
22
22
22
22
22
22
22
22
22
23
23
20
20
23
23
23
20
23
20
23
23
24
24
24
24
24
24
24
24
24
24
24
24
24
24
24
24
24
24
24
24
24
24
24
24
24
24
24
24
24
24
25
25
25
18
25
25
25
25
25
25
25
25
25
25
25
25
25
25
25
25
25
25
26
26
25
25
25
29
29
26
27
29
27
27
27
27
27
29
28
28
28
28
28
28
28
28
28
28
29
29
29
29
29
29
29
30
29
30
30
30
29
29
30
30
29
30
29
31
31
28
28
28
28
28
31
8
32
32
33
33
34
35
34
35
35
35
35
36
36
35
36
36
36
38
38
36
38
38
38
38
38
39
39
36
36
39
39
39
36
40
40
40
41
36
41
41
36
41
41
41
41
41
42
42
42
42
42
42
42
42
42
43
43
43
43
43
43
43
43
43
43
46
43
43
46
44
47
44
44
44
44
44
44
47
48
46
46
46
46
46
46
46
46
48
47
48
47
48
48
48
49
47
50
49
73
49
50
49
49
75
49
49
50
50
50
50
51
51
51
52
52
52
52
52
52
53
75
75
53
53
53
53
53
54
54
55
55
56
56
56
56
56
56
56
56
62
57
57
57
57
57
58
58
58
58
58
58
58
58
58
59
59
59
60
59
59
59
63
61
61
37
61
61
63
63
63
63
61
61
61
61
61
62
62
62
63
63
63
63
63
63
63
63
64
64
64
64
64
64
64
65
65
65
65
65
65
66
63
63
63
66
66
63
63
66
65
67
61
67
67
63
67
67
67
67
67
67
67
67
67
67
67
71
67
68
68
37
68
68
37
71
68
69
69
69
69
69
69
69
69
69
69
70
70
70
70
70
70
70
70
71
71
71
71
70
70
71
71
71
71
71
71
71
71
71
72
72
72
72
72
75
72
73
73
73
73
72
73
73
73
72
74
74
74
75
75
75
75
75
75
76
76
76
76
76
10
53
75
30
1
3
4
22
22
21
20
25
25
19
18
15
13
5
6
3
22
22
22
5
7
28
28
28
28
48
49
43
45
69
40
69
37
37
67
63
63
56
37
37
38
38
38
36
36
41
36
36
36
23
23
26
27
27
27
27
27
28
28
28
28
8
29
29
51
32
32
35
36
36
59
60
60
60
60
59
59
59
29
29
33
34
31
31
29
29
29
29
69
28
35
25
8
24
44
69
61
58
28
29
29
31
29
29
30
38
5
37
42
76
62
