1
2
1
1
1
1
1
1
1
2
1
2
2
2
2
2
1
2
1
2
2
2
2
2
2
77
77
77
77
1
1
77
77
77
77
77
4
77
77
77
4
4
4
77
77
77
3
3
3
3
4
3
3
4
4
4
4
4
5
4
14
14
4
5
5
5
5
5
5
5
5
5
5
5
5
22
6
3
5
6
3
3
6
6
3
3
6
3
6
6
6
6
6
6
6
5
5
6
7
6
6
6
7
6
6
7
6
7
7
7
7
6
7
7
7
7
7
7
7
7
7
7
7
8
7
8
8
8
7
8
8
8
8
8
8
8
8
8
8
8
8
8
8
9
9
11
11
11
11
11
10
11
11
11
11
15
15
11
15
11
12
13
12
13
14
2
14
14
14
14
14
16
16
14
14
14
14
15
15
15
15
15
15
15
15
15
20
15
15
15
14
15
16
16
16
16
16
16
16
21
16
16
15
15
21
15
15
17
17
17
17
17
17
17
18
15
18
20
20
15
19
19
19
19
15
19
19
20
19
19
25
18
25
20
20
20
20
20
21
15
21
20
21
20
21
22
21
21
22
22
22
22
22
20
22
22
22
22
22
22
22
21
22
22
22
22
22
23
20
23
23
23
20
23
23
23
23
23
23
23
23
24
24
24
24
24
24
24
24
24
24
24
24
24
24
24
24
24
24
24
24
24
24
24
24
24
24
24
24
24
24
25
25
25
25
25
25
25
25
25
25
25
25
25
25
25
25
25
25
25
25
25
25
26
26
26
25
26
26
26
26
26
26
27
27
27
29
29
27
28
28
28
28
28
28
28
28
28
28
58
29
31
29
29
58
29
30
29
30
58
58
29
30
30
58
58
29
30
28
28
28
31
28
28
28
28
8
8
33
33
33
34
34
34
35
35
33
35
36
38
38
35
36
36
38
38
38
38
38
38
38
38
39
39
36
39
39
41
39
42
40
40
40
41
41
42
41
41
41
41
41
42
41
42
41
42
42
42
42
42
42
42
42
43
43
43
43
43
43
43
43
43
46
52
43
52
45
44
44
44
44
49
44
44
44
45
52
46
46
46
46
46
46
46
52
47
45
48
45
45
51
49
49
49
49
49
49
50
49
49
75
75
49
49
51
50
50
51
51
51
52
52
52
52
55
52
53
53
53
53
49
53
53
49
54
49
55
55
58
56
56
56
56
56
56
56
64
57
57
57
62
57
58
58
58
58
58
58
58
58
58
59
59
59
60
31
60
60
59
61
37
61
67
61
61
61
61
61
61
61
67
68
61
62
62
62
62
63
58
58
63
63
63
63
62
64
64
64
64
64
65
65
62
65
65
65
65
66
66
65
65
66
66
65
66
70
65
67
67
67
63
63
63
63
67
68
67
67
67
70
70
67
71
67
71
68
68
68
68
68
69
69
68
69
69
69
69
69
69
69
69
44
44
70
70
70
70
70
70
70
72
71
71
71
71
70
70
70
71
71
71
71
71
71
73
71
72
72
72
72
72
75
75
71
73
73
73
73
49
49
75
72
74
72
72
75
75
75
75
75
75
76
76
76
76
76
10
53
72
58
1
3
5
22
22
21
19
19
25
18
25
14
13
6
3
3
22
22
22
22
22
28
28
28
28
46
49
43
45
42
40
37
61
68
68
66
63
56
37
37
38
38
38
36
40
41
40
36
36
23
27
27
27
27
27
27
27
24
28
28
28
7
29
29
50
31
32
35
35
35
60
59
59
60
60
60
58
59
29
30
33
34
31
31
29
29
29
30
69
31
35
26
8
8
69
69
61
58
28
29
29
31
27
58
58
38
22
37
42
76
62
