1
2
1
1
1
1
1
2
2
2
1
2
2
2
2
2
2
2
2
2
2
2
2
2
2
1
1
1
1
1
2
4
4
77
77
77
77
77
77
77
4
4
4
77
77
77
77
77
3
3
4
3
3
4
14
14
14
4
4
4
4
4
5
5
5
5
5
5
5
5
5
5
5
5
5
5
3
3
6
3
3
3
6
3
3
3
3
3
6
6
6
6
6
6
6
6
7
6
6
7
7
7
6
6
7
6
7
7
7
7
7
7
7
7
7
7
7
7
7
7
7
7
7
7
8
8
8
8
7
8
8
8
8
8
8
8
8
8
8
8
8
8
8
9
9
9
10
10
10
10
10
11
10
12
12
11
11
11
11
12
13
13
12
13
13
13
14
14
14
14
14
14
16
14
14
14
14
15
15
15
15
15
15
15
15
15
15
15
15
19
15
16
14
16
16
16
16
16
16
16
16
16
16
21
16
15
17
17
76
76
17
17
17
17
17
17
18
19
19
15
19
19
19
19
15
15
19
20
20
19
19
19
19
20
20
20
20
20
5
21
21
21
21
21
21
21
22
22
22
22
22
22
22
20
22
20
22
22
22
22
22
22
22
22
24
22
22
22
22
22
22
22
23
20
20
23
23
23
23
25
23
24
22
24
24
24
24
22
24
24
24
24
24
24
24
24
24
24
24
24
24
24
24
24
24
24
24
24
24
24
24
25
25
25
25
25
25
25
25
25
25
25
25
25
25
25
25
25
25
25
25
25
25
27
26
26
26
25
25
29
29
27
29
27
27
27
27
27
27
8
8
28
28
28
28
31
31
31
31
29
29
30
29
30
29
30
30
30
30
30
30
30
30
30
30
30
29
30
31
31
31
31
31
31
31
31
8
8
33
33
34
34
35
34
34
35
35
38
38
38
38
38
38
38
38
38
38
38
38
38
38
38
39
39
39
38
39
39
39
40
40
40
40
42
41
42
42
41
42
42
42
42
41
42
42
42
42
40
42
42
42
42
42
43
42
43
43
43
43
52
43
43
43
43
43
52
44
44
44
44
44
44
44
44
47
43
52
52
46
52
46
43
46
46
52
47
48
47
51
46
46
49
49
49
49
73
49
49
49
49
49
49
49
50
50
50
50
52
52
51
52
52
52
52
55
52
53
49
53
53
49
53
53
53
55
54
55
55
30
56
56
56
56
56
56
56
64
57
30
57
58
57
58
58
30
58
58
58
58
58
59
59
59
60
60
31
60
31
59
61
38
68
59
59
61
61
61
63
67
61
61
61
68
58
62
62
65
63
63
63
63
63
63
63
64
64
64
64
64
64
64
65
64
65
65
65
65
65
63
65
65
66
66
70
70
66
70
67
61
67
67
63
67
61
61
67
67
61
67
63
67
67
71
71
71
61
68
68
68
71
68
71
71
69
69
42
42
69
69
71
69
69
69
70
65
70
70
70
70
70
71
71
71
71
71
71
71
71
71
71
71
71
71
71
71
71
72
72
72
72
72
75
72
71
73
71
71
73
73
73
75
72
72
74
74
75
75
75
75
75
75
76
76
76
76
76
10
53
74
30
2
3
4
22
22
21
20
25
25
25
25
15
14
6
3
3
22
22
22
22
7
31
8
28
31
52
49
43
45
69
40
68
68
68
68
66
63
56
38
37
38
38
38
39
40
42
39
38
36
23
27
27
27
27
27
27
27
28
28
28
31
8
30
30
51
32
32
35
35
38
60
60
60
60
34
60
58
59
30
30
35
34
31
31
30
30
30
30
69
31
35
25
8
7
44
40
59
58
31
29
30
31
28
29
30
38
5
68
42
76
64
