1
1
1
1
1
1
1
1
2
2
2
2
2
14
14
2
2
2
2
13
14
2
2
4
4
77
77
77
77
1
4
1
1
77
77
77
77
77
77
77
77
4
4
3
3
77
77
3
77
3
4
3
3
4
14
4
4
4
4
14
14
14
4
5
5
5
5
5
5
5
5
5
22
5
5
22
6
5
5
6
3
3
6
3
6
6
6
3
6
6
3
6
6
6
5
5
5
6
6
7
6
6
6
7
6
7
7
7
7
7
7
7
7
7
7
7
22
7
7
7
7
7
7
7
7
8
8
8
7
8
8
8
8
8
8
8
8
8
8
8
8
8
8
9
9
9
10
10
10
10
10
10
10
10
11
11
15
11
11
12
12
12
14
14
14
13
4
14
16
14
14
14
16
16
14
16
14
15
15
15
15
15
17
15
15
15
15
15
15
15
14
16
16
16
16
16
5
16
16
21
16
16
20
20
21
17
15
17
17
17
76
17
17
17
17
19
19
20
19
15
19
15
15
15
15
19
19
20
19
19
19
19
19
20
20
20
20
20
21
20
21
22
21
21
21
21
21
21
21
21
22
22
22
22
22
20
22
21
21
21
22
22
22
22
22
22
22
22
22
23
23
22
22
23
23
23
23
23
23
23
23
24
24
24
24
24
24
24
24
24
24
24
24
24
24
24
24
24
24
24
24
24
24
24
24
24
24
24
24
24
24
25
25
25
18
25
25
25
26
25
25
25
25
25
25
25
25
25
25
25
25
25
25
26
26
25
25
26
25
26
26
26
26
26
27
27
27
27
27
28
28
28
28
8
28
28
28
28
28
30
29
29
29
30
30
30
30
29
30
30
30
28
30
30
57
57
30
30
31
28
28
28
28
31
28
28
32
32
32
33
35
34
35
34
34
35
35
35
38
38
38
38
36
36
38
38
38
38
38
37
38
38
39
39
36
39
39
39
39
40
40
40
40
41
41
41
41
41
42
42
42
41
41
42
42
42
42
42
42
42
42
42
43
42
43
43
43
43
43
46
43
43
46
43
43
46
44
44
44
44
44
49
44
44
44
48
46
46
48
46
46
46
48
48
46
44
48
47
48
48
48
49
44
49
49
49
49
49
49
49
49
49
49
49
50
50
50
51
48
50
52
51
52
52
52
52
53
53
53
53
53
54
53
54
51
54
55
51
56
56
56
56
56
56
56
56
56
57
57
57
58
57
58
30
30
58
58
58
58
58
61
58
59
60
60
59
31
59
59
61
61
61
67
61
61
61
61
67
67
61
67
67
61
63
62
62
63
67
63
63
63
63
63
63
64
64
64
64
64
70
70
65
64
64
65
65
70
66
66
65
65
66
67
66
66
71
70
67
61
61
67
63
67
67
67
67
71
67
67
67
67
71
71
71
71
61
68
68
67
68
68
71
71
69
69
42
69
69
44
44
69
69
44
70
70
70
70
70
70
70
70
71
71
71
71
70
70
70
70
71
71
71
71
71
73
71
72
73
72
72
72
72
72
71
73
71
71
73
73
72
75
75
75
74
74
75
75
75
53
53
75
76
76
76
76
76
10
53
75
57
2
3
4
22
22
21
23
25
25
19
18
14
13
6
3
3
22
22
22
22
22
28
28
28
28
46
71
43
45
42
40
68
61
68
67
67
63
56
61
37
38
38
38
36
39
41
39
36
36
23
23
23
27
27
27
27
27
28
28
28
28
8
29
30
51
32
8
35
35
38
59
60
60
60
34
60
58
59
28
30
35
34
28
31
29
29
29
29
69
31
35
26
8
24
44
42
61
58
28
29
29
31
27
30
30
38
22
68
42
76
64
