1
1
1
1
1
1
1
1
1
2
2
2
2
13
2
2
2
2
2
2
13
2
2
2
4
77
77
77
77
1
4
4
4
77
77
77
77
77
77
77
77
4
4
4
77
77
3
3
3
3
5
3
3
14
14
14
14
14
4
4
4
4
5
5
5
5
5
5
5
5
5
5
5
5
5
5
6
3
5
5
6
3
6
6
6
5
5
6
6
6
6
6
6
6
5
7
7
6
6
7
6
7
6
6
6
6
7
7
7
7
7
6
7
7
7
7
7
7
7
7
7
7
7
7
7
7
8
8
8
8
8
8
8
8
8
8
8
8
8
8
8
8
8
9
9
12
10
12
10
10
10
10
10
12
11
10
15
11
12
12
12
13
12
13
12
13
14
14
14
14
14
15
14
14
14
16
16
15
15
15
15
15
15
15
15
15
15
15
15
15
15
16
16
16
16
16
16
5
21
16
16
16
15
16
16
15
18
17
17
17
76
17
17
17
18
18
18
20
19
19
19
19
19
19
19
19
19
20
25
19
19
19
19
16
20
20
20
20
21
21
16
21
21
21
21
21
5
22
22
21
22
22
22
20
20
20
20
22
22
22
22
22
22
22
22
24
22
22
20
22
22
22
22
25
23
22
23
23
23
23
23
24
24
24
22
22
24
24
24
24
24
24
24
24
24
24
24
24
24
24
24
24
23
24
24
24
24
28
24
24
24
19
19
25
25
25
25
25
25
25
25
25
25
25
23
23
25
25
25
25
25
25
26
26
23
23
25
26
23
23
26
26
26
27
27
27
27
29
27
8
28
28
28
28
28
28
28
28
28
29
29
30
29
29
29
30
30
30
30
30
30
30
30
30
30
56
30
30
31
31
31
31
28
31
28
31
8
8
32
33
33
60
34
34
37
33
34
35
38
35
38
35
36
38
38
38
38
38
38
37
38
38
39
39
36
39
39
41
39
41
41
41
40
39
41
41
41
41
41
39
41
41
42
42
42
41
42
41
42
42
42
42
42
42
43
43
43
43
43
43
43
43
46
46
43
46
43
47
44
44
44
50
44
44
47
43
46
46
48
48
46
46
48
48
48
47
48
47
48
48
48
50
47
50
49
73
49
49
49
49
49
49
53
49
50
50
50
52
51
50
48
52
52
52
52
52
49
53
53
53
53
53
53
53
54
50
55
51
56
56
56
56
56
56
56
64
64
58
57
57
62
62
30
56
58
58
58
58
58
58
58
30
59
59
31
31
31
31
58
61
37
61
59
59
61
61
58
58
61
61
61
61
61
62
62
62
63
58
63
63
63
58
63
63
64
56
64
64
64
64
64
63
62
65
65
65
65
66
63
66
63
65
66
65
65
70
65
67
61
67
67
66
67
67
67
67
67
66
67
66
66
66
67
66
70
68
68
68
67
67
68
68
68
69
69
69
69
69
71
71
69
69
43
70
70
70
70
70
70
71
71
71
71
66
70
70
70
71
71
71
71
71
71
71
71
49
72
72
72
72
72
72
72
73
73
73
73
72
73
73
73
74
74
74
74
73
75
75
75
53
49
76
76
76
76
76
76
53
75
56
2
3
5
22
24
16
22
25
25
19
19
15
12
5
5
3
22
22
22
22
7
28
24
28
28
48
49
43
45
42
40
68
61
68
67
66
63
56
37
37
38
38
38
38
40
41
40
36
35
24
23
26
27
28
28
27
27
28
28
28
28
8
27
29
51
32
8
35
35
38
60
60
60
60
60
31
30
60
30
30
33
34
31
30
30
29
30
29
69
28
35
23
7
24
44
69
59
63
28
29
29
31
29
30
56
40
5
68
42
76
56
