1
1
1
1
1
1
1
1
1
1
1
2
2
2
2
2
2
2
2
2
2
2
2
4
2
77
77
77
77
4
2
4
4
77
4
77
4
77
77
77
77
77
4
77
3
77
77
77
3
3
3
3
3
4
14
13
13
4
4
4
14
5
4
5
5
5
5
5
5
5
5
5
5
5
5
22
6
3
5
6
3
3
6
3
6
6
5
6
6
6
6
7
6
6
6
5
5
7
6
7
7
7
6
6
6
7
7
7
6
7
7
7
7
7
7
7
7
7
7
7
7
7
7
7
7
8
7
8
8
8
8
8
8
8
8
8
8
8
8
8
8
8
7
9
9
9
15
10
10
10
10
10
10
11
15
15
11
11
15
12
12
12
12
13
13
13
14
14
16
14
14
14
14
16
14
16
14
15
15
15
15
15
15
15
15
15
15
14
15
15
14
14
16
16
16
16
16
16
21
16
16
16
16
16
16
17
17
17
17
17
76
17
17
17
18
15
18
15
15
19
15
19
19
19
19
19
19
19
20
19
25
19
19
20
20
20
20
20
21
20
21
21
21
22
21
21
21
22
21
22
22
22
22
22
20
20
20
20
22
22
22
22
22
22
22
22
23
23
20
23
23
23
23
23
25
25
25
23
23
23
23
24
24
24
24
24
24
24
24
24
24
24
24
24
24
24
24
24
24
24
24
24
24
23
24
24
24
24
24
24
24
25
25
25
25
25
25
25
25
25
25
25
25
25
25
25
25
25
25
25
25
25
26
23
26
26
25
26
26
27
27
27
26
27
27
27
27
27
27
8
24
28
28
28
28
28
28
28
28
29
29
31
29
30
29
30
30
30
30
30
31
31
30
56
56
56
30
56
31
28
28
28
28
28
28
28
32
32
32
33
33
34
35
34
34
35
35
35
36
38
38
36
36
36
38
38
38
38
38
38
38
38
39
39
39
38
39
39
39
41
40
40
42
41
41
41
41
41
41
41
42
42
41
42
41
42
42
42
42
42
42
42
42
43
42
43
43
43
43
43
43
43
43
43
43
43
44
44
44
44
44
47
47
44
47
45
46
46
46
46
46
46
46
46
46
47
48
48
48
46
46
49
47
49
49
49
50
50
50
49
73
49
49
49
50
50
50
51
51
51
46
52
52
52
52
52
53
53
75
75
53
49
53
49
54
49
55
55
56
56
56
56
56
56
56
64
64
57
56
57
58
57
59
59
58
58
58
58
59
59
58
59
59
59
60
31
59
60
61
61
61
37
61
61
61
67
61
67
67
61
61
61
61
63
62
62
63
67
58
58
58
63
63
63
64
64
64
64
64
64
64
63
65
65
65
65
65
66
66
66
63
66
66
63
65
66
66
61
61
61
61
67
67
67
61
67
67
67
67
66
67
71
71
71
67
68
67
68
68
68
69
71
71
69
69
69
69
69
71
69
69
44
45
70
70
70
70
70
70
70
72
71
71
71
70
70
71
71
71
69
71
71
71
71
71
71
72
72
72
72
72
75
72
73
71
73
73
73
49
73
73
72
74
74
74
73
75
75
75
75
75
76
76
76
76
76
10
53
75
56
2
3
4
22
22
16
23
25
25
18
25
14
13
5
6
3
22
22
22
7
7
28
28
28
28
46
73
43
45
42
40
37
68
68
67
67
63
56
37
37
38
38
38
38
40
42
39
36
36
23
23
23
27
27
27
27
27
24
28
28
28
8
29
29
51
32
32
35
35
38
59
60
60
37
37
60
59
59
31
59
33
60
31
31
30
31
30
31
69
31
35
23
7
8
44
69
61
58
28
29
31
31
29
56
59
38
5
37
42
76
64
