1
2
1
1
1
1
1
1
1
2
1
2
2
4
2
2
2
2
2
4
4
2
2
2
2
77
77
77
77
4
4
4
4
77
77
77
77
77
77
77
77
77
4
3
3
3
3
3
3
3
4
5
3
4
4
4
4
4
4
4
16
16
4
5
5
16
5
5
5
5
5
5
5
5
5
5
5
5
5
6
5
5
6
5
6
6
5
6
6
6
6
6
6
6
6
5
5
6
6
6
7
6
6
6
7
7
6
7
7
7
7
7
7
7
7
5
7
7
7
7
7
7
7
7
7
8
8
8
8
8
8
8
8
8
8
8
8
8
8
8
8
8
8
9
9
9
10
10
10
10
10
10
10
15
11
15
15
15
15
12
12
12
13
13
13
13
14
13
14
13
14
20
16
14
14
16
14
15
15
15
15
15
15
15
15
20
15
20
15
15
15
20
16
16
16
16
16
16
16
16
16
16
16
16
16
15
15
15
17
17
17
17
17
18
17
17
18
20
15
15
19
19
19
19
19
20
19
20
20
20
20
19
19
20
20
20
20
20
21
20
21
21
21
21
21
21
21
22
22
22
22
22
22
22
20
20
22
22
22
22
22
22
22
22
22
22
22
22
22
23
23
20
20
23
23
20
20
23
20
20
23
24
24
24
24
24
24
24
24
24
24
24
24
24
24
24
24
24
24
24
24
24
24
24
24
24
24
24
24
24
24
25
25
25
18
25
25
25
25
25
25
25
25
25
25
25
25
25
25
25
25
25
25
28
29
26
26
26
29
29
29
29
29
28
27
27
28
28
27
28
28
28
28
28
28
28
28
28
28
29
29
29
29
29
29
29
30
29
30
30
29
29
30
30
30
30
29
30
31
31
31
28
31
31
31
31
32
8
32
33
28
34
34
34
35
35
35
35
36
35
35
36
36
36
38
38
38
38
38
38
38
38
39
39
36
39
39
39
39
40
40
40
40
41
39
41
41
41
41
41
41
41
41
42
42
42
42
42
42
42
42
42
42
42
43
43
43
43
43
43
43
46
46
46
43
46
44
47
44
44
44
44
44
44
47
46
52
52
46
46
46
46
46
46
52
47
48
47
48
48
46
49
47
50
49
73
49
50
49
49
73
49
49
49
50
50
50
51
51
51
52
52
52
52
52
52
53
49
75
53
53
53
53
53
54
54
55
51
56
56
56
56
56
56
56
64
56
57
57
57
57
57
28
29
58
58
58
58
28
58
58
59
59
59
60
59
59
59
63
63
59
59
59
61
61
63
63
63
63
63
61
61
61
63
62
62
63
63
63
63
63
63
63
63
64
64
64
64
64
64
64
65
65
65
65
65
65
63
63
63
63
63
66
63
63
66
63
67
61
67
63
63
63
67
61
67
67
67
67
63
67
67
67
71
67
68
68
59
68
59
59
59
59
69
69
69
69
69
69
69
69
69
44
70
70
70
70
70
70
70
71
71
71
71
71
70
71
71
71
71
73
71
71
71
73
71
72
72
72
72
72
72
72
73
73
73
73
73
73
73
73
74
74
74
74
73
75
75
75
75
75
76
76
76
76
76
10
53
75
29
1
3
4
22
22
21
20
25
25
19
18
20
13
5
6
5
22
22
22
5
7
28
28
28
28
52
49
46
45
69
40
59
61
59
67
63
63
56
37
37
38
38
38
36
37
41
39
36
36
23
23
28
27
27
28
27
27
28
28
28
28
8
29
29
51
32
32
35
35
35
59
59
60
60
60
59
28
59
31
30
33
34
31
31
29
29
29
29
69
28
35
23
8
24
44
69
59
58
29
29
29
28
29
29
29
38
5
59
42
76
56
