1
2
1
1
1
1
1
1
1
2
1
2
2
2
2
2
2
2
2
2
13
2
2
2
2
1
1
1
1
1
2
4
4
77
77
77
77
3
3
77
77
4
4
3
3
77
77
77
3
3
4
4
3
4
4
2
14
4
4
5
14
14
5
5
5
5
5
5
5
5
5
5
5
5
5
5
4
4
4
3
3
3
6
3
3
5
5
6
6
6
5
5
5
5
5
3
5
5
7
7
5
5
6
6
6
7
5
7
6
7
7
7
7
7
7
7
7
7
7
7
7
7
8
8
7
8
7
8
7
8
8
8
8
8
8
8
8
8
8
8
8
8
8
9
9
11
10
11
10
10
11
10
11
11
10
11
11
11
11
11
11
12
11
13
13
2
14
14
14
14
14
14
16
16
16
16
14
14
11
15
15
15
15
15
15
14
15
16
15
19
14
16
16
16
16
21
16
16
16
21
16
16
16
16
16
17
19
17
17
76
17
17
17
17
19
19
18
16
16
16
19
19
19
19
19
19
19
20
19
19
19
19
19
16
20
20
19
20
21
21
21
21
21
21
21
22
21
21
22
22
22
22
22
22
20
20
22
22
22
22
22
22
22
24
22
24
22
22
20
22
22
22
20
20
20
22
22
23
20
20
23
24
24
24
24
24
24
22
24
24
24
24
24
24
24
24
24
24
24
24
24
24
24
24
24
24
24
24
24
24
24
25
25
25
19
25
25
25
25
25
25
25
25
25
25
25
25
25
25
25
25
25
25
26
25
25
25
25
27
27
26
27
27
27
27
27
27
27
25
8
8
28
28
8
28
31
31
31
31
29
29
31
29
29
29
30
30
30
30
30
31
31
30
30
30
58
29
30
31
31
31
31
31
31
28
31
32
32
33
33
34
58
34
38
38
33
35
33
33
38
35
33
36
33
38
38
38
38
38
38
38
40
39
39
36
38
38
41
39
40
40
40
42
42
41
41
41
41
42
42
42
42
41
42
42
42
42
40
42
42
42
42
42
43
42
43
43
43
43
43
43
43
46
46
43
43
44
44
44
44
44
49
44
44
44
43
43
43
46
46
43
46
46
46
46
47
48
46
46
46
46
49
49
49
49
49
50
50
49
49
73
73
49
49
50
50
50
51
51
51
43
51
43
43
52
52
53
49
53
53
49
53
53
53
54
55
55
55
58
58
56
58
56
56
56
56
64
58
57
57
57
57
58
58
58
58
58
58
58
58
61
58
59
59
60
31
59
60
58
58
58
61
61
58
61
61
61
58
61
61
61
68
68
62
62
62
62
58
58
62
63
63
62
62
65
64
64
64
64
62
62
62
65
65
65
70
65
63
62
63
63
66
66
70
70
66
70
68
61
67
67
67
67
67
67
68
67
67
67
67
66
67
71
71
71
68
68
69
68
68
68
71
71
69
69
42
69
69
71
71
44
69
43
70
65
65
70
70
72
71
72
71
71
71
71
71
71
71
71
71
71
71
71
71
73
71
72
72
72
72
72
72
72
73
73
73
71
72
73
72
73
74
74
75
75
75
72
72
75
75
75
76
76
76
76
76
76
53
75
58
2
3
5
22
22
21
20
19
25
19
19
16
13
3
6
3
22
22
22
22
7
31
8
31
31
46
49
43
45
42
40
69
68
68
71
63
63
56
38
37
38
38
38
36
40
41
40
36
36
23
27
26
27
27
27
25
28
27
28
28
31
8
25
25
52
33
8
35
33
38
60
60
59
58
34
60
31
59
31
30
33
34
31
31
29
29
29
30
69
31
35
20
8
22
44
40
58
58
28
25
29
31
31
29
58
38
5
61
42
76
62
