1
1
1
1
1
1
1
1
1
1
1
2
2
2
2
2
2
2
2
2
13
2
2
2
2
77
77
77
77
77
77
77
4
77
77
77
77
77
77
77
4
4
4
4
3
3
3
3
3
5
4
5
3
4
4
4
2
4
4
4
4
4
5
5
5
5
5
5
5
5
5
5
5
5
5
5
5
5
5
5
5
3
6
3
3
6
6
6
6
6
6
6
7
6
6
5
5
5
7
7
7
6
6
6
6
6
6
7
7
7
7
7
7
7
7
7
7
7
7
7
7
7
7
8
7
8
7
8
8
8
8
8
8
8
8
8
8
8
8
8
8
8
8
9
9
9
10
10
10
10
10
10
10
11
10
15
11
11
15
12
12
13
14
13
13
13
14
14
14
14
14
16
14
16
14
16
14
15
15
15
15
15
15
15
15
15
15
15
15
15
16
16
16
16
16
16
16
5
16
16
16
16
16
16
16
17
17
17
76
76
17
17
17
17
17
17
18
19
19
19
19
15
19
19
19
19
20
20
20
19
19
19
19
20
20
20
20
20
21
21
21
21
21
21
21
21
21
22
22
22
22
22
22
22
22
22
22
22
22
22
22
22
22
22
22
22
22
22
22
24
23
22
22
23
23
23
22
23
22
23
23
24
24
24
24
24
24
24
24
24
24
24
24
24
24
24
24
24
24
24
24
24
24
27
24
24
24
24
28
24
28
19
25
25
25
25
25
20
25
20
25
25
25
25
25
25
25
25
25
25
25
25
25
23
26
23
26
26
23
26
23
29
26
23
27
29
29
29
28
28
28
28
28
28
28
28
28
28
28
29
30
29
29
30
29
30
29
30
31
31
30
29
30
30
56
56
56
56
31
31
31
28
28
31
28
31
8
8
33
28
28
34
34
34
34
35
35
38
35
38
35
38
38
35
38
38
38
38
38
38
38
40
39
39
39
38
38
39
41
40
40
40
69
41
41
40
41
41
41
41
42
41
41
42
42
42
42
42
42
42
42
42
43
42
42
43
43
43
43
43
43
43
46
43
46
43
44
44
69
44
44
44
44
44
44
45
46
46
46
46
46
46
46
46
46
47
45
45
47
48
51
49
49
49
49
49
50
49
50
49
49
49
49
49
50
50
50
51
51
51
52
52
52
52
52
52
54
49
75
53
53
53
53
54
54
54
55
55
56
56
56
56
56
56
64
64
56
57
56
57
57
57
58
58
56
58
58
58
62
58
62
58
59
59
60
31
31
60
58
61
61
61
61
61
61
61
61
61
61
61
67
61
61
62
62
62
62
63
63
62
63
63
63
63
64
64
64
64
64
64
64
66
65
65
65
65
70
66
63
66
65
66
66
66
70
66
70
67
67
67
61
63
63
63
63
67
67
67
67
67
66
67
68
71
71
67
67
71
68
68
71
71
68
69
69
42
69
69
69
44
69
69
44
70
70
70
70
70
70
70
70
71
71
71
71
71
71
71
71
71
71
71
71
71
71
71
72
72
72
72
72
72
72
49
71
73
73
73
49
73
73
74
74
74
74
72
75
72
75
75
75
76
76
76
76
76
10
53
72
56
2
3
4
22
22
21
20
20
26
19
25
15
13
5
6
3
22
22
22
7
7
28
28
28
28
46
49
43
45
42
40
69
61
61
67
63
63
56
61
37
38
38
38
38
40
41
38
39
36
23
27
27
27
27
28
27
28
28
28
28
28
8
29
30
51
32
8
35
35
35
59
60
60
60
60
60
31
59
29
31
28
34
31
31
29
29
29
30
42
28
35
23
8
24
44
69
59
62
28
29
30
31
29
29
31
38
5
61
42
76
56
