1
1
1
1
1
1
1
1
1
1
1
2
2
2
2
2
2
2
2
2
2
2
2
2
2
77
77
77
77
77
2
2
77
77
77
77
77
77
77
77
77
77
4
3
3
3
3
3
3
3
4
5
3
4
4
4
4
4
4
4
4
4
4
5
5
5
5
5
5
5
5
5
5
5
5
5
5
5
5
5
5
6
6
3
5
5
6
6
6
6
6
6
7
7
6
6
5
7
7
7
6
6
6
6
6
6
7
7
7
7
7
7
7
7
7
5
7
7
7
7
7
7
7
7
7
8
8
8
8
8
8
8
8
8
8
8
8
8
8
8
8
28
8
9
9
9
10
10
10
10
10
10
10
11
12
15
15
12
12
12
12
12
12
13
13
13
14
14
14
14
14
14
14
16
14
14
4
15
15
15
15
15
15
15
15
15
15
20
15
15
16
16
16
16
16
16
16
16
16
16
16
16
16
16
16
17
15
17
17
17
17
17
17
17
17
17
18
20
20
15
19
19
19
19
19
19
19
20
19
19
19
19
19
20
20
20
20
20
21
21
21
21
21
21
21
21
21
22
22
22
22
22
22
20
20
22
22
22
22
22
22
22
22
22
22
22
22
22
22
23
23
23
23
23
23
23
23
24
23
23
23
24
24
24
24
24
24
24
24
24
24
24
24
24
24
24
24
24
24
24
24
24
24
28
24
24
24
24
24
24
24
25
25
25
18
25
25
25
25
25
25
25
25
25
25
25
25
25
25
25
25
25
25
23
26
25
25
25
25
26
26
27
25
27
27
27
27
27
27
28
28
28
28
28
28
28
28
28
28
29
29
29
29
29
29
30
30
30
58
58
30
58
30
30
30
30
30
30
31
31
31
28
28
28
31
28
32
32
32
33
33
34
35
34
34
35
35
35
36
35
35
36
38
38
38
38
39
38
38
38
38
38
39
39
39
39
39
39
39
40
40
40
40
41
41
40
41
41
41
41
41
41
41
42
42
42
42
42
42
42
42
42
42
43
43
43
43
43
43
43
43
43
46
46
43
46
44
45
44
44
44
44
44
47
44
46
46
46
46
46
46
46
46
46
46
47
48
48
48
48
46
49
47
49
49
49
50
50
50
49
73
49
49
49
50
50
50
51
51
51
52
52
52
52
52
52
53
49
75
53
53
53
53
53
54
50
55
55
56
56
56
56
56
56
64
64
56
57
57
57
57
57
58
58
58
58
58
58
58
58
58
59
59
59
60
59
59
59
58
61
37
61
61
61
61
61
61
63
61
61
61
68
61
62
62
62
62
63
63
58
58
63
63
62
64
64
64
64
64
64
64
65
62
65
65
65
65
66
62
62
65
66
66
66
66
70
70
67
61
67
67
63
67
67
67
67
67
70
67
67
70
70
67
67
70
68
68
69
68
68
69
69
68
69
69
69
69
69
69
69
69
69
69
70
70
70
70
70
70
70
70
71
71
71
71
70
71
71
71
71
71
71
71
71
73
71
72
72
72
72
72
75
72
73
73
73
73
72
73
73
73
74
74
74
74
73
75
75
75
75
75
76
76
76
76
76
10
53
75
30
1
3
4
22
22
21
20
25
25
18
18
20
13
6
6
3
22
22
22
7
7
28
28
28
28
52
49
43
45
69
40
69
37
68
67
63
63
56
37
37
38
38
38
39
40
41
39
36
36
23
23
27
28
28
28
27
28
28
28
28
28
8
27
29
51
32
28
35
35
35
59
60
60
60
60
60
58
59
29
30
33
34
31
31
29
29
29
30
69
28
35
23
8
24
44
69
61
58
28
29
29
31
29
29
58
38
5
37
42
76
62
