1
1
1
1
1
1
1
1
1
2
1
2
2
2
2
2
2
2
2
4
2
2
2
2
2
77
77
77
77
1
2
77
77
77
77
77
77
77
77
77
4
4
4
4
4
4
3
4
3
3
5
5
3
4
14
4
4
4
4
14
14
4
4
5
5
5
5
5
5
5
5
5
5
5
5
5
3
5
6
3
3
3
6
3
6
3
6
6
6
6
6
6
6
7
6
6
6
6
7
7
7
6
6
7
6
6
6
7
7
7
7
7
7
7
7
7
7
7
7
7
7
7
7
7
7
8
8
8
8
8
8
8
8
8
8
8
8
8
8
8
8
8
8
9
9
9
10
10
10
10
10
10
10
11
11
10
11
12
11
11
12
12
12
13
13
13
14
13
13
14
14
14
14
14
14
14
14
15
15
15
15
15
15
15
15
15
19
15
15
15
14
16
16
16
16
16
16
16
16
16
16
16
16
16
16
17
17
17
17
17
76
17
17
17
17
17
18
20
19
19
17
15
19
19
19
19
19
20
20
19
19
25
19
20
20
20
20
20
21
21
21
21
21
21
21
5
5
22
22
21
22
22
22
22
22
20
22
22
22
22
22
22
22
22
22
22
23
22
22
22
23
22
20
20
20
22
22
23
22
22
23
24
24
24
24
24
24
24
24
24
24
24
24
24
24
24
24
24
24
24
24
24
24
24
24
24
24
24
24
24
24
25
25
25
25
25
25
25
25
25
25
25
25
25
25
25
25
25
25
25
25
25
25
27
26
26
26
26
27
26
27
27
27
27
27
27
27
27
27
8
28
28
31
28
28
31
28
31
28
29
29
29
29
29
29
30
30
30
30
30
30
30
30
30
30
30
29
30
31
31
31
31
31
31
31
31
8
32
32
35
33
34
34
34
34
35
35
35
38
38
38
36
36
38
38
38
38
38
38
38
38
40
39
39
36
38
39
41
39
41
40
40
42
41
41
41
41
41
42
41
42
41
41
42
42
42
42
42
42
42
42
42
43
43
43
43
43
43
43
43
43
43
43
43
43
43
44
44
44
44
44
44
44
44
44
46
46
46
46
46
46
46
46
46
46
44
48
48
47
51
46
44
44
49
49
49
49
49
49
49
49
49
49
49
51
50
49
46
51
51
52
52
51
52
52
51
53
53
53
53
54
54
54
54
54
54
55
51
57
56
56
57
56
56
56
64
56
57
57
57
57
57
58
58
30
58
58
58
58
58
58
59
59
59
60
31
60
60
58
59
61
61
59
59
59
61
61
61
61
61
61
61
61
62
62
62
62
63
58
62
63
63
65
65
65
64
64
64
64
64
64
65
65
65
65
70
65
66
63
65
65
66
66
66
70
66
70
67
61
67
61
63
63
67
61
67
67
67
67
67
66
67
67
67
67
61
67
68
68
68
69
71
67
69
69
69
69
44
44
71
44
69
69
70
65
65
65
70
70
71
72
71
71
71
71
71
71
71
71
71
71
71
71
71
71
49
72
72
72
72
72
72
72
73
73
73
73
72
73
73
73
75
75
74
74
49
75
72
75
75
75
76
76
76
76
76
10
53
75
30
2
3
4
22
22
21
20
25
25
17
25
14
13
6
6
3
22
22
22
7
7
28
8
28
28
46
49
46
45
42
40
68
67
67
67
63
63
56
38
37
38
38
38
36
40
41
39
36
36
23
27
27
27
27
27
27
27
28
31
28
31
8
27
29
51
33
8
38
38
38
60
60
60
38
60
60
59
59
30
58
35
34
30
31
30
29
30
30
69
8
35
23
8
24
44
69
59
58
31
25
29
31
27
29
58
38
5
61
42
76
64
