1
2
1
1
1
1
1
1
1
1
1
2
2
2
2
2
2
2
2
4
13
2
2
4
2
77
77
77
77
77
1
4
77
77
77
77
77
77
77
77
77
77
3
3
3
3
3
3
3
3
3
4
3
4
14
4
4
4
4
4
14
4
4
5
5
16
5
5
5
5
5
5
5
5
5
5
4
6
6
3
3
6
6
3
3
3
6
6
6
6
6
6
7
6
6
5
7
7
6
7
6
6
6
6
6
7
7
7
7
7
7
7
7
7
7
22
7
7
7
7
7
7
7
7
7
8
7
8
8
8
8
8
8
8
8
8
8
8
8
8
8
8
8
9
9
9
12
12
12
10
10
10
10
12
11
11
15
11
15
12
12
12
15
13
13
13
14
14
14
14
14
14
16
16
14
16
14
15
15
15
15
15
15
15
15
15
15
15
15
15
15
16
16
16
16
16
16
16
16
16
16
16
16
16
16
15
17
17
17
17
18
18
18
18
18
18
18
20
19
19
19
19
19
19
20
19
20
20
25
20
20
19
19
20
20
20
20
20
21
20
21
21
21
22
21
21
21
22
22
22
22
22
22
20
20
22
22
22
22
22
22
22
22
22
22
22
22
22
22
23
23
20
20
23
23
23
20
23
20
23
23
24
24
24
24
24
24
24
24
24
24
24
24
24
24
24
24
24
24
24
24
24
24
24
24
28
28
24
24
24
28
25
25
25
18
25
25
25
25
25
25
25
25
25
25
25
25
25
25
25
25
25
25
23
25
25
25
26
26
25
25
25
26
27
27
27
27
29
27
28
28
28
28
28
28
28
28
28
28
29
29
29
29
29
29
58
30
29
29
30
30
30
30
30
58
58
58
58
31
31
28
31
31
28
28
31
28
32
32
33
28
34
35
38
38
35
35
35
36
38
35
36
36
38
38
38
38
38
38
38
38
38
39
39
39
39
39
41
39
40
40
40
40
41
41
39
41
41
41
41
41
41
41
42
42
42
42
40
42
42
42
42
42
43
43
43
43
43
43
43
43
43
46
43
43
46
44
47
44
44
44
44
47
47
44
48
46
48
48
46
46
46
48
48
46
47
48
48
48
48
48
49
47
49
49
49
47
47
47
49
49
49
49
47
47
50
50
51
48
51
52
51
52
52
52
52
53
53
75
75
53
47
53
47
54
47
55
55
56
56
56
56
56
56
56
56
64
58
57
57
57
62
58
58
58
58
58
58
58
58
58
59
58
59
60
31
59
60
58
61
37
61
59
61
61
58
58
58
61
61
61
61
61
62
62
62
63
63
58
63
63
58
63
63
62
64
64
64
64
64
65
65
65
65
65
65
65
63
63
63
65
58
66
70
70
66
70
67
67
67
58
58
58
58
58
67
67
67
67
67
67
71
69
71
67
69
69
69
68
68
69
69
69
69
69
69
69
69
69
69
69
69
69
70
70
70
70
70
70
70
71
71
71
71
71
70
70
71
71
71
71
71
71
71
73
49
72
72
72
72
72
72
72
73
73
73
73
72
73
73
73
75
74
74
74
75
75
75
75
75
75
76
76
76
76
76
10
53
75
58
1
3
4
22
24
21
20
25
25
19
18
15
13
6
6
3
24
8
24
7
8
28
28
28
28
46
49
43
45
42
40
40
69
69
69
58
63
56
37
37
38
38
38
38
40
41
39
36
36
23
23
27
27
27
27
27
27
28
28
28
28
8
29
29
51
28
28
35
35
35
60
60
59
60
60
60
59
59
29
30
33
34
31
31
30
29
29
29
69
28
35
25
8
24
44
69
59
58
28
29
29
31
28
29
30
38
5
61
42
76
62
