1
1
1
1
1
1
1
1
1
1
1
2
2
13
2
2
2
13
2
13
13
2
2
2
2
77
2
2
2
2
2
77
77
77
77
77
77
77
3
77
4
4
4
4
3
77
3
77
77
3
5
3
3
4
4
4
4
4
4
4
14
5
4
5
4
5
5
5
5
5
5
5
5
5
5
5
5
5
5
5
3
6
6
6
3
3
3
3
3
6
6
6
6
6
6
6
5
6
7
7
7
6
6
7
6
7
6
7
7
7
6
7
7
6
6
5
7
7
7
7
7
7
7
7
7
7
8
8
8
8
8
8
8
8
8
8
8
8
8
8
8
8
8
9
9
9
11
10
10
10
10
10
11
14
11
11
14
11
14
10
12
12
14
13
13
14
14
14
14
14
14
16
16
16
14
16
14
15
14
15
14
15
15
15
15
15
15
19
19
19
14
14
16
16
16
16
5
16
16
16
16
16
19
16
16
15
15
15
17
17
76
17
17
17
17
19
18
19
19
19
19
19
19
19
19
19
19
19
19
19
19
25
19
16
22
20
19
20
21
22
21
22
21
22
21
22
5
22
22
21
22
22
22
22
22
22
22
22
22
22
22
24
24
24
24
24
22
20
20
24
24
23
20
20
20
20
23
24
23
20
23
24
24
24
24
24
24
28
24
28
24
24
24
24
24
28
24
28
28
24
28
24
28
28
28
28
28
24
28
24
24
25
25
25
25
25
25
25
25
25
25
25
25
25
25
25
25
25
25
25
25
25
25
23
23
26
26
25
26
23
27
26
26
27
27
27
27
29
27
28
28
28
28
28
28
31
28
31
28
29
25
29
29
29
29
30
30
29
30
30
30
30
29
30
30
30
30
30
31
31
31
59
31
31
31
31
8
32
32
33
33
60
34
34
37
35
35
35
35
38
35
36
36
36
38
38
38
38
38
38
38
38
41
41
36
36
39
39
41
40
40
40
40
41
41
40
40
41
41
41
41
41
41
41
42
42
41
42
42
42
41
42
42
42
42
43
43
43
43
42
43
43
43
46
43
43
44
45
44
44
44
44
44
44
48
45
46
46
46
46
46
43
46
46
46
48
45
47
48
46
46
44
49
49
49
49
50
50
49
49
49
49
53
54
50
50
50
46
51
51
46
51
52
52
52
52
53
53
53
53
53
53
53
53
54
54
55
54
56
56
56
56
56
56
56
64
62
30
57
57
57
57
58
58
30
58
58
58
58
58
61
59
61
59
34
60
60
60
61
61
61
61
61
37
37
61
63
61
61
61
61
68
68
62
62
62
65
63
58
63
58
63
63
63
64
64
64
64
64
64
64
65
62
65
65
65
65
63
63
63
63
65
66
65
65
66
66
61
67
61
67
66
67
61
67
61
67
67
67
67
67
71
71
71
67
61
68
69
68
68
68
44
71
44
69
69
69
44
44
71
44
69
44
70
65
70
70
70
70
70
70
71
71
71
67
70
70
70
70
71
71
71
71
71
73
71
73
72
72
72
72
72
72
73
73
73
73
73
73
73
73
72
74
74
74
75
75
75
75
53
75
76
76
76
76
76
10
53
72
30
1
3
5
22
24
21
20
25
25
19
19
19
14
5
3
3
24
22
24
7
22
28
28
28
28
46
49
43
45
42
40
68
68
68
71
66
63
56
37
37
38
38
38
36
40
41
41
36
36
28
28
27
28
27
28
29
27
28
31
28
31
8
29
25
51
8
8
35
38
38
60
60
59
60
34
60
59
59
30
30
35
34
31
31
30
29
30
29
42
28
35
20
7
24
44
69
37
58
31
25
29
59
29
30
58
38
5
61
42
76
62
