1
1
1
1
1
1
1
1
1
2
1
2
2
2
2
1
1
2
2
4
13
2
2
2
2
77
77
2
2
2
2
4
2
77
77
77
4
4
4
77
4
4
4
4
77
77
77
77
3
3
4
6
3
4
4
4
4
4
4
4
14
14
4
5
5
5
5
5
5
5
5
5
5
5
5
5
6
5
5
5
6
3
3
6
6
6
5
6
6
3
6
7
6
5
5
5
6
6
6
6
7
6
6
6
6
6
6
7
7
7
7
7
7
7
7
22
7
7
7
7
7
7
7
7
7
8
8
8
8
7
8
8
8
7
7
8
8
8
8
8
8
8
8
9
9
10
10
12
10
10
10
10
10
12
11
11
11
11
11
12
12
12
12
13
12
13
14
14
14
14
16
14
14
16
14
16
14
15
15
15
17
15
17
15
15
16
15
15
15
15
16
16
14
16
16
16
16
16
16
16
16
16
16
16
16
17
15
17
17
17
17
17
17
17
19
19
18
19
19
15
19
15
19
19
19
19
19
19
19
19
19
19
19
16
20
20
19
20
21
21
21
22
21
21
21
21
21
22
22
22
22
22
22
22
22
22
22
22
22
22
22
22
22
22
22
22
22
22
22
23
23
20
20
25
20
20
23
23
20
20
23
24
24
24
22
22
24
24
24
24
24
24
24
24
24
24
24
24
24
24
24
24
23
24
31
24
8
8
24
24
8
25
25
25
25
25
25
25
25
25
25
25
25
25
25
25
25
25
25
25
25
25
25
26
26
20
25
25
27
27
26
27
27
27
27
27
27
27
27
8
8
31
31
28
31
31
28
31
28
29
29
31
29
29
29
29
30
30
31
30
31
31
30
30
30
30
29
30
31
31
31
31
31
31
31
31
8
33
33
33
28
34
34
34
38
33
38
33
33
38
38
36
38
38
38
38
38
38
38
38
38
38
39
39
36
38
38
39
39
40
40
40
40
41
41
40
40
40
41
42
42
42
41
42
42
42
42
42
42
42
42
42
42
42
43
43
43
43
43
43
46
43
46
46
46
43
44
44
44
44
44
49
44
44
44
46
46
46
46
46
46
46
46
46
46
51
48
48
48
51
48
49
47
49
49
49
49
49
49
49
49
49
49
49
51
50
49
51
48
51
51
51
51
52
52
51
53
49
75
75
49
53
53
53
54
54
55
51
56
56
56
56
56
56
56
56
64
30
30
57
57
57
58
31
58
58
58
58
58
58
61
59
61
59
60
60
60
60
61
59
60
61
61
59
59
61
61
61
61
61
61
61
61
62
62
62
62
61
63
63
63
63
63
65
62
64
64
64
64
64
64
65
62
62
65
65
65
66
63
63
65
65
66
65
66
70
70
67
61
67
61
63
67
67
67
67
66
66
67
66
66
71
71
71
71
68
67
68
67
67
68
71
67
69
69
42
69
69
69
44
69
69
69
70
70
70
70
70
70
70
72
71
71
71
71
71
71
71
71
71
71
71
71
71
71
49
72
72
72
72
72
75
72
49
71
73
73
73
73
73
49
72
74
74
74
75
75
75
75
75
75
76
76
76
76
76
10
75
75
30
1
3
4
22
22
21
20
25
25
19
25
16
14
5
6
3
22
22
22
7
7
28
8
28
31
46
49
45
45
42
40
68
68
67
71
66
63
56
60
37
38
38
38
38
40
41
40
36
36
23
23
26
27
27
27
25
31
31
31
28
31
8
29
25
51
32
32
33
35
35
60
60
60
60
34
60
59
59
31
31
33
34
31
31
29
29
29
30
69
28
38
20
7
7
44
69
59
62
31
25
29
31
29
29
31
38
5
59
42
76
64
