1
2
1
1
77
1
1
1
1
1
1
2
2
2
2
2
1
2
2
2
2
2
2
2
2
77
77
77
77
1
2
2
1
77
77
77
77
77
77
77
1
2
3
77
77
77
3
77
3
3
3
4
3
4
4
4
14
4
4
5
4
4
5
5
5
5
5
5
5
5
5
5
5
5
5
7
6
6
5
5
6
3
3
3
6
5
5
3
6
6
3
6
5
5
5
5
5
6
6
6
6
6
6
6
6
7
7
7
7
7
7
6
7
7
7
7
7
7
7
7
7
7
7
8
8
8
8
8
7
8
7
8
8
8
8
8
8
8
8
8
8
8
8
9
9
9
10
10
10
10
10
10
10
10
11
11
11
11
11
10
12
12
12
13
12
13
14
14
14
14
14
14
14
14
14
16
14
15
15
15
15
15
15
15
15
15
15
15
15
15
15
14
16
16
16
16
16
16
5
16
16
16
16
20
16
17
15
17
17
17
76
17
17
17
17
17
18
19
15
15
19
15
19
19
19
19
19
19
19
19
19
19
19
20
20
20
20
20
21
21
21
21
21
21
21
21
21
22
22
22
22
22
22
22
20
22
20
22
22
22
22
22
22
22
22
22
22
22
22
23
23
20
20
20
25
20
20
23
20
20
23
24
24
24
24
24
24
24
24
24
24
24
24
24
24
24
24
24
24
24
24
24
24
24
24
24
24
24
24
8
24
25
25
25
25
25
25
25
25
25
25
25
25
25
25
25
25
25
25
25
25
25
25
26
26
26
23
23
26
26
27
25
25
27
27
27
27
27
27
8
8
28
28
28
28
28
28
28
28
29
25
31
29
29
29
30
30
30
30
30
30
58
30
30
30
30
30
30
31
31
31
31
28
31
31
31
8
8
33
33
33
34
38
34
34
34
38
34
38
38
38
38
38
38
38
38
38
38
38
38
38
38
39
39
39
40
39
41
39
40
40
40
40
41
41
40
40
41
41
42
42
41
41
42
42
42
40
40
42
42
42
42
42
43
42
42
43
43
43
43
43
43
43
43
43
46
44
45
44
44
44
49
44
44
44
43
46
46
46
46
46
46
46
46
52
50
47
47
48
51
46
49
44
49
49
49
50
50
49
49
49
49
49
50
50
50
50
52
51
51
52
52
51
52
52
51
53
53
75
53
53
53
53
54
54
54
55
55
56
56
56
56
56
56
56
64
56
57
57
57
57
57
58
58
58
58
58
58
58
58
58
59
59
59
34
60
60
34
59
61
37
61
61
60
61
59
58
58
61
61
61
68
68
62
62
62
63
63
62
62
63
63
63
63
64
64
64
64
64
64
64
65
64
64
65
65
65
66
66
63
63
66
66
63
65
66
65
67
67
67
61
61
67
67
67
68
67
67
67
67
66
67
71
67
67
68
68
68
68
68
68
71
68
68
69
69
69
69
71
69
69
69
69
70
70
70
70
70
70
71
71
71
71
71
67
67
71
71
71
71
71
71
71
71
71
71
72
73
72
72
72
75
72
71
73
73
73
73
73
73
73
72
74
74
74
75
75
75
75
75
75
76
76
76
76
76
10
53
72
58
1
3
4
22
22
21
20
25
25
19
25
15
12
5
6
6
22
22
22
7
7
28
8
28
28
46
49
43
45
42
40
68
61
68
67
63
63
56
37
37
38
38
38
38
40
41
40
38
36
23
24
27
27
27
27
27
27
8
28
8
8
8
25
29
51
31
32
35
34
38
60
60
59
60
34
34
59
59
29
30
34
34
31
31
29
29
29
29
69
31
38
23
7
24
44
69
60
62
28
25
29
31
31
29
58
38
5
61
42
76
64
