1
1
1
1
1
1
1
1
1
2
1
2
2
2
2
2
1
2
2
2
2
2
2
2
2
77
77
77
77
1
2
4
4
77
77
77
77
77
3
77
77
4
4
77
3
3
3
3
3
4
4
4
3
4
2
2
4
4
4
4
4
16
16
5
5
5
5
5
5
5
5
5
5
5
5
7
4
6
6
6
4
3
6
3
3
6
6
6
6
6
6
6
6
6
5
5
5
7
6
7
6
6
6
7
7
6
6
7
7
7
7
7
7
7
7
7
22
7
7
7
7
7
7
7
7
8
8
8
8
7
8
8
8
8
8
8
8
8
8
8
8
8
7
9
9
10
11
10
11
10
10
10
10
10
11
11
15
10
15
10
12
13
14
13
14
2
14
14
14
14
14
15
14
14
14
16
16
15
15
15
15
15
17
15
15
15
15
15
15
15
15
15
14
14
16
16
16
5
16
16
16
16
20
20
21
17
15
17
17
17
17
17
17
17
18
15
18
15
19
15
15
15
15
15
19
19
19
15
19
19
19
19
19
20
20
20
19
20
5
22
21
21
21
21
21
21
5
21
21
22
22
22
22
22
22
22
22
22
22
22
22
22
22
22
22
24
23
22
20
23
23
23
20
23
23
20
23
24
20
20
23
7
24
24
24
24
24
24
24
24
24
24
24
24
24
24
24
24
24
24
24
24
23
24
24
24
24
24
24
24
24
25
25
25
18
25
25
25
25
25
25
25
25
25
25
25
25
25
25
25
25
25
26
23
23
23
25
26
26
26
26
29
25
27
27
27
27
29
27
28
28
28
28
28
28
28
28
28
28
29
30
28
30
30
30
30
30
30
30
30
30
30
30
30
30
30
30
30
31
28
28
28
28
28
31
28
8
8
8
33
35
34
35
34
38
35
35
35
36
38
38
36
38
38
38
38
38
36
36
38
36
36
39
39
36
36
39
39
39
40
40
40
42
41
39
41
41
41
41
41
41
41
41
42
42
42
42
40
42
42
42
42
43
69
43
43
69
48
43
43
43
48
43
46
43
46
44
44
69
44
44
44
44
50
44
48
46
46
46
46
46
46
51
46
46
50
48
47
48
48
51
49
44
50
49
49
50
49
49
49
49
49
49
50
50
50
50
51
52
51
52
51
52
52
52
52
53
49
53
53
53
53
53
53
54
52
52
55
56
56
56
56
56
56
56
56
64
57
57
57
57
57
30
30
58
58
58
58
30
58
58
59
59
59
60
59
59
59
63
61
61
61
61
37
61
63
63
67
61
61
61
68
68
58
62
56
56
63
58
58
63
63
63
56
56
64
56
56
64
64
56
56
65
65
65
65
65
63
63
56
66
66
66
66
70
66
70
68
68
61
67
67
61
61
61
68
67
67
67
67
66
67
67
67
71
68
68
69
68
68
68
68
67
69
69
42
69
69
69
44
69
69
69
70
65
70
70
70
70
71
71
71
71
71
71
71
71
71
71
49
71
71
71
71
71
71
72
73
72
72
72
75
72
49
73
73
73
73
49
73
73
74
74
74
74
75
75
75
75
75
75
76
76
76
76
76
10
53
72
58
1
3
4
22
24
21
20
23
25
19
18
15
14
5
6
3
22
22
22
22
7
28
28
28
28
46
49
48
45
42
40
68
68
68
68
67
63
56
37
37
38
38
38
36
40
41
39
36
36
23
27
27
27
27
27
29
27
28
28
28
28
8
29
29
52
31
32
35
35
36
60
60
60
60
60
31
58
59
28
30
35
34
28
31
30
30
30
29
69
31
35
23
7
7
44
69
37
58
28
29
29
31
29
30
30
36
5
61
69
76
56
