1
2
2
1
1
1
1
1
1
1
1
2
2
2
1
1
2
2
2
2
2
2
2
2
2
77
77
77
1
1
2
4
4
77
77
77
77
3
3
77
77
4
3
3
3
77
77
77
3
4
4
5
3
4
4
4
4
4
4
4
4
4
5
5
5
5
5
5
5
5
5
5
5
5
5
5
3
5
5
5
3
3
6
3
3
6
6
6
6
6
6
3
3
6
6
6
5
7
6
6
6
6
7
6
6
7
6
7
6
7
7
7
7
6
7
7
7
7
7
7
7
7
7
8
7
8
8
8
7
8
8
8
8
8
8
8
8
8
28
28
8
8
8
9
10
10
10
10
11
10
76
11
11
11
11
11
11
11
11
11
12
12
15
13
13
13
14
13
14
14
14
14
14
14
14
16
14
15
15
15
15
15
15
15
15
15
15
15
15
15
14
15
14
16
16
16
16
16
16
16
16
16
16
16
21
17
15
17
17
17
17
17
17
17
17
17
18
19
19
19
17
19
17
17
19
19
19
19
19
19
19
19
19
20
20
20
20
20
21
21
21
21
21
21
21
21
21
22
22
22
22
22
22
22
20
22
22
22
22
22
22
22
22
24
22
22
22
22
22
23
23
20
20
25
23
23
23
23
23
26
23
24
24
24
24
22
24
24
24
24
24
24
24
24
24
24
24
24
24
24
24
24
24
24
24
24
28
24
24
24
24
25
25
25
25
25
25
25
25
25
25
25
25
25
25
25
25
25
25
25
25
25
25
26
26
26
25
25
25
26
27
27
26
27
27
27
27
29
29
28
28
28
28
28
28
28
28
31
28
30
30
29
30
30
30
30
30
30
30
30
30
30
30
30
30
30
30
30
31
31
31
31
31
31
31
31
28
32
28
28
33
34
35
34
34
33
35
35
35
38
35
38
38
38
38
38
38
38
38
38
38
38
39
39
38
38
39
39
39
41
40
40
40
41
39
41
41
41
41
41
42
41
41
42
41
42
42
42
42
42
42
42
43
43
42
43
43
43
43
43
46
43
46
43
46
43
44
50
44
44
44
44
44
50
44
45
46
46
46
46
46
46
46
46
51
50
47
47
51
48
46
49
49
49
49
73
49
49
49
49
49
49
53
53
50
50
50
51
51
51
52
52
52
52
52
52
54
53
53
54
54
54
54
54
54
54
55
54
30
56
56
56
56
56
56
56
56
62
30
57
62
57
58
58
30
58
58
58
58
58
58
59
59
59
60
60
60
59
59
61
61
61
67
61
61
61
63
63
61
61
67
61
61
62
62
62
62
63
63
63
63
63
63
65
62
64
56
64
64
64
64
65
62
65
65
65
64
66
63
63
65
65
66
65
65
66
65
67
67
67
61
63
67
67
67
67
66
66
67
67
66
71
71
71
71
61
61
68
68
68
69
69
68
69
42
42
69
69
69
69
69
69
45
70
65
65
70
70
70
72
72
69
71
71
71
71
71
71
71
71
71
71
71
71
73
73
72
73
72
72
72
72
72
73
73
73
72
72
73
73
73
75
74
74
74
75
75
75
75
75
75
76
76
76
76
76
10
54
75
30
2
3
4
22
22
16
20
25
25
19
19
15
13
5
3
3
22
22
22
7
7
28
28
28
28
46
73
43
45
42
40
68
61
68
67
66
63
56
34
37
38
38
38
38
40
41
41
38
36
24
28
27
28
27
28
29
27
28
28
28
31
8
29
30
55
28
28
35
35
35
59
59
60
60
60
60
59
59
30
30
33
34
30
31
30
29
29
29
43
33
35
26
8
24
44
40
61
58
31
29
29
31
29
30
31
38
5
68
42
76
56
