1
1
1
1
1
1
1
1
1
2
1
2
2
2
2
2
1
2
2
2
2
2
2
2
2
77
77
77
77
1
2
77
77
77
77
77
77
77
77
77
77
3
3
3
77
77
3
3
3
3
4
5
3
77
4
4
14
4
4
4
4
16
16
5
5
16
5
5
5
5
5
22
5
5
5
5
5
5
5
3
3
3
6
3
6
6
6
6
6
6
6
3
6
6
6
6
5
5
6
6
6
6
7
6
6
6
6
7
7
7
7
6
7
6
7
5
7
7
7
7
7
7
7
8
7
8
7
8
7
8
8
8
8
8
8
8
8
8
8
8
8
8
8
9
9
10
10
10
10
10
10
10
10
12
11
10
11
13
13
12
12
13
13
13
13
2
14
14
14
13
16
14
14
16
14
14
16
15
15
11
15
11
15
17
19
19
19
16
19
19
16
16
14
16
14
14
16
16
16
16
16
16
16
16
16
15
17
17
17
17
17
17
17
17
19
19
18
20
19
19
19
19
19
19
19
19
19
19
20
19
25
19
19
20
20
20
20
23
21
20
21
20
21
20
21
21
21
22
21
21
22
22
22
20
20
20
22
22
22
22
22
22
22
24
22
22
22
23
20
23
23
23
23
23
25
23
24
23
23
23
23
24
24
24
24
24
24
24
24
24
24
24
24
24
24
24
24
24
24
24
24
24
24
23
24
28
24
24
24
28
24
25
25
25
18
25
25
25
25
25
25
25
25
25
25
25
25
25
25
25
25
25
25
27
23
26
26
25
26
26
26
25
25
27
27
27
27
27
27
28
28
28
28
28
28
28
28
28
28
29
30
28
30
30
29
30
30
30
30
31
31
31
30
30
30
30
30
30
31
28
28
31
28
28
28
31
8
8
32
33
32
34
35
35
35
35
35
35
38
38
38
35
36
38
38
38
38
40
38
38
40
38
39
39
39
36
39
39
39
41
40
41
42
41
39
40
41
41
41
41
41
41
41
42
42
42
42
42
42
42
42
42
43
43
42
43
43
43
43
43
43
43
46
43
46
43
44
44
69
44
44
44
47
47
44
45
46
46
46
46
46
46
46
46
46
47
46
48
48
46
46
49
49
49
49
49
50
49
50
49
49
49
49
49
50
50
50
51
51
51
52
52
52
52
52
52
49
49
53
53
49
53
53
53
54
50
55
55
58
56
56
56
56
56
56
64
64
57
57
57
57
57
58
30
58
58
58
58
58
58
58
58
59
59
60
60
31
60
58
61
37
61
61
61
61
61
63
63
63
63
61
61
61
57
62
62
63
63
63
63
63
63
63
63
65
64
64
64
64
64
64
65
65
64
65
65
70
63
63
63
66
66
66
66
65
66
66
61
61
67
63
67
67
67
67
67
67
67
67
67
66
67
71
67
71
61
68
68
68
71
68
68
71
40
69
69
69
69
71
71
71
69
43
70
70
70
70
70
70
70
70
71
71
71
71
70
70
71
71
49
71
71
71
72
71
71
72
72
72
72
72
72
72
71
73
73
72
73
73
73
73
72
74
75
75
49
49
75
75
75
49
76
76
76
76
76
10
53
75
58
1
3
4
22
22
21
23
25
25
19
18
15
14
6
3
3
22
22
22
7
7
28
28
28
28
52
49
43
45
69
40
40
61
68
67
63
63
56
38
37
38
38
38
36
40
41
39
36
36
24
23
27
27
27
28
29
27
28
28
28
28
8
29
30
51
32
32
35
35
35
59
60
59
60
34
34
58
59
29
30
35
34
28
31
30
30
31
31
69
31
35
23
7
24
44
40
58
58
31
29
29
31
28
29
30
36
22
37
42
76
64
