1
2
1
1
1
1
1
1
1
2
1
2
2
2
2
2
2
14
2
14
14
14
2
2
2
77
77
1
1
2
2
2
77
77
77
77
77
77
77
77
77
4
4
77
3
3
3
3
3
77
4
5
3
4
4
4
14
4
4
14
14
14
4
5
5
5
5
5
5
5
5
5
5
5
5
22
3
5
6
6
3
3
6
3
3
6
3
6
6
7
6
6
6
3
6
6
5
6
6
6
6
6
7
6
6
6
6
7
7
7
6
7
7
7
7
22
22
7
7
7
7
7
7
7
7
8
8
8
8
7
8
8
8
8
8
8
8
8
8
8
8
8
7
9
9
9
11
10
10
10
76
10
11
15
11
11
15
15
15
12
12
12
12
13
13
14
14
14
14
12
12
16
16
16
16
16
14
15
15
15
17
15
17
15
15
15
15
15
15
15
15
16
16
16
16
16
16
16
16
16
16
16
16
16
16
17
15
17
76
76
76
17
17
18
17
17
18
15
19
15
19
15
19
19
19
19
19
15
20
19
19
19
19
21
20
20
20
20
21
21
21
21
16
21
21
22
22
22
22
21
20
22
20
22
20
20
22
22
22
22
22
22
24
24
22
22
22
22
20
22
23
23
20
23
23
20
20
23
23
23
23
24
24
24
24
22
24
24
24
24
24
24
24
24
24
24
24
24
24
24
24
24
24
24
24
28
24
24
24
24
28
25
25
25
25
25
25
25
25
25
25
25
25
25
25
25
25
25
25
25
25
25
25
26
26
23
26
26
23
26
26
29
26
26
27
27
27
27
27
28
28
28
28
28
28
28
28
28
28
29
30
28
29
30
29
30
57
30
30
30
30
30
30
57
57
29
30
30
31
28
28
31
28
28
28
28
32
8
32
35
33
34
34
34
34
35
35
35
35
35
38
35
36
36
38
38
40
38
38
37
38
40
39
39
36
39
39
39
39
40
40
40
42
41
39
41
41
41
41
41
41
42
41
42
42
42
41
41
42
42
42
42
42
43
42
42
43
43
43
43
43
43
46
43
46
43
44
47
44
44
44
44
47
47
44
48
46
46
46
43
46
46
48
48
46
47
48
47
48
48
48
44
44
49
49
49
50
50
50
49
73
49
49
50
51
50
54
48
51
48
46
51
52
46
52
52
53
49
53
53
49
53
53
53
54
54
55
51
56
56
56
57
56
56
56
56
64
58
57
57
57
56
58
30
58
58
58
58
58
58
58
59
59
60
34
31
59
60
61
67
38
61
61
61
67
67
61
61
61
67
67
68
61
62
62
62
62
63
58
63
63
63
63
63
62
64
64
64
64
64
64
62
65
65
65
65
70
62
63
62
62
66
66
62
67
67
70
67
67
67
67
66
67
67
71
67
71
71
67
67
67
71
71
71
67
68
67
68
67
68
68
71
68
69
69
42
69
69
69
49
44
69
69
70
70
70
70
70
70
71
70
71
71
67
67
71
67
71
49
49
49
71
71
72
71
71
72
72
72
72
72
73
73
73
73
73
73
73
49
73
73
75
74
74
74
73
73
73
75
75
75
76
76
76
76
76
10
53
75
57
1
3
4
22
22
16
20
25
25
18
18
15
13
6
3
3
22
22
22
22
7
28
28
28
28
48
49
48
45
42
40
69
68
68
71
66
63
56
38
37
37
38
38
36
40
41
41
36
36
23
24
26
27
27
26
27
27
28
28
28
28
7
29
29
51
32
32
35
35
35
59
60
60
60
34
60
59
59
30
30
35
34
28
28
30
30
30
30
43
28
35
23
8
24
44
69
61
58
28
29
30
31
29
29
30
36
22
68
42
76
62
