1
2
1
1
1
1
1
1
1
2
1
2
2
2
12
2
2
12
2
2
12
2
2
2
4
77
77
77
1
77
2
4
4
77
77
77
77
77
77
77
77
77
4
3
77
3
3
3
3
3
4
3
3
4
13
4
13
4
4
4
4
4
4
5
5
4
5
5
5
5
5
5
5
5
5
5
3
5
5
5
3
3
6
3
3
3
6
6
6
6
6
6
6
6
6
5
6
6
7
6
6
6
6
7
7
7
7
7
7
7
7
7
6
7
7
6
6
7
7
7
7
7
8
8
7
8
8
8
8
8
8
8
8
7
8
8
8
8
8
8
8
8
8
9
9
10
10
11
10
10
10
10
10
11
11
11
11
11
11
12
12
12
12
12
12
13
14
14
14
14
14
14
14
16
16
16
14
16
15
15
15
15
19
15
16
16
16
16
15
15
14
14
16
16
16
16
16
16
16
16
21
16
16
20
16
19
19
17
17
17
76
17
17
17
17
19
18
20
19
19
19
15
19
19
19
19
19
20
20
25
19
19
19
20
20
20
20
20
16
21
21
22
21
22
21
21
22
22
22
22
22
22
22
22
20
20
22
22
22
22
22
22
22
22
24
22
22
22
22
23
23
22
22
20
23
22
22
23
23
23
26
24
24
24
24
24
24
24
24
24
24
24
24
24
24
24
24
24
24
24
24
24
24
24
24
28
28
24
24
24
24
25
25
25
25
25
25
25
25
25
25
25
25
25
25
25
25
25
25
25
25
25
25
26
23
25
25
25
25
26
26
29
29
27
27
27
29
29
27
28
28
27
28
28
28
31
28
31
28
29
29
28
29
29
29
30
30
30
30
30
30
30
30
30
30
30
29
30
31
31
28
28
28
28
28
28
8
8
8
33
28
35
35
60
35
35
35
35
38
35
35
38
39
38
38
38
39
38
38
37
38
38
36
39
39
38
39
39
36
41
41
41
40
41
41
41
41
41
41
41
41
42
41
42
41
42
42
42
41
42
42
42
43
43
43
43
43
43
43
43
43
43
43
43
43
46
44
44
44
44
44
44
47
47
44
45
46
46
46
43
46
46
46
46
48
47
45
45
47
48
48
44
44
49
49
49
50
49
50
49
75
49
49
49
50
50
50
51
51
51
46
46
52
52
52
52
53
75
75
75
53
53
75
53
54
49
52
55
30
56
56
30
56
56
64
64
56
58
57
57
57
57
58
58
58
58
58
58
58
59
59
59
61
59
59
31
31
60
61
61
35
61
61
61
61
61
59
63
63
61
67
61
69
62
62
65
62
63
58
62
63
58
63
63
64
64
64
64
64
64
64
62
65
65
65
70
65
66
63
62
65
66
66
66
65
66
70
67
67
67
67
63
63
67
67
68
67
67
67
67
66
71
67
71
71
68
68
69
68
68
71
71
68
69
69
43
43
69
69
71
69
69
45
70
70
70
70
70
70
70
70
73
71
71
71
71
73
73
73
71
73
73
71
73
73
71
70
72
72
72
72
73
73
73
73
73
73
73
75
73
73
74
74
74
74
75
75
75
75
75
49
76
76
76
76
76
10
75
75
30
2
77
4
6
22
21
20
20
25
17
25
16
13
5
3
3
22
24
22
7
7
28
28
28
28
46
49
43
45
42
40
40
69
69
67
63
63
56
35
37
37
38
38
39
40
41
40
36
38
23
23
23
27
27
27
27
27
28
28
28
28
8
27
29
51
32
32
35
38
38
60
59
59
60
60
60
59
59
30
30
33
34
31
31
30
29
30
29
43
28
35
23
7
24
44
69
61
58
31
29
29
31
28
29
58
38
22
61
42
76
56
