1
2
1
1
1
1
1
1
1
2
1
2
2
2
2
2
2
2
2
13
2
4
2
4
2
77
1
1
1
77
4
4
4
77
4
77
4
77
77
77
77
4
5
3
3
77
3
77
3
5
5
5
3
4
14
14
14
4
4
4
4
4
4
5
5
5
5
5
5
5
5
5
5
5
5
5
3
5
6
3
6
3
3
6
6
3
6
6
6
6
6
6
6
6
6
6
5
6
6
6
6
6
6
7
7
6
6
7
7
7
7
7
7
7
7
7
7
7
7
7
7
7
7
7
7
8
8
8
7
7
8
8
8
8
8
8
8
8
8
8
8
8
8
9
9
10
11
10
10
10
10
10
10
11
11
11
11
11
11
10
12
12
13
13
13
13
14
14
14
13
16
14
14
14
14
14
14
16
11
15
15
15
15
15
16
16
15
16
15
15
16
16
16
16
16
16
16
16
16
16
16
16
16
16
16
15
15
17
17
17
17
17
17
17
17
17
18
16
19
19
19
15
19
19
19
19
19
20
20
19
25
19
19
20
20
20
20
20
21
21
21
21
21
21
22
21
21
22
22
22
22
22
22
22
20
22
22
22
22
22
22
22
22
22
22
22
22
22
22
22
20
20
20
20
25
23
23
20
23
26
23
24
24
24
24
24
22
23
24
24
24
24
24
24
24
24
24
24
24
24
24
24
24
28
24
24
24
28
24
8
22
25
25
25
25
25
25
25
25
25
25
25
25
25
25
25
25
25
25
25
25
25
25
26
26
29
26
25
29
26
26
26
29
27
27
27
27
27
27
8
28
28
31
31
28
31
31
31
31
30
29
31
29
30
58
30
30
30
30
30
31
31
30
30
30
58
58
30
31
31
31
31
31
31
31
31
8
8
31
33
33
34
35
34
37
35
35
35
35
38
35
36
36
35
38
37
38
40
40
40
40
38
38
38
36
38
38
39
39
40
40
40
40
41
38
40
42
41
41
41
41
41
41
42
42
42
42
42
40
42
42
42
43
43
43
69
69
69
43
43
43
69
69
43
69
43
44
44
44
44
44
44
44
44
47
45
46
46
46
46
43
45
46
46
46
47
48
48
48
46
46
44
44
50
49
50
50
49
49
49
49
49
49
49
50
50
50
51
46
51
46
52
52
46
52
52
54
53
53
53
54
53
53
54
54
54
55
55
56
56
56
56
56
56
56
56
64
57
56
57
57
57
30
58
58
58
58
58
58
58
58
58
58
59
60
60
59
60
58
59
59
59
59
59
59
58
58
58
61
61
61
61
61
65
62
62
65
58
58
58
63
63
63
63
64
64
64
64
64
64
64
65
62
70
70
65
70
66
63
63
65
65
66
66
65
66
65
67
61
67
61
63
61
67
67
67
71
67
67
67
66
71
71
71
71
61
68
68
67
67
68
71
71
69
69
69
69
69
69
71
69
69
45
70
70
70
70
70
70
71
73
71
71
71
71
71
71
71
71
71
71
71
71
71
73
71
73
73
72
72
72
75
75
73
73
73
71
73
49
73
73
75
74
75
75
73
75
75
75
75
75
76
76
76
76
76
76
53
75
58
2
3
5
22
22
21
20
25
25
19
19
16
13
6
6
6
22
22
22
7
7
31
8
31
31
46
73
69
45
69
40
69
61
68
67
66
63
56
37
37
37
38
38
36
40
42
38
36
36
23
28
27
27
27
28
29
27
28
31
8
31
8
27
30
51
31
32
35
35
38
60
60
60
37
60
60
58
59
31
30
34
34
31
31
29
29
29
29
69
31
35
26
8
22
44
69
59
58
28
29
29
31
29
58
30
38
5
61
42
76
64
