1
2
1
1
1
1
1
1
1
1
1
2
2
2
2
2
2
2
2
4
2
2
2
2
2
77
77
4
4
4
4
4
77
77
77
77
77
77
77
77
77
77
4
4
3
3
3
3
3
5
4
5
3
4
14
4
4
4
4
5
14
5
5
5
5
5
5
5
5
5
5
5
5
5
5
5
5
5
5
6
3
3
6
3
6
6
6
6
6
6
6
6
7
6
5
5
5
5
6
7
6
6
7
6
6
7
6
7
6
7
7
7
7
5
5
5
7
7
7
7
7
7
7
7
7
8
7
8
8
8
8
8
8
8
8
8
8
8
8
8
8
8
8
9
9
9
10
12
10
10
10
10
10
12
11
15
11
13
11
12
12
12
13
13
13
13
14
14
14
14
14
15
16
16
14
16
14
15
15
15
15
15
15
15
15
15
15
15
15
15
14
15
16
16
16
16
16
16
16
16
16
16
15
16
16
15
15
17
17
17
18
18
18
18
18
15
18
19
19
19
19
15
19
19
19
19
19
19
20
20
25
19
25
20
20
20
20
20
21
16
21
21
21
21
21
21
5
22
22
21
22
22
22
21
20
20
22
22
22
22
24
22
22
22
22
22
22
22
20
23
23
23
20
23
23
20
23
24
20
20
23
24
24
24
24
24
24
24
24
24
24
24
24
24
24
24
24
28
24
24
24
24
24
24
28
28
28
24
24
24
24
25
25
25
18
25
25
25
25
25
25
25
25
25
25
25
25
25
25
25
25
25
25
29
29
23
25
25
26
29
29
29
26
29
27
29
29
27
27
28
28
28
28
28
28
28
28
28
28
29
29
29
29
29
29
30
30
29
58
58
31
31
29
30
30
30
29
30
28
28
28
28
28
31
31
31
28
32
32
33
34
34
35
34
38
35
35
35
38
35
35
36
38
38
38
38
38
38
38
38
38
38
39
39
39
39
39
39
39
39
40
40
40
41
39
39
41
41
41
41
41
41
41
42
42
42
42
39
42
42
42
42
42
42
43
43
43
43
43
42
43
43
45
46
43
43
44
47
44
44
44
44
44
44
47
45
52
46
46
46
46
45
46
46
51
47
48
47
47
48
46
49
49
49
49
49
49
50
50
50
49
49
49
49
50
50
50
51
51
51
52
51
52
52
52
52
53
53
54
54
53
54
54
54
54
54
55
55
56
56
56
56
56
56
56
56
56
57
57
57
57
62
58
58
58
58
58
58
58
58
58
59
59
59
60
60
60
60
59
59
59
61
59
61
61
61
59
63
61
61
61
61
61
62
62
62
62
63
58
62
63
58
63
63
64
64
64
64
64
64
70
65
65
65
65
65
70
63
63
66
66
66
66
70
70
66
70
67
67
67
63
63
63
67
37
37
67
67
67
67
71
67
71
67
71
37
37
68
71
68
68
69
71
69
69
42
69
69
69
69
44
69
45
70
70
70
70
70
70
71
71
71
71
71
71
71
71
71
71
71
71
71
71
71
71
71
71
71
72
72
72
72
72
71
73
73
73
73
71
73
73
72
74
74
74
75
75
75
75
75
75
76
76
76
76
76
10
54
75
30
1
3
4
22
24
21
20
25
25
18
18
15
13
6
6
3
22
8
24
7
8
28
28
28
28
46
49
43
45
42
40
37
61
37
71
66
63
56
60
37
38
38
38
38
40
41
39
36
36
23
27
27
29
27
27
27
28
28
28
28
28
8
29
29
51
32
28
35
38
38
60
60
60
60
34
60
58
59
29
30
35
34
31
31
29
29
29
58
69
31
35
23
8
24
44
69
59
58
31
29
29
31
28
29
58
38
5
61
42
76
64
