1
2
1
1
1
1
1
1
1
2
1
2
2
13
2
2
2
2
2
4
13
2
2
2
4
77
77
1
1
1
2
4
77
77
77
77
4
77
77
77
4
4
4
3
77
77
3
77
3
3
3
3
3
4
4
4
4
4
4
14
4
14
14
5
16
16
5
5
5
5
5
5
5
5
5
5
6
5
5
5
6
3
3
3
6
6
6
3
6
6
3
6
6
6
6
6
5
5
6
7
6
6
6
7
6
7
7
7
7
7
7
7
7
7
7
22
22
7
7
7
7
7
7
7
7
8
8
8
7
8
8
8
8
8
8
8
8
8
8
8
8
8
8
9
9
9
10
10
10
10
10
10
11
12
11
11
15
11
11
12
13
13
14
13
14
13
13
14
14
14
14
14
16
14
14
16
14
15
15
15
15
15
15
15
15
15
15
15
15
18
14
16
16
16
16
16
14
16
16
16
16
16
16
21
16
15
15
17
17
17
17
17
17
17
18
18
18
25
15
15
19
19
19
19
19
19
19
25
25
19
25
19
19
21
20
20
20
20
21
21
21
21
16
21
21
21
21
22
21
21
22
22
22
21
22
22
22
22
22
22
22
22
22
22
22
22
22
22
20
23
22
23
20
20
20
20
23
23
23
20
23
24
24
24
24
24
24
23
24
24
24
24
24
24
24
24
24
24
24
24
24
24
24
24
24
24
24
24
24
24
24
25
25
25
25
25
25
25
25
25
25
25
25
25
25
25
25
25
25
25
25
25
25
26
26
26
26
25
26
26
27
29
26
27
27
27
27
27
29
28
28
31
28
28
31
28
28
31
28
30
30
29
29
29
30
30
30
29
30
30
30
30
29
30
30
30
30
30
28
28
28
28
28
28
28
31
32
8
32
33
28
34
35
34
38
35
35
35
36
35
35
36
36
36
38
38
38
38
38
38
38
40
39
39
38
38
38
39
39
39
40
40
40
41
39
39
42
41
41
42
42
41
41
42
42
42
42
42
39
42
42
42
42
43
43
43
43
43
43
43
43
45
43
45
45
43
44
45
44
44
44
49
44
44
44
45
52
52
46
46
45
43
48
46
52
47
48
47
47
48
48
49
44
49
49
49
49
50
50
49
49
49
49
49
50
50
50
51
51
51
52
52
52
52
52
52
54
53
75
53
53
54
53
54
54
54
55
54
56
56
56
56
56
56
64
64
56
57
57
57
62
57
30
30
58
58
58
58
30
58
58
59
59
60
60
60
60
60
59
61
37
61
61
61
61
61
59
61
61
67
67
61
61
62
62
62
63
61
61
58
58
63
63
63
64
64
64
64
64
64
64
63
65
65
65
65
70
63
63
63
63
66
66
66
70
71
70
67
67
67
61
63
61
67
71
67
71
67
61
67
67
71
71
71
71
61
67
69
68
68
68
71
68
69
69
42
69
69
71
71
44
69
69
70
70
70
70
70
70
70
70
71
71
71
71
71
71
71
71
71
71
71
71
71
71
71
72
72
72
72
72
75
72
71
73
73
71
73
49
73
73
75
74
74
74
49
75
75
75
75
75
76
76
76
76
76
10
53
75
30
2
3
5
22
22
16
20
25
26
19
18
14
13
5
3
6
22
22
22
22
7
28
28
28
28
46
49
45
45
43
40
69
68
68
71
66
63
56
37
37
38
38
36
38
40
42
39
36
36
23
24
27
27
27
27
27
28
28
28
28
31
8
29
29
51
32
32
35
35
36
60
60
60
37
37
31
30
59
30
30
33
34
30
31
29
30
30
30
43
28
35
26
7
24
44
69
59
58
31
29
29
31
31
30
30
38
5
68
42
76
64
