1
1
1
1
1
1
1
1
1
2
1
2
2
2
2
2
1
2
2
4
2
4
2
2
2
77
77
77
77
77
2
2
4
77
4
77
77
77
77
77
4
4
4
77
77
3
3
3
3
3
3
5
3
4
14
14
13
4
4
4
14
16
4
5
16
16
5
5
5
5
5
5
5
5
5
5
5
5
5
6
3
3
3
6
6
6
5
3
6
6
6
6
5
5
5
6
6
6
6
6
6
6
7
6
6
7
6
7
6
7
7
7
7
6
7
6
7
7
7
7
7
7
7
8
7
8
7
8
7
8
8
8
8
8
8
8
8
8
8
8
8
8
8
9
9
10
15
11
10
10
76
76
76
11
15
15
15
12
12
12
12
13
12
13
14
13
13
14
14
13
14
16
16
16
14
14
14
15
15
15
15
15
15
15
15
15
19
15
19
15
14
16
16
16
14
16
16
16
21
21
21
16
16
15
20
15
17
17
17
76
76
17
17
17
19
19
18
19
15
19
19
15
19
19
19
19
19
19
19
19
25
19
19
19
20
20
20
23
21
20
20
21
21
21
21
21
22
22
22
22
22
21
22
20
23
20
22
22
22
22
22
22
22
22
22
24
23
23
23
24
23
23
23
23
23
23
23
23
23
23
23
24
24
24
24
24
24
24
24
24
24
24
24
24
24
24
24
24
24
24
24
24
23
23
28
24
24
24
28
24
24
19
25
25
18
25
25
25
25
25
25
25
25
25
25
25
25
25
25
25
25
25
25
23
26
23
26
26
26
26
25
25
25
27
27
27
27
27
27
28
28
28
28
28
28
28
28
28
28
25
29
28
29
29
29
29
30
29
30
30
31
31
29
29
30
30
30
29
31
28
28
31
28
28
28
28
32
32
32
33
34
37
35
35
35
33
35
35
38
35
35
35
38
38
38
38
38
38
38
38
40
38
39
39
39
39
39
39
39
40
40
40
42
41
41
40
41
41
41
41
41
42
42
42
42
42
42
40
42
42
42
42
43
43
43
43
43
43
43
43
45
43
45
43
43
46
44
47
44
44
44
44
47
47
44
45
46
46
46
46
45
45
48
46
52
47
48
48
47
47
48
47
47
49
49
49
49
49
50
49
73
49
49
49
50
50
51
51
48
51
52
52
52
52
55
52
53
53
53
53
54
53
53
54
54
54
55
55
56
56
56
56
56
56
56
56
62
57
57
57
57
57
30
30
30
30
58
58
58
58
58
58
59
60
60
31
59
31
58
61
61
68
61
61
67
67
58
63
67
61
61
61
61
62
62
62
62
58
58
63
63
63
66
62
64
62
56
64
64
64
64
65
62
64
64
65
64
65
66
65
65
65
66
65
65
66
65
67
61
67
67
63
63
67
61
67
67
67
63
66
70
70
71
70
70
67
61
68
71
68
68
71
68
69
69
42
69
69
69
71
44
69
44
70
70
70
70
70
70
70
72
71
71
70
70
70
70
71
71
71
73
71
71
71
73
71
72
72
72
72
75
75
72
73
72
73
71
72
73
73
73
75
74
74
74
72
72
72
75
75
75
76
76
76
76
76
10
53
75
30
1
3
4
22
22
21
23
25
25
18
18
16
13
5
6
6
22
22
22
7
8
28
28
28
28
48
49
43
45
69
40
68
61
61
71
66
63
56
37
38
38
38
38
39
40
41
40
38
36
24
23
23
23
27
27
27
28
28
28
28
28
7
27
29
51
31
28
35
35
35
59
60
60
37
37
60
59
59
30
29
33
34
28
31
30
29
30
30
69
31
35
23
8
24
44
69
61
58
28
25
29
31
27
30
30
38
5
68
42
76
62
