1
1
1
1
1
1
1
1
1
2
1
2
2
2
2
2
2
2
2
13
13
2
2
13
2
77
77
77
77
77
2
4
77
77
77
77
77
77
77
77
77
4
4
4
3
3
3
3
3
3
4
5
3
13
13
13
13
4
4
4
14
14
14
5
5
5
21
5
5
5
5
21
5
5
5
5
5
5
5
5
5
3
6
5
5
5
6
6
6
6
6
6
5
5
5
6
6
5
5
5
6
6
6
6
6
7
6
7
7
7
7
7
7
7
5
5
7
7
7
7
7
7
7
7
7
8
7
8
8
8
8
8
8
8
8
8
8
8
8
8
8
8
8
9
9
9
10
13
10
10
10
10
15
13
13
15
15
13
11
13
12
12
13
13
13
13
14
14
14
13
14
20
14
14
14
14
14
15
15
15
15
15
18
15
15
15
15
15
15
15
20
16
16
16
16
16
16
16
21
16
21
16
20
20
16
18
15
18
18
17
18
18
18
18
18
18
18
19
15
19
19
19
19
19
19
19
19
19
20
20
19
19
19
20
20
20
20
20
21
21
21
21
21
21
21
21
21
22
21
21
22
22
22
21
21
21
22
22
22
22
22
22
22
22
24
24
22
20
20
23
23
20
20
23
23
23
20
23
20
23
23
24
24
24
24
24
24
24
24
24
28
24
24
24
24
24
24
24
28
28
24
24
24
24
24
28
28
28
28
24
28
25
25
25
18
25
25
25
25
25
25
25
25
25
25
25
25
25
25
25
25
25
25
29
29
25
25
25
26
29
26
26
26
29
27
29
27
27
27
28
28
28
28
28
28
28
28
28
28
29
29
29
29
29
29
29
30
30
29
29
29
30
30
30
30
29
29
29
31
28
31
31
31
31
31
28
32
32
32
33
33
34
34
34
35
35
35
35
35
35
35
36
36
36
38
38
38
38
38
38
38
38
39
39
39
39
39
39
39
40
40
40
40
41
39
40
41
41
41
41
41
41
41
42
42
42
42
40
42
42
42
42
43
42
42
43
43
42
43
43
43
43
46
46
43
43
44
47
44
44
44
47
47
47
47
48
52
46
46
46
46
46
46
46
52
47
48
47
48
48
46
47
47
47
49
49
47
50
47
47
49
49
49
54
47
50
54
51
51
51
52
52
52
52
52
52
53
53
54
54
53
54
54
54
54
54
55
55
56
56
56
56
56
56
64
64
56
57
57
57
57
62
58
58
58
58
58
58
58
58
58
59
59
59
60
60
59
59
58
58
61
61
61
37
61
61
63
63
61
61
61
37
61
62
62
62
62
63
63
63
63
63
63
63
64
64
64
64
64
64
64
62
65
65
65
65
65
62
62
62
62
66
66
70
70
66
70
67
67
67
67
63
67
67
67
37
37
37
67
67
67
67
71
71
71
37
37
68
68
68
69
71
71
69
42
42
69
42
69
69
69
69
69
70
65
70
70
70
72
72
72
71
71
71
71
71
71
71
71
71
71
71
71
72
72
71
72
72
72
72
72
72
72
71
73
73
73
73
73
73
73
72
72
74
74
75
75
75
72
75
75
76
76
76
76
76
10
54
72
30
1
3
4
22
24
21
20
25
25
19
18
20
13
6
6
5
22
22
24
7
24
28
28
28
28
52
49
43
45
42
40
37
61
37
37
63
63
56
37
37
38
38
38
36
40
41
41
36
36
23
27
27
29
27
27
27
27
28
28
28
28
8
29
29
51
32
28
35
35
35
59
59
60
60
60
60
59
59
29
29
33
34
31
31
29
29
29
30
69
28
35
29
8
24
44
69
37
58
28
29
29
31
29
29
30
38
21
61
42
76
62
