1
2
1
1
1
1
1
1
1
2
1
2
2
2
2
2
2
2
2
2
2
2
2
4
2
77
77
77
77
1
2
4
4
77
77
77
77
77
77
77
77
77
4
77
77
3
3
3
3
3
4
4
3
4
14
4
4
14
4
4
14
5
4
5
4
5
5
5
5
5
5
5
5
5
5
5
6
5
5
6
6
3
6
3
6
5
5
6
6
6
6
6
6
6
6
6
5
7
6
7
6
6
6
6
7
7
7
7
7
7
7
7
7
7
7
22
22
7
7
7
7
7
8
8
7
7
8
7
8
8
8
8
8
8
8
8
8
8
8
8
8
8
8
9
9
9
11
10
10
10
10
10
11
11
11
11
11
11
11
11
12
12
12
13
13
13
14
14
14
13
14
14
14
14
14
16
14
15
15
11
15
15
15
15
15
15
15
15
15
15
16
16
16
16
16
16
16
16
16
16
16
16
16
16
16
17
17
17
17
17
17
17
17
17
19
17
19
19
19
19
19
19
19
19
19
19
19
19
19
25
19
19
19
20
20
20
19
20
21
21
21
21
21
21
21
21
22
22
22
22
22
22
22
20
20
22
22
22
22
22
22
22
22
22
22
22
22
22
22
23
23
22
20
23
23
23
23
23
23
26
23
24
24
24
24
24
24
24
24
24
24
24
24
24
24
24
24
24
24
24
24
24
24
24
24
24
24
24
24
24
24
25
25
25
18
25
25
25
25
25
25
25
25
25
25
25
25
25
25
25
25
25
25
23
23
26
26
26
26
26
26
26
26
29
27
29
29
29
27
8
8
27
28
31
28
28
31
31
28
29
31
31
29
30
29
30
30
29
30
31
31
31
30
30
29
29
29
29
31
31
31
31
31
31
31
31
8
8
33
33
33
34
35
34
35
33
35
33
35
35
35
36
35
35
38
38
39
38
38
37
37
37
39
39
36
39
39
39
39
40
40
40
42
41
39
40
41
41
41
41
41
41
41
42
42
41
42
42
42
42
41
42
43
43
43
43
43
43
43
46
43
43
46
43
43
46
44
44
44
44
44
44
44
44
44
46
46
46
46
46
46
46
46
46
46
47
46
45
45
45
48
49
49
49
49
49
49
50
49
49
49
49
49
49
50
50
50
48
48
51
52
52
52
52
52
52
53
53
75
75
75
54
75
54
54
54
55
51
56
56
56
56
56
56
56
64
56
58
57
57
62
57
58
58
58
58
58
58
58
58
61
59
59
59
60
60
60
31
59
59
61
61
61
61
61
61
61
61
67
61
67
61
61
62
62
62
63
63
63
63
63
63
63
63
64
64
64
64
64
64
64
65
64
65
65
65
65
65
66
65
65
65
66
65
65
70
65
67
67
67
67
63
63
67
68
68
67
67
63
66
63
67
71
67
67
61
68
40
68
68
68
68
71
69
69
42
69
69
69
44
44
69
69
70
70
70
70
70
70
71
71
71
71
71
71
71
71
71
71
44
71
71
71
71
71
71
72
73
72
72
72
75
72
73
73
73
73
73
49
73
73
72
74
74
74
49
75
75
75
75
75
76
76
76
76
76
10
75
75
30
1
3
4
22
22
21
20
25
25
19
19
16
4
5
6
3
22
22
22
22
7
31
8
8
31
46
49
43
45
42
40
40
68
68
67
66
63
56
60
37
38
38
35
38
39
41
39
36
36
23
27
27
27
27
28
27
27
28
28
8
28
8
29
29
51
32
32
35
35
35
60
60
61
60
60
31
59
59
31
30
33
31
31
31
29
31
30
30
42
31
35
26
8
24
44
40
61
58
28
29
31
31
31
29
58
39
5
68
42
76
62
