1
2
1
1
1
1
1
1
1
1
1
2
2
2
2
2
4
2
2
4
2
2
2
4
4
77
77
1
1
77
77
4
4
77
4
77
77
77
77
77
77
77
4
77
3
77
3
77
3
3
3
3
3
4
14
4
4
14
4
4
14
16
4
5
5
16
5
5
5
5
5
5
5
5
5
5
6
3
5
6
3
3
6
3
3
6
6
6
6
6
6
6
7
6
6
6
5
7
7
7
6
6
6
6
6
7
7
7
6
7
7
7
7
7
7
7
7
7
7
7
7
7
7
7
7
8
8
8
7
8
8
8
8
8
8
8
8
8
8
8
8
8
8
9
9
10
10
9
10
10
10
10
10
13
11
15
15
11
15
13
13
12
13
13
13
4
14
13
13
13
14
14
14
14
14
16
14
15
15
15
15
15
15
15
15
20
15
20
15
15
14
16
16
16
16
16
16
16
16
16
16
16
20
20
16
15
15
17
17
17
76
76
17
18
17
17
18
19
15
19
15
15
15
19
19
19
19
19
20
25
19
19
19
20
20
20
20
20
21
20
21
21
21
21
21
21
21
21
22
22
22
22
22
22
22
20
22
22
22
22
22
22
22
22
22
23
22
22
20
23
23
22
20
20
25
23
23
23
23
23
23
22
24
24
24
24
24
24
24
24
24
24
24
24
24
24
24
24
24
24
24
24
24
24
24
24
24
24
24
24
24
25
25
25
18
25
25
25
25
25
25
25
25
25
25
25
25
25
25
25
25
25
25
26
23
26
26
25
26
26
26
29
25
27
27
27
27
29
29
28
24
28
28
28
28
28
28
28
28
29
29
28
29
30
29
29
30
29
29
29
30
59
30
30
30
57
30
57
31
28
28
28
28
28
28
31
8
8
32
33
28
34
35
34
35
35
35
35
38
38
35
36
38
38
37
38
39
38
38
38
38
38
39
39
39
39
39
41
39
40
40
40
40
41
41
40
41
41
41
41
42
42
42
42
42
42
40
40
42
42
42
42
42
43
42
43
43
43
43
43
43
43
43
43
43
43
44
47
44
44
44
49
44
44
49
48
46
48
48
46
46
43
48
48
51
47
48
47
51
48
48
49
49
49
49
49
50
50
50
49
73
49
49
49
50
50
50
51
48
51
52
52
52
52
52
52
53
53
75
53
53
54
54
54
54
54
55
55
56
56
56
56
56
56
56
64
64
58
57
57
57
62
58
58
58
58
58
58
58
58
59
59
59
59
60
31
31
31
59
61
61
61
59
59
59
59
61
61
61
61
61
61
37
62
62
62
62
63
63
58
58
63
63
65
64
62
64
64
64
64
64
65
62
65
65
65
70
63
63
65
65
66
66
66
65
66
65
61
67
67
67
67
66
67
67
67
67
66
66
67
66
67
71
71
66
61
61
68
67
68
68
71
71
69
69
69
69
44
69
69
44
69
44
70
70
70
70
70
70
70
72
71
71
71
71
71
71
71
71
71
71
71
71
72
71
73
72
72
72
72
72
75
72
73
73
73
73
72
73
73
73
74
74
74
74
75
75
75
75
75
75
76
76
76
76
76
10
54
75
57
1
3
4
22
22
21
20
25
25
19
18
20
13
5
6
3
22
22
22
7
7
28
28
28
28
46
73
43
45
69
40
37
37
68
67
63
63
56
37
37
37
38
38
38
40
41
39
38
36
23
23
27
27
27
27
27
27
28
28
28
31
7
29
29
51
32
32
35
35
35
59
60
60
60
34
60
59
59
28
30
33
34
28
59
30
29
29
29
69
28
35
23
8
24
44
69
61
58
31
29
29
31
28
29
30
39
5
37
42
76
62
