1
1
1
1
1
1
1
1
1
2
1
2
2
2
2
2
2
2
2
2
2
2
2
2
2
77
77
77
1
1
2
77
1
77
1
77
77
77
77
77
77
77
4
77
77
3
3
3
3
3
4
4
3
4
4
4
4
4
4
4
4
5
5
5
5
5
5
5
5
5
5
5
5
5
5
5
5
5
5
3
5
3
6
3
3
3
6
6
6
6
6
7
7
6
6
6
6
7
6
7
7
7
6
7
6
6
7
7
7
7
7
7
7
6
7
5
7
7
7
7
7
7
7
7
7
8
8
8
8
8
8
8
8
8
8
8
8
33
8
8
8
8
8
9
12
10
12
12
10
10
10
10
10
11
11
10
11
11
15
12
12
12
12
12
12
13
14
14
16
14
16
16
16
14
14
14
14
16
15
15
15
15
15
15
15
15
15
16
15
19
16
16
16
16
16
16
16
16
16
16
16
16
16
16
16
17
17
17
17
17
17
17
17
17
17
17
18
19
19
19
19
19
19
19
19
19
19
19
19
19
19
19
19
20
20
20
20
20
21
21
21
21
21
21
21
21
5
22
22
22
22
22
22
22
22
22
22
22
22
22
22
22
22
22
22
22
23
22
22
23
23
22
22
19
19
22
23
23
23
23
19
24
24
24
22
24
24
24
24
24
24
24
24
24
24
24
24
24
24
24
24
24
26
24
24
24
24
24
24
24
24
25
25
25
19
25
25
25
25
25
25
25
25
25
25
25
25
25
25
25
25
25
25
26
26
26
26
25
25
26
26
27
26
27
27
27
25
25
27
8
28
28
28
28
28
28
28
28
28
25
25
29
25
29
29
30
30
30
30
30
30
31
58
58
58
30
30
58
31
31
31
31
31
31
31
31
8
33
33
33
35
34
35
34
34
35
35
35
36
35
35
36
36
38
38
38
38
38
38
38
38
38
39
39
36
41
39
39
39
40
40
40
40
41
41
41
41
41
41
41
41
41
41
41
42
42
42
42
42
42
69
42
43
43
42
43
43
43
43
43
43
43
46
43
43
43
44
44
44
44
44
49
44
44
44
48
46
46
46
46
46
46
46
46
46
47
48
48
48
51
48
49
49
49
49
49
49
50
49
49
49
49
49
49
50
50
50
51
48
51
52
52
51
52
52
51
53
53
53
53
53
53
53
53
54
54
55
54
58
56
56
58
56
56
56
56
64
58
58
57
62
57
58
58
58
58
58
58
58
58
62
59
59
59
60
59
59
60
63
38
38
61
61
38
38
63
63
63
63
61
61
68
61
62
62
62
62
63
62
62
63
63
63
63
64
64
64
64
64
64
64
62
64
65
63
65
65
66
63
63
63
66
66
63
65
70
65
67
67
67
63
66
63
67
66
67
66
67
67
66
66
66
67
67
67
68
68
68
68
68
68
71
71
69
42
42
69
69
69
69
44
69
69
70
70
70
70
70
70
71
72
69
71
71
71
71
71
71
71
71
71
71
71
71
71
71
72
72
72
72
72
72
72
73
71
73
72
72
73
73
73
75
74
74
74
75
75
75
53
53
75
76
76
76
76
76
10
53
75
58
2
3
4
22
22
21
20
19
25
19
19
16
14
6
6
3
22
22
22
7
7
28
24
28
28
46
49
43
45
42
40
61
68
61
67
63
63
56
38
37
38
38
38
38
41
41
41
36
36
23
26
26
27
27
27
27
27
28
28
24
28
8
29
29
51
32
32
35
35
35
59
60
60
60
34
60
58
59
30
58
35
34
31
31
29
25
29
29
69
31
34
19
7
24
44
69
38
62
29
25
29
31
29
29
58
38
5
61
42
76
56
