1
1
1
1
1
1
1
1
1
2
2
1
2
2
2
2
2
2
2
14
2
2
2
4
2
77
77
77
77
1
2
2
2
77
4
77
4
4
4
77
4
4
4
4
4
77
3
3
3
3
4
4
3
4
14
4
14
14
4
14
14
14
5
4
5
5
5
5
5
5
5
5
5
5
5
5
3
4
5
6
6
3
6
3
3
3
6
6
6
6
6
6
6
7
7
6
6
6
7
7
7
6
6
6
7
6
6
7
7
7
6
6
7
7
6
7
7
7
7
7
7
7
7
7
7
8
8
8
8
8
8
8
8
7
8
8
8
8
8
8
8
8
8
9
9
10
10
10
10
10
10
10
10
11
10
15
11
11
11
11
12
12
13
13
13
14
14
14
14
14
14
16
14
14
14
14
14
15
15
15
15
15
15
15
15
15
15
15
15
15
14
15
16
16
16
16
16
5
16
16
16
16
15
16
16
15
15
17
17
76
17
17
17
17
17
17
18
19
19
19
19
19
19
19
19
19
19
19
19
19
19
19
19
20
20
20
20
20
21
20
21
21
21
21
21
21
5
5
21
22
22
22
22
21
22
22
22
22
22
22
22
5
22
22
22
22
22
22
22
22
22
23
23
20
20
23
23
22
23
23
23
24
22
22
22
27
27
27
28
24
24
24
24
24
7
24
24
24
28
28
28
28
27
28
28
28
28
28
24
7
7
25
25
25
25
25
25
25
20
25
25
25
25
25
25
25
25
25
25
25
25
25
25
26
25
23
25
25
23
25
29
29
25
29
27
27
29
29
29
28
28
29
29
28
28
28
28
28
28
29
30
29
30
29
29
30
30
30
30
30
29
29
30
30
30
30
29
30
28
28
29
29
29
29
31
31
8
8
33
33
33
34
33
34
34
33
33
35
36
38
38
36
38
36
38
38
38
38
38
38
38
40
39
39
38
38
41
41
41
40
40
40
40
41
41
40
40
41
42
41
42
41
41
42
42
42
42
42
42
42
42
42
42
43
43
43
43
43
43
43
43
43
46
43
46
43
44
44
69
44
44
44
44
44
44
45
43
46
46
46
46
46
50
46
50
48
50
47
48
50
50
44
49
49
49
49
50
49
49
49
49
49
49
49
50
50
49
51
51
50
51
51
52
51
52
52
53
75
75
75
53
53
53
53
54
54
55
54
57
56
56
56
56
56
56
64
56
30
57
57
57
57
59
58
58
58
58
58
58
59
59
59
59
59
60
60
60
60
59
61
37
61
37
37
61
59
63
63
66
61
61
61
61
62
62
62
62
63
58
62
63
63
63
63
64
64
64
64
64
64
64
62
65
65
65
65
65
66
63
66
65
65
66
65
65
66
65
61
61
61
66
66
61
61
61
67
67
66
66
66
67
67
71
71
67
68
67
69
68
68
69
69
71
69
69
69
69
69
69
69
69
69
43
65
65
70
70
70
70
71
72
69
71
71
71
71
71
69
69
71
71
71
71
71
71
49
72
73
72
72
72
72
73
49
73
73
71
73
49
73
73
75
74
74
74
75
75
72
75
75
75
76
76
76
76
76
10
75
75
30
1
3
14
7
22
21
20
20
25
19
19
15
13
6
6
3
22
22
22
7
7
28
24
28
28
46
49
43
44
42
40
37
68
68
68
66
63
56
37
37
37
38
38
38
40
41
41
38
36
23
27
27
27
29
28
29
29
28
28
24
28
8
30
29
51
32
32
33
35
38
60
60
60
60
60
60
59
59
29
30
33
34
29
31
29
30
30
30
42
31
35
23
8
7
44
69
37
58
29
29
30
31
29
29
31
38
5
61
42
76
56
