1
2
1
1
1
1
1
1
1
2
2
2
2
2
1
2
1
2
1
14
2
14
2
2
2
77
77
77
1
2
2
4
4
77
77
77
77
77
77
77
77
4
4
77
3
3
6
3
3
3
5
3
3
4
4
4
14
4
5
4
14
4
4
5
5
5
5
5
5
5
5
5
5
5
5
22
6
6
5
6
3
6
6
3
6
6
6
3
6
6
6
6
6
7
7
7
5
7
7
7
7
7
6
7
6
7
7
7
7
7
7
7
5
7
7
5
5
7
7
7
7
7
7
7
7
8
8
8
8
8
8
8
8
8
8
8
8
8
8
8
8
8
22
9
9
10
10
10
10
10
10
10
10
12
12
10
15
11
11
12
12
14
15
13
14
13
14
13
14
14
14
14
14
14
14
16
14
15
15
15
15
15
15
15
15
15
15
15
15
15
15
16
16
14
16
16
16
21
21
16
16
16
15
21
16
15
15
15
15
17
76
17
17
17
17
19
18
15
19
15
19
15
19
19
15
19
19
19
19
19
25
19
25
15
19
20
19
20
21
21
21
21
21
21
21
22
21
22
22
22
22
22
22
20
22
22
22
22
22
22
22
22
22
24
24
22
22
23
22
23
23
23
23
20
20
20
23
24
23
20
23
24
24
24
24
24
24
24
24
24
24
24
24
24
24
24
24
24
24
24
24
24
24
23
24
28
28
24
24
24
24
25
25
25
25
25
25
25
25
25
25
25
25
25
25
25
25
25
25
25
25
25
26
27
27
25
25
26
26
26
27
25
25
25
27
27
27
27
27
8
28
28
28
28
28
28
28
28
31
30
29
29
29
30
30
30
30
31
31
31
31
31
31
31
30
30
30
31
31
28
28
28
28
28
28
28
8
8
8
33
33
34
34
35
37
35
34
35
38
38
35
35
36
36
37
38
40
38
38
38
38
40
39
39
36
38
38
39
39
42
40
40
40
41
39
40
41
41
41
42
42
41
42
42
42
42
42
42
40
42
42
42
42
43
43
43
43
43
43
46
43
43
43
43
43
46
44
44
69
44
44
49
47
47
47
45
46
46
46
46
46
45
46
46
52
47
45
47
47
48
51
49
47
50
49
49
49
49
50
49
73
49
49
49
50
50
50
51
51
51
52
52
52
52
52
52
53
49
75
75
53
53
53
53
54
50
55
55
57
56
56
57
56
56
56
64
64
57
57
57
57
57
59
58
30
58
58
58
59
58
58
59
61
59
60
31
59
60
61
61
61
68
67
61
61
61
61
63
63
61
67
68
61
57
62
62
65
63
58
58
63
63
63
65
65
64
64
64
64
64
64
65
65
65
65
70
65
63
63
65
65
66
70
66
66
70
66
67
67
61
61
63
63
67
67
71
71
67
70
70
67
71
71
71
70
68
68
69
68
68
68
44
68
69
69
42
69
69
69
44
69
69
45
70
70
70
70
70
70
70
73
71
71
71
71
71
71
71
71
71
71
71
71
73
71
71
73
73
72
72
72
75
72
73
71
73
73
73
49
73
73
72
74
72
72
75
75
75
75
75
75
76
76
76
76
76
10
53
72
30
1
3
5
22
22
21
20
25
25
19
25
15
13
5
3
3
22
22
22
5
22
28
28
28
28
46
49
43
45
69
40
68
61
68
71
66
63
56
37
37
38
38
38
38
40
41
39
36
36
24
23
27
27
28
27
27
28
28
28
28
28
22
27
29
51
32
32
35
35
38
59
60
60
37
34
31
59
59
30
30
35
35
28
31
30
29
30
30
69
31
35
23
22
28
44
40
61
58
28
29
29
31
27
30
30
38
5
61
42
76
56
