1
2
2
1
1
1
1
1
1
2
2
2
13
13
2
2
2
13
2
14
13
2
2
4
2
77
1
1
1
1
2
4
77
77
77
77
77
77
77
77
3
4
4
3
3
77
77
3
3
4
4
4
3
4
14
4
14
14
4
4
4
14
14
5
5
5
5
5
5
5
5
5
5
5
5
5
3
3
3
3
6
3
6
3
3
6
6
3
6
6
6
6
6
6
5
5
6
6
6
7
6
6
6
6
7
6
6
7
7
7
7
7
7
7
7
22
7
7
7
7
7
7
7
7
7
7
8
8
8
8
8
8
8
8
8
8
8
8
8
8
8
8
8
9
10
10
11
10
10
10
10
10
10
11
10
10
11
11
11
12
12
12
15
13
13
13
14
13
13
13
14
14
14
14
14
14
14
15
15
15
15
15
15
15
15
19
19
16
15
15
16
16
16
16
16
16
16
16
16
16
16
16
16
16
16
17
17
17
17
76
76
17
17
17
15
15
18
19
19
15
15
19
19
19
19
19
19
19
19
19
19
19
19
20
20
20
20
20
21
21
21
21
21
21
21
21
21
22
22
22
22
22
22
22
22
22
22
22
22
22
22
22
22
22
22
22
22
22
22
22
22
22
20
20
20
20
20
20
23
23
26
24
24
24
24
24
24
24
24
24
24
24
24
24
24
24
24
24
24
24
24
24
24
24
24
24
24
24
24
24
24
25
19
25
25
25
25
25
25
25
25
25
25
25
25
25
25
25
25
25
25
25
25
26
25
25
25
25
25
25
25
27
25
27
27
27
27
27
27
28
23
27
27
8
28
31
28
31
28
29
29
29
29
29
29
29
30
30
30
30
30
30
30
30
30
30
30
30
31
31
28
31
28
31
31
31
8
32
32
33
34
60
34
34
34
35
38
35
36
38
38
36
38
38
38
38
38
38
38
38
38
40
39
39
36
38
38
39
39
41
40
40
40
41
39
41
41
41
41
41
41
41
42
42
42
42
42
42
42
42
42
42
42
43
42
43
43
42
43
43
43
43
43
43
43
43
44
44
44
44
44
44
47
47
44
48
43
52
46
46
48
48
46
52
52
47
48
47
47
46
46
49
49
49
49
49
50
50
49
49
49
49
49
49
50
50
50
51
51
51
52
52
52
52
52
52
53
49
75
75
53
53
53
53
54
54
55
54
30
56
56
56
56
56
56
56
62
57
57
57
58
57
59
58
30
58
58
58
58
58
58
59
59
59
60
31
60
60
58
58
37
67
67
61
61
58
58
61
61
61
67
68
61
58
62
62
62
63
58
58
58
63
63
58
64
56
56
64
64
64
64
65
64
65
65
66
70
66
63
66
66
66
66
66
66
70
66
68
67
67
61
67
67
67
67
68
67
70
66
66
70
67
71
70
70
68
68
68
67
68
68
71
68
68
69
69
69
69
69
71
69
69
43
70
70
70
70
71
70
71
70
71
71
71
70
71
71
71
71
71
71
71
71
71
71
71
72
72
72
72
72
72
72
71
73
73
73
73
73
73
49
72
74
74
74
75
75
75
75
75
75
76
76
76
76
76
10
75
75
30
1
3
5
22
22
21
20
25
25
19
19
15
13
3
3
3
22
22
22
7
7
28
28
28
28
52
49
43
45
42
40
68
61
68
67
63
63
56
37
37
38
38
38
38
40
42
39
36
36
23
23
27
23
23
23
27
27
23
28
28
31
8
29
29
55
32
8
35
38
38
60
60
60
60
60
31
59
59
30
30
38
34
31
31
30
30
30
30
69
8
38
20
8
24
44
40
61
58
31
29
30
31
29
30
58
38
5
61
42
76
62
