1
2
1
1
1
1
1
1
1
2
1
2
2
13
2
2
2
13
2
14
13
2
2
4
2
77
77
77
1
1
2
4
4
77
4
77
4
77
77
77
77
4
4
77
3
77
3
77
3
3
4
4
3
4
14
4
14
4
5
4
14
5
4
5
5
5
5
5
5
5
5
5
5
5
22
5
4
4
5
5
4
3
6
6
6
5
6
6
6
6
6
7
6
6
6
6
5
5
5
7
7
6
7
6
6
6
6
7
7
7
6
7
7
7
7
22
22
7
7
7
7
7
7
7
7
8
8
8
7
8
8
8
8
8
8
8
8
32
8
8
8
8
8
9
9
10
10
9
10
10
76
76
76
12
11
15
11
11
15
12
12
13
15
13
14
14
14
16
14
16
14
14
16
16
16
14
14
15
15
15
15
15
17
15
15
15
19
15
15
15
14
15
16
16
16
16
16
16
16
16
16
16
19
19
16
17
15
17
17
76
76
76
17
18
18
19
18
19
19
19
19
15
15
15
19
19
19
20
20
19
19
19
19
19
20
20
23
23
21
16
22
22
21
22
21
21
21
22
22
21
22
22
22
20
20
20
23
22
22
22
23
22
22
22
23
23
23
23
20
23
23
23
23
23
23
23
23
23
23
23
23
24
24
24
24
23
24
24
24
24
24
24
24
24
24
24
24
24
24
24
24
24
24
23
24
24
24
24
24
24
24
25
25
25
19
25
25
25
25
25
25
25
25
25
25
25
25
25
25
25
25
25
25
23
23
26
25
25
26
26
27
29
26
27
27
27
27
29
27
8
24
28
28
28
28
28
28
28
28
30
29
28
30
30
30
30
30
30
31
31
30
28
30
30
30
30
30
30
31
31
28
28
31
28
28
28
8
32
32
33
35
60
34
34
34
35
35
35
38
38
35
38
36
36
35
37
38
38
38
38
38
40
39
39
39
38
39
39
39
42
40
40
42
42
41
42
41
41
42
42
42
41
41
42
42
42
42
42
42
42
42
69
69
69
43
43
43
43
43
69
43
43
43
43
43
46
44
44
44
44
44
44
50
44
50
46
46
46
48
46
46
43
48
46
46
47
48
48
48
48
48
49
50
50
49
73
49
49
49
49
49
49
53
49
50
50
50
51
48
50
52
52
52
52
52
52
53
53
53
53
53
53
53
51
54
51
55
51
56
56
56
56
56
56
56
56
56
57
57
57
62
57
58
30
30
58
58
58
58
58
61
59
59
61
31
31
60
60
59
61
37
37
37
61
61
59
61
61
61
61
61
61
37
62
62
62
62
63
63
63
62
62
62
62
64
64
64
64
64
64
64
65
65
70
65
66
70
66
65
65
66
66
63
66
66
66
70
67
67
67
61
61
61
61
67
61
67
67
67
67
66
66
67
67
70
61
61
68
68
67
68
68
68
40
69
69
69
69
69
69
44
69
44
70
70
70
70
71
70
71
71
71
71
71
70
71
71
71
71
71
71
71
71
71
71
71
72
72
72
72
72
75
72
71
71
73
73
73
73
73
49
74
74
74
74
49
75
75
53
53
49
76
76
76
76
76
10
53
75
30
2
3
5
5
22
21
23
20
25
19
18
15
14
5
6
3
22
22
23
22
7
28
28
28
28
46
49
43
45
69
40
37
61
37
67
63
63
56
37
37
37
38
38
39
40
41
38
36
38
23
23
23
23
27
27
29
27
28
28
24
28
8
27
30
51
35
8
35
35
38
59
60
60
60
34
31
59
59
28
30
35
34
28
31
30
29
30
30
69
8
35
23
7
24
44
40
61
58
28
29
29
31
29
30
31
38
5
37
69
76
62
