1
1
1
1
1
1
1
77
1
1
1
2
2
2
2
2
2
2
2
2
2
2
2
4
2
77
77
1
1
77
2
4
77
77
77
77
4
77
77
77
4
4
4
3
3
77
3
3
3
4
4
4
3
4
14
2
14
4
4
4
4
5
4
5
5
5
5
5
5
5
5
5
5
5
5
5
4
5
5
5
6
3
3
3
6
6
6
6
6
6
6
6
6
6
6
5
5
6
6
6
6
6
7
6
6
6
6
7
6
7
7
7
7
7
7
5
22
7
7
7
7
7
7
8
7
8
7
7
8
8
8
8
8
8
8
8
8
8
8
8
8
8
8
9
9
10
10
10
10
10
10
10
10
11
11
15
15
11
11
10
12
12
12
13
13
13
14
14
13
13
14
14
14
14
14
14
5
15
15
15
15
15
15
15
15
15
15
15
15
19
16
16
16
16
16
16
16
16
16
16
16
16
16
16
16
15
17
15
17
76
76
17
17
18
17
17
18
19
19
15
19
19
19
19
19
19
19
19
19
19
19
19
19
20
20
20
20
20
16
21
21
21
21
21
21
21
21
22
21
21
22
21
22
22
22
22
22
22
22
22
22
22
22
22
22
22
22
22
22
22
22
22
20
20
20
20
20
22
20
20
23
24
24
24
24
24
24
24
24
24
24
24
24
24
24
24
24
24
24
24
24
24
24
24
24
24
24
24
24
24
24
25
19
25
25
25
25
25
25
25
25
25
25
25
25
25
25
25
25
25
25
25
25
23
26
23
25
25
26
26
26
29
29
29
27
27
27
31
31
28
27
27
27
28
28
28
28
28
28
29
29
31
29
30
29
30
30
30
30
30
30
31
30
30
30
30
30
30
31
31
31
31
28
31
28
31
8
8
33
33
34
34
34
34
34
35
38
35
36
38
38
36
39
38
38
38
38
38
38
38
38
38
39
39
39
41
39
41
39
40
40
40
40
41
41
40
41
41
41
41
41
41
42
42
42
42
42
42
42
42
42
42
43
42
43
43
43
43
43
43
46
43
46
43
43
46
44
45
44
44
44
44
44
44
44
43
46
46
46
46
46
46
46
52
46
51
51
51
47
48
46
49
51
49
49
49
49
49
50
49
49
49
49
49
49
50
50
51
51
51
52
52
52
52
52
52
49
53
53
53
53
54
53
54
54
54
55
55
56
56
56
56
56
64
64
64
56
57
57
57
57
57
58
58
58
58
58
58
58
58
58
59
59
59
34
31
31
60
58
61
37
61
61
61
61
58
63
61
61
61
61
61
68
62
62
62
62
63
63
62
63
63
63
63
64
56
64
64
64
64
64
62
62
62
62
65
65
63
63
62
65
63
66
63
65
70
70
68
68
68
67
66
67
67
67
67
66
66
66
66
67
67
71
71
71
68
68
68
67
68
68
71
71
69
69
42
69
69
71
69
69
69
43
70
65
70
70
70
70
70
71
71
71
71
71
70
71
71
71
71
71
71
71
71
73
71
72
72
72
72
72
72
72
73
73
73
73
72
73
73
73
74
74
74
75
75
75
75
75
75
75
76
76
76
76
76
76
53
75
30
1
3
5
22
22
16
20
25
25
19
18
15
13
5
6
3
22
22
22
22
7
28
28
28
28
52
49
43
45
42
40
37
68
68
67
66
63
56
58
37
58
38
38
39
40
41
41
36
36
22
27
23
23
27
27
31
31
27
28
28
28
8
31
29
51
34
8
35
35
38
60
34
60
60
34
60
59
59
31
30
33
34
31
31
30
29
29
29
69
32
38
23
8
24
44
69
58
62
28
29
29
31
31
30
30
38
16
37
42
76
56
