1
2
1
1
1
1
1
1
1
2
1
2
2
2
2
2
2
2
2
2
2
2
2
2
4
77
1
1
1
77
4
4
4
77
77
77
77
77
3
77
77
77
3
3
3
77
77
3
3
5
5
5
3
4
14
2
14
4
4
4
14
14
4
5
4
16
5
5
5
5
5
5
5
5
5
22
3
5
5
3
3
3
6
6
3
6
6
3
6
6
6
6
6
6
5
5
6
6
6
7
7
6
6
7
6
7
7
7
7
7
7
7
7
7
7
7
7
7
7
7
7
7
8
8
7
8
8
8
7
8
8
8
8
8
8
8
8
8
8
8
8
8
8
9
9
10
15
10
10
10
10
10
10
11
11
15
11
11
15
11
12
12
13
13
13
13
13
14
16
14
14
16
16
16
14
16
14
15
15
15
15
15
15
15
15
15
19
15
15
15
14
16
16
16
16
16
16
16
16
16
21
16
16
20
16
17
15
17
17
17
76
17
17
18
17
17
18
15
19
15
17
19
17
19
15
19
19
19
20
20
19
25
19
20
20
20
20
22
21
16
16
21
21
21
22
21
5
22
21
22
22
20
22
20
22
22
23
22
22
22
22
22
22
22
24
22
22
23
22
22
24
24
23
23
23
23
24
24
23
23
26
24
24
24
24
24
24
24
24
24
24
24
24
24
24
24
24
24
24
24
24
24
23
28
24
28
28
24
24
24
24
25
25
25
25
25
25
25
25
25
25
25
25
25
25
25
25
25
25
25
25
25
25
26
26
23
25
23
23
26
27
29
26
27
27
27
27
29
29
28
28
28
28
28
28
28
28
28
28
30
29
29
29
29
30
30
30
29
30
31
31
31
30
30
30
30
30
30
31
28
28
28
28
28
28
28
32
8
8
33
28
35
35
35
38
35
35
35
36
35
35
36
38
38
38
38
38
36
38
38
38
38
39
39
36
38
39
41
39
40
40
40
40
41
41
40
41
41
42
41
41
41
42
42
42
42
42
42
42
42
69
42
43
43
43
69
43
43
43
43
43
43
46
43
43
43
44
44
69
69
44
44
69
44
44
45
52
46
46
43
46
46
51
46
52
48
48
48
48
48
51
48
47
48
49
49
49
50
49
49
73
49
49
50
50
50
51
52
51
51
52
52
52
52
52
52
53
49
75
53
53
53
53
53
54
55
55
55
56
56
56
56
56
56
64
64
56
57
30
57
57
57
58
30
58
58
58
58
58
58
62
59
61
59
31
60
59
60
61
61
38
61
61
61
61
61
63
63
61
67
61
68
68
62
62
62
62
63
63
63
63
63
63
63
64
64
64
64
64
64
64
63
63
65
65
65
70
63
63
63
63
66
66
66
65
66
70
67
67
67
61
61
67
67
67
68
67
67
61
61
67
71
71
71
67
68
68
40
68
68
68
68
68
69
69
42
69
69
44
44
44
69
45
70
70
70
70
70
70
70
71
71
71
71
71
70
70
71
71
71
71
71
71
71
71
49
72
72
72
72
72
75
72
49
71
73
73
73
73
73
75
72
74
74
74
75
75
75
75
75
75
76
76
76
76
76
10
53
74
30
1
3
4
22
22
21
20
20
25
25
18
15
13
5
3
3
22
7
22
7
7
28
28
28
28
52
49
46
45
69
40
40
61
68
67
66
63
56
38
37
38
36
38
36
37
41
41
36
36
23
23
27
23
27
23
27
27
28
28
28
28
8
29
29
51
32
32
35
35
35
59
60
59
60
60
31
59
59
31
30
33
34
31
31
29
30
30
30
69
28
35
23
7
7
44
42
38
62
28
29
30
31
29
30
30
38
5
61
42
76
62
