1
2
1
1
1
1
1
1
1
2
1
2
2
2
2
2
2
2
2
14
2
2
2
14
2
77
77
4
1
4
4
4
77
77
4
77
4
77
3
77
4
4
4
4
3
77
77
3
3
3
3
3
3
14
4
14
14
4
4
4
14
14
5
5
5
5
5
5
5
5
5
5
5
5
5
5
3
3
5
3
3
77
6
3
6
6
6
3
6
6
6
6
6
6
5
5
5
5
6
7
7
7
6
7
6
7
7
7
7
7
7
7
7
5
5
7
7
7
7
7
7
7
8
8
7
8
8
8
8
8
8
8
8
8
8
8
8
32
8
8
8
8
8
9
9
9
11
10
10
10
10
10
10
12
12
11
11
11
15
12
12
12
12
13
13
13
14
14
14
14
14
14
16
14
14
16
14
15
15
15
17
17
17
17
17
15
15
16
17
17
16
16
16
16
16
16
16
16
16
16
16
16
16
21
16
17
17
17
17
17
17
17
17
18
17
17
18
19
16
19
17
17
19
19
19
19
19
19
19
19
19
19
19
21
21
20
20
22
21
21
21
21
21
21
21
21
21
21
21
22
22
22
22
21
22
22
22
22
22
22
22
22
22
22
22
22
22
22
22
22
23
22
20
20
25
20
20
23
23
20
23
24
24
24
24
24
24
24
24
24
24
24
24
24
24
24
24
24
24
24
24
24
24
24
24
24
24
24
24
24
24
25
25
25
18
25
25
25
25
25
25
25
25
25
25
25
25
25
25
25
25
25
25
26
26
26
25
25
26
26
29
29
29
27
27
27
27
29
27
8
27
27
27
28
31
31
31
31
28
29
29
30
30
30
29
30
30
30
30
30
30
30
30
30
30
30
30
30
31
31
31
31
28
31
31
31
8
32
32
33
33
34
35
34
34
33
35
33
35
35
38
33
38
38
38
38
38
38
38
38
38
38
39
38
38
39
39
39
39
42
40
42
40
41
39
42
38
41
41
42
42
41
42
42
42
42
42
42
42
42
69
42
43
43
42
43
43
43
43
46
43
43
43
43
46
46
44
43
44
44
44
44
44
44
44
46
46
46
46
46
46
46
46
46
52
51
47
45
48
51
46
49
49
49
49
49
49
50
49
49
73
49
49
49
50
50
50
51
51
51
52
51
51
52
55
51
49
49
53
53
53
49
53
49
54
50
55
51
56
56
56
56
56
56
56
56
64
30
57
57
57
57
30
58
58
58
58
58
30
58
58
58
58
60
60
31
31
60
58
61
61
68
61
61
61
61
58
58
61
61
68
68
68
63
62
62
63
63
58
63
63
63
63
63
62
64
64
64
64
64
64
65
65
64
65
65
70
66
63
65
65
65
66
66
66
71
65
67
67
67
61
63
67
67
67
68
67
67
67
67
71
71
67
71
71
68
68
69
68
68
68
71
67
68
69
69
69
69
69
69
69
69
69
70
70
70
72
70
72
71
72
71
71
71
71
71
71
71
49
49
71
71
71
71
71
71
72
72
72
72
72
72
72
71
71
73
71
73
73
72
73
72
74
74
74
72
75
75
75
75
75
76
76
76
76
76
76
53
74
30
1
3
5
22
22
16
20
25
29
18
18
16
13
5
3
3
22
22
22
7
7
31
8
28
28
46
49
43
43
42
40
40
68
68
67
66
63
56
38
37
38
38
38
38
38
42
38
36
36
23
26
26
26
27
27
27
29
27
31
31
31
8
27
30
51
28
8
35
35
35
60
60
60
60
60
60
59
59
30
30
33
34
31
30
30
29
30
29
69
28
38
20
8
24
44
69
61
58
31
29
29
31
29
30
30
38
5
61
42
76
62
