1
2
1
1
1
1
1
1
1
1
1
2
2
2
2
2
2
2
2
13
2
2
2
2
2
77
77
77
77
77
4
4
4
77
77
77
77
77
77
77
77
4
4
3
3
3
3
3
3
4
4
4
3
4
4
4
13
4
4
5
4
16
5
5
5
16
5
5
5
5
5
5
5
5
5
5
4
5
5
6
6
3
6
6
6
5
5
5
6
6
5
6
5
5
5
5
5
5
6
6
6
6
6
6
6
6
7
7
7
7
7
7
7
7
7
7
7
7
7
7
7
7
7
7
7
8
8
8
8
8
8
8
8
8
8
8
8
8
8
8
8
28
28
9
9
9
10
10
10
10
10
10
10
11
10
11
11
11
11
12
12
12
12
13
13
13
14
14
14
13
14
14
16
16
14
14
14
15
15
15
15
15
15
15
15
15
15
15
15
18
16
16
16
16
16
16
16
16
16
16
16
16
16
16
16
17
18
17
17
17
17
17
18
18
18
18
18
20
18
18
19
18
19
19
18
19
19
19
19
19
19
19
25
20
20
20
20
20
21
21
21
21
21
21
21
21
21
22
22
22
22
22
22
22
20
22
22
22
22
22
22
22
22
22
22
24
22
22
20
23
23
20
20
23
23
20
20
23
20
20
23
24
24
24
24
24
24
24
24
24
24
24
24
24
24
24
24
24
24
24
24
24
24
24
28
24
28
24
28
24
28
25
25
25
18
25
25
25
25
25
25
25
25
25
25
25
25
25
25
25
25
25
25
26
26
26
23
29
29
26
26
29
29
27
27
27
29
29
27
28
28
28
28
28
28
28
28
28
28
29
29
29
29
29
29
30
30
29
30
29
30
29
30
30
30
30
29
30
31
31
28
31
31
31
28
28
32
8
32
33
33
34
35
37
37
35
35
35
35
35
35
36
38
38
35
38
39
38
38
38
38
38
39
39
39
39
39
39
39
40
40
40
40
41
39
41
41
41
41
41
41
41
41
42
42
42
42
40
42
42
42
42
43
43
42
43
43
43
43
43
43
45
45
45
45
43
44
44
44
44
44
47
47
50
47
46
46
46
46
46
46
46
46
46
46
50
48
50
51
48
48
49
47
47
49
49
50
49
49
49
49
49
49
50
50
50
50
51
51
51
52
52
52
52
52
52
49
49
53
53
53
54
54
54
54
54
55
55
56
56
56
56
56
56
56
64
64
57
57
57
57
57
58
58
58
58
58
58
58
58
58
59
59
59
60
60
59
59
61
61
37
37
37
37
61
58
58
70
70
61
61
37
37
62
62
62
63
63
63
62
63
63
63
63
64
64
64
64
64
64
64
65
65
65
65
65
65
70
63
70
70
70
66
70
70
66
70
67
67
67
67
70
67
70
70
67
70
70
67
67
70
70
71
70
70
37
37
37
68
68
71
71
68
69
69
69
69
71
71
71
71
69
44
70
70
70
70
70
70
70
70
71
71
71
70
71
71
71
71
71
71
71
71
71
71
71
72
72
72
72
72
72
72
49
73
73
73
73
73
73
73
72
74
74
74
75
75
75
75
75
75
76
76
76
76
76
10
54
75
58
1
3
4
22
22
21
20
25
25
18
18
16
13
5
5
3
22
22
24
7
7
28
28
28
28
46
49
45
45
42
40
37
37
68
67
70
63
56
37
37
38
38
38
39
39
41
39
36
36
23
23
27
27
27
27
27
28
28
28
28
28
28
29
29
51
32
32
35
35
35
59
60
60
60
60
60
59
59
29
30
33
34
31
31
29
29
29
29
69
28
35
23
8
24
44
37
61
58
28
29
29
31
29
29
30
38
5
37
42
76
56
