1
2
1
1
1
1
1
1
1
1
1
2
2
2
2
2
2
2
2
2
2
2
2
2
2
77
77
77
1
2
2
4
4
77
4
77
77
77
77
77
4
4
4
77
77
3
3
3
3
77
77
77
3
4
4
4
4
4
4
4
4
14
4
5
5
5
5
5
5
5
5
5
5
5
5
5
3
77
5
5
3
3
3
6
6
5
5
6
6
6
6
6
6
6
6
5
6
6
7
6
6
6
6
6
7
6
7
7
6
7
7
7
6
7
6
7
7
7
7
7
7
7
7
7
7
7
8
8
8
7
8
8
8
8
8
8
8
8
8
8
8
8
8
9
9
10
10
10
10
10
10
10
10
11
11
11
15
11
11
12
12
12
14
13
13
13
14
14
14
14
14
16
14
14
14
14
14
15
15
15
15
15
17
15
15
15
15
15
15
15
16
16
16
16
5
16
5
5
16
16
16
16
16
15
16
17
15
17
17
17
17
17
17
17
17
17
18
19
15
15
19
19
19
19
19
15
15
19
19
19
19
19
19
20
20
20
20
20
21
21
21
21
21
21
21
22
21
22
22
22
22
22
22
22
22
22
22
22
22
22
22
22
22
22
22
22
22
22
22
23
23
22
22
20
20
20
22
23
23
23
27
24
24
24
24
24
24
24
24
24
24
24
24
24
24
24
24
24
24
24
24
24
24
24
24
24
24
28
24
24
24
25
25
25
25
25
25
25
25
25
25
25
25
25
25
25
25
25
25
25
25
25
25
27
27
23
26
26
23
26
29
29
26
27
27
29
29
29
29
8
28
28
28
28
31
31
28
31
31
29
29
31
29
30
29
30
30
30
30
30
30
30
30
30
30
30
30
30
31
31
31
31
31
31
31
31
8
8
33
33
33
34
34
34
38
33
33
33
38
38
35
38
38
38
38
38
40
40
38
38
40
38
39
39
38
38
39
39
39
40
40
40
40
41
41
40
41
41
42
41
41
41
42
42
42
42
42
42
42
42
42
42
43
43
43
43
43
43
43
43
43
43
43
43
43
43
44
44
44
44
44
44
44
44
44
50
46
46
46
46
46
45
46
46
46
50
50
50
47
51
48
49
49
49
49
49
50
49
49
49
49
49
49
49
50
50
50
51
48
51
52
52
51
52
52
51
53
49
75
53
53
53
53
53
54
54
55
51
56
56
56
56
56
56
56
64
64
57
57
57
57
57
58
30
58
58
30
58
58
58
58
59
59
58
60
60
59
59
58
61
61
61
61
58
61
61
61
61
67
61
61
68
61
62
62
62
64
63
58
63
63
63
63
63
64
64
64
64
64
64
64
64
64
65
65
64
64
66
63
63
65
65
66
66
65
66
65
68
68
67
67
63
67
67
67
68
68
68
67
66
67
71
71
71
67
68
68
69
68
68
71
71
68
69
69
69
69
69
69
71
69
69
69
70
70
70
70
70
70
71
72
71
71
71
67
71
71
71
71
71
71
71
71
71
71
71
72
72
72
72
72
72
75
49
73
73
73
73
73
73
73
72
74
74
74
75
75
75
75
75
75
76
76
76
76
76
10
53
75
30
1
77
4
22
22
21
20
25
25
19
25
15
14
5
6
3
22
22
22
7
24
28
8
28
28
46
49
45
45
69
40
69
68
69
68
66
63
56
38
37
38
38
38
38
40
41
39
38
36
23
23
27
27
27
27
27
27
28
31
28
31
8
29
30
51
32
32
35
38
38
59
60
60
60
60
60
31
59
30
30
33
34
31
31
30
29
30
30
69
31
35
23
8
24
44
69
58
58
31
29
30
31
29
30
30
38
5
61
42
76
56
