1
2
1
1
1
1
1
1
1
1
1
2
2
2
2
2
2
2
2
2
13
2
2
2
2
77
77
1
1
1
2
4
4
77
4
77
4
77
77
77
77
3
3
77
77
77
3
3
3
3
3
4
3
4
4
4
14
4
4
4
14
4
4
5
5
5
5
5
5
5
5
5
5
5
5
5
4
5
6
3
3
3
6
6
3
3
3
3
6
6
6
6
3
3
6
7
7
6
6
6
6
6
6
6
7
7
7
7
7
7
7
6
7
7
7
7
7
7
7
7
7
7
7
7
8
7
8
8
8
8
8
8
8
8
8
8
8
8
8
8
8
8
8
9
9
10
10
12
10
10
76
10
10
12
11
11
11
11
12
12
12
12
12
13
13
13
14
14
14
14
12
14
14
16
14
16
14
15
15
15
15
15
15
15
15
15
15
15
15
15
16
16
16
16
16
16
16
16
16
16
16
16
16
16
16
15
15
17
17
76
76
17
17
17
18
15
18
19
19
19
15
19
19
19
19
19
19
19
19
19
19
19
19
20
20
20
20
20
21
20
21
21
21
21
21
21
21
22
22
22
22
22
22
22
22
22
22
22
22
22
22
22
22
22
22
22
22
22
22
23
23
23
22
20
20
20
20
23
23
20
23
24
22
24
22
24
24
23
24
24
24
24
24
24
24
24
24
24
24
24
24
24
24
24
24
24
24
24
24
24
24
19
25
25
25
25
25
25
25
25
25
25
25
25
25
26
25
25
25
25
25
25
25
26
26
25
25
25
25
25
26
26
26
29
27
27
29
29
28
7
24
31
31
8
28
31
31
28
31
29
30
31
29
29
29
29
30
30
30
30
30
30
30
30
30
30
29
30
31
31
31
31
31
31
31
31
8
8
32
33
34
34
34
34
34
35
33
35
38
38
38
36
36
38
38
38
38
38
38
38
38
38
39
39
36
38
39
39
39
40
40
40
40
41
41
41
40
41
41
41
41
41
41
42
42
42
42
42
42
42
42
42
43
43
43
43
43
43
43
43
43
43
43
43
43
46
44
45
44
44
44
44
44
45
44
45
46
46
46
43
46
46
46
46
52
47
48
48
47
51
48
49
49
49
49
49
49
50
49
49
49
49
49
49
50
50
50
51
48
51
52
51
51
52
52
55
54
54
49
53
53
54
54
54
54
54
55
51
57
56
56
56
56
56
56
64
56
57
57
57
57
57
30
58
58
58
58
58
30
58
58
59
59
59
60
31
59
60
58
58
60
68
68
61
61
61
61
63
63
61
61
68
68
58
62
62
63
63
58
58
58
63
63
63
64
64
64
64
64
64
64
65
65
65
65
65
65
65
63
65
65
66
67
66
66
66
65
67
67
67
63
63
67
67
66
67
66
67
67
67
66
66
67
71
71
68
68
68
68
68
71
71
71
71
69
69
69
71
71
44
69
69
44
70
65
70
70
70
70
71
72
71
71
71
71
71
71
71
71
71
73
71
71
71
73
71
72
72
72
72
72
72
72
73
73
73
73
72
73
73
73
72
72
74
74
75
75
75
75
75
49
76
76
76
76
76
10
54
72
58
2
3
4
22
22
21
20
25
25
19
25
15
13
6
3
6
22
22
22
22
7
28
7
28
8
46
49
43
45
42
40
69
61
68
67
63
63
56
60
37
38
38
38
38
38
40
41
36
36
23
27
26
27
27
27
27
28
28
31
28
31
8
27
30
51
32
8
35
35
38
60
60
60
60
60
60
59
59
31
30
33
34
31
31
30
30
30
30
43
8
35
26
8
7
44
69
61
58
31
29
31
31
31
29
30
38
5
61
42
76
64
