1
2
1
1
1
1
1
1
1
2
2
2
2
2
2
2
1
2
2
4
2
4
2
2
1
77
1
1
1
1
3
3
77
77
77
77
77
77
77
77
3
3
4
3
77
77
77
77
3
3
4
4
3
4
5
4
4
5
4
5
4
4
5
4
5
5
5
5
5
5
5
22
22
5
22
22
4
4
5
4
6
3
3
3
3
6
6
6
6
6
6
6
6
6
7
5
5
7
6
6
6
7
6
6
6
6
7
7
7
7
7
6
7
7
7
7
7
7
7
7
7
7
7
8
7
8
8
7
7
8
8
8
8
8
8
8
8
8
8
8
8
8
8
9
9
10
11
11
10
10
10
10
11
11
11
11
11
15
15
11
11
12
15
13
13
4
4
14
14
15
15
14
14
14
14
16
16
15
15
15
15
15
15
19
15
15
19
15
15
19
14
14
14
14
16
16
16
16
5
16
16
16
16
21
21
15
19
18
17
17
76
17
17
17
18
18
17
15
19
15
19
19
18
19
19
25
19
19
23
25
25
19
19
20
20
20
20
20
21
21
21
21
16
21
21
22
22
21
21
21
22
20
22
20
20
20
22
22
22
22
22
22
22
24
22
22
22
22
20
22
23
20
20
23
23
23
23
23
23
26
27
24
22
22
24
24
24
22
22
24
24
24
22
22
24
24
24
24
24
24
24
24
23
24
24
24
24
24
24
24
24
25
25
25
17
25
25
25
25
25
25
25
25
25
25
26
25
25
25
25
25
25
25
27
26
25
25
25
26
26
29
26
26
29
27
27
29
29
27
8
24
28
28
28
28
24
28
28
28
29
29
31
30
30
29
30
30
58
58
58
30
30
30
30
30
30
30
30
31
28
31
31
28
28
31
28
8
8
33
33
33
34
34
34
38
35
35
35
38
38
38
36
36
36
61
38
38
38
36
38
38
38
39
39
36
41
39
41
39
41
40
40
40
41
41
41
41
41
42
41
42
41
41
42
42
42
42
42
42
42
42
42
43
43
43
43
43
69
43
43
43
69
69
43
43
43
44
47
44
44
44
44
47
47
47
45
46
46
46
46
43
45
46
48
48
47
45
48
48
48
48
47
47
49
49
49
50
49
50
49
73
73
49
49
51
50
50
48
48
51
46
51
51
46
51
51
49
53
53
53
53
53
53
53
54
50
52
55
56
56
56
56
56
56
64
64
64
58
30
57
57
57
58
58
30
58
58
58
58
58
58
59
59
60
60
31
59
60
59
61
61
68
61
61
61
61
59
63
61
61
61
61
61
62
62
62
62
63
58
62
63
58
63
62
65
62
64
64
64
64
64
63
65
65
65
70
70
63
63
63
63
63
66
66
70
66
70
68
61
67
61
67
67
67
68
68
67
67
67
67
66
67
71
67
66
68
68
68
67
67
68
67
67
69
69
42
69
69
69
44
44
69
44
70
70
70
70
71
70
71
72
71
71
67
71
71
71
67
71
71
71
71
71
73
73
73
72
72
72
72
72
75
72
73
73
73
73
73
49
73
73
53
74
74
74
75
75
75
53
53
75
76
76
76
76
76
10
53
53
30
1
3
5
22
22
16
23
25
25
18
17
16
15
4
6
3
22
22
24
7
22
28
8
28
31
48
49
69
45
42
40
68
68
67
67
66
63
56
61
37
38
36
38
36
38
41
41
36
36
23
24
27
29
27
27
29
27
24
24
8
28
7
27
30
51
32
32
35
35
38
59
60
60
60
34
31
58
59
29
58
35
35
31
31
30
29
29
30
69
31
35
26
8
24
44
69
61
58
28
29
29
31
27
30
58
38
5
68
42
76
62
