1
1
1
1
1
1
1
1
1
2
1
2
2
2
2
2
2
2
2
2
2
4
2
2
2
77
77
1
1
1
2
2
77
77
77
77
77
77
4
77
77
4
4
4
4
77
3
3
3
3
4
3
3
4
4
4
4
4
4
14
14
14
4
5
5
5
5
5
5
5
5
5
5
5
7
5
6
3
3
6
3
3
3
6
6
6
6
6
6
6
6
6
6
6
6
5
5
6
7
6
6
6
6
6
7
7
7
7
7
7
7
7
6
7
7
7
7
7
7
7
7
7
7
7
7
8
8
8
8
7
8
8
8
7
8
8
8
8
8
8
8
8
8
9
9
9
10
10
10
10
10
10
10
11
15
10
15
11
15
10
13
13
12
13
13
13
13
14
14
13
14
16
14
14
14
14
14
15
15
15
15
15
15
15
15
15
15
15
15
15
14
16
16
16
16
16
16
5
16
16
21
21
16
16
21
17
17
17
17
17
76
17
18
18
17
17
18
15
15
19
19
15
19
15
19
19
19
19
20
20
19
19
19
16
20
20
20
20
21
21
21
21
21
21
21
21
21
22
22
22
22
22
22
22
22
22
22
22
22
22
22
22
22
22
22
22
22
22
22
22
22
22
20
20
25
20
22
23
23
23
26
24
24
24
24
24
24
24
24
24
24
24
24
24
24
24
24
24
24
24
24
24
24
24
24
24
24
24
24
24
24
25
25
25
25
25
25
25
25
25
25
25
25
25
25
25
25
25
25
25
25
25
25
27
26
26
25
25
25
26
26
26
25
27
27
27
27
27
27
8
28
28
28
31
28
31
31
31
31
29
29
31
29
29
30
29
30
30
30
30
30
31
30
30
30
30
30
30
31
31
31
31
31
31
31
31
8
8
8
33
33
34
34
34
34
35
35
38
36
38
34
36
38
38
38
38
38
38
38
38
38
38
39
39
38
41
39
41
39
38
40
40
40
41
41
41
41
41
41
42
42
42
42
42
42
42
42
42
42
42
42
42
42
43
43
43
43
43
43
43
43
46
46
43
46
43
44
50
44
44
44
44
44
44
44
46
46
46
46
46
46
46
46
46
46
50
51
48
47
51
46
73
49
49
73
73
49
50
49
49
49
49
51
51
50
50
50
51
46
51
52
52
51
52
52
51
51
53
53
53
51
51
53
51
54
51
55
55
30
56
56
56
56
56
64
64
64
57
30
57
58
57
58
58
30
58
58
58
58
58
58
59
59
59
60
31
60
60
58
60
61
61
61
61
61
58
58
61
61
61
67
61
61
58
58
62
62
58
58
58
63
58
63
62
64
64
64
64
64
64
64
65
62
64
65
65
64
66
63
63
63
66
67
66
66
70
70
67
67
67
61
63
63
63
63
67
67
67
67
67
71
71
71
71
71
67
68
68
67
68
68
71
71
69
69
42
69
69
71
69
69
69
46
70
64
64
64
71
64
71
72
71
71
71
71
71
71
71
71
71
71
71
71
73
71
71
72
72
72
72
74
72
72
73
73
73
73
72
73
73
73
74
74
74
75
75
72
75
75
75
75
76
76
76
76
76
10
53
75
30
1
3
4
22
22
21
20
25
25
18
18
16
13
5
6
6
22
22
22
7
7
28
28
28
31
46
73
46
45
42
40
61
61
68
67
66
63
56
34
37
38
38
38
38
38
38
41
36
36
23
27
26
27
27
27
27
27
28
31
31
28
7
30
29
51
31
32
38
38
38
59
60
59
60
34
31
59
60
30
30
35
35
31
31
30
29
30
30
69
31
35
26
8
24
44
69
60
58
31
27
30
31
28
30
30
38
5
61
42
76
56
