1
1
1
1
1
1
1
1
1
2
1
2
2
2
2
2
4
2
2
4
2
2
2
2
2
77
77
77
77
1
4
4
4
77
4
77
77
77
77
77
77
4
3
77
3
77
3
77
77
3
3
3
3
4
4
2
4
4
4
5
14
5
5
5
5
16
5
5
5
5
5
5
5
5
5
5
5
5
6
6
3
3
6
3
3
3
6
6
6
7
6
6
6
7
6
6
22
6
7
7
6
6
7
6
6
7
6
7
6
7
7
7
7
6
6
22
6
7
8
7
7
7
7
7
8
8
7
7
8
8
8
8
8
8
8
8
8
8
8
8
8
8
8
9
9
10
10
10
10
10
10
10
10
10
11
11
15
11
14
10
10
12
14
13
12
14
4
14
16
14
14
16
16
16
14
16
14
15
15
15
15
15
15
15
15
15
15
15
15
15
15
16
16
16
16
16
16
16
16
16
16
16
21
21
16
15
15
15
17
17
76
17
17
17
18
15
18
20
15
15
19
15
19
19
19
25
19
20
19
19
25
19
19
21
20
20
20
22
21
21
21
20
21
20
21
5
5
22
21
21
22
22
22
20
22
22
22
22
22
22
22
24
22
22
22
22
22
22
20
22
22
22
22
23
23
22
22
23
22
22
23
24
24
24
24
24
24
24
24
24
24
24
24
24
24
24
24
24
24
24
24
24
24
28
24
24
24
24
24
24
28
25
25
25
18
25
25
25
25
25
25
25
25
25
25
25
25
25
25
25
25
25
25
27
23
26
25
25
26
26
26
29
26
26
27
27
27
29
29
28
28
28
28
8
28
28
28
28
28
29
29
30
29
30
29
30
30
30
58
58
31
31
30
30
30
30
30
30
31
31
28
28
28
28
28
28
8
32
32
33
28
34
34
34
38
35
35
35
36
35
38
36
36
38
38
37
38
37
38
37
37
38
39
39
36
39
39
41
39
41
40
40
40
41
41
41
41
41
41
41
42
41
41
42
42
42
42
41
42
42
42
42
42
43
42
43
43
43
43
43
43
43
43
43
43
43
44
44
44
44
44
44
44
44
47
45
46
46
48
46
48
45
48
48
46
45
45
45
51
48
48
49
49
49
49
49
49
50
50
49
73
75
49
49
50
50
54
48
51
51
46
51
52
46
52
52
53
53
75
75
53
54
75
54
54
54
55
54
56
56
56
56
56
56
56
56
64
58
57
57
57
57
59
58
30
58
58
58
58
61
58
59
59
59
60
31
31
31
61
61
61
68
61
67
61
67
58
67
67
61
67
68
61
58
62
62
65
63
63
63
63
63
63
63
62
64
64
64
64
64
64
65
64
64
65
65
65
65
65
65
66
66
67
67
66
66
70
68
67
67
67
63
67
71
67
67
71
71
67
67
67
71
71
71
67
68
68
68
67
71
68
68
71
69
69
42
69
69
69
68
44
69
69
70
70
70
70
70
72
72
72
71
71
71
71
71
71
71
49
49
49
71
71
71
71
71
72
72
72
72
72
72
72
73
73
73
73
73
49
73
73
72
74
74
74
73
75
72
75
75
75
76
76
76
76
76
10
75
72
30
4
3
4
22
24
16
20
25
25
19
18
16
14
6
3
3
22
6
24
6
7
28
28
28
28
48
49
43
45
69
40
68
68
67
67
67
63
56
37
37
37
38
38
39
39
41
39
36
36
23
27
27
27
27
27
27
28
28
28
28
28
8
29
30
51
28
8
35
36
36
59
60
60
37
60
60
59
59
31
30
33
34
31
31
30
30
30
58
69
28
35
23
8
28
44
69
61
58
28
29
30
31
29
29
58
39
5
61
42
76
62
