1
1
1
1
1
1
1
2
1
1
1
2
2
13
2
2
2
2
2
2
13
2
2
2
2
77
77
2
2
2
2
2
77
77
4
77
4
77
77
77
4
2
4
4
3
77
3
77
3
3
4
3
3
4
4
4
14
4
4
5
4
14
5
5
5
5
5
5
5
5
5
5
5
5
5
5
6
6
5
5
6
3
6
3
6
5
5
6
6
6
6
6
5
5
5
7
7
7
7
7
6
6
6
6
6
7
7
7
7
7
7
7
7
7
7
7
7
7
7
7
7
7
7
7
7
8
8
8
7
7
8
8
8
8
8
8
8
8
8
8
8
8
8
9
9
10
10
10
10
10
10
10
10
11
15
15
15
11
15
11
12
12
11
13
13
13
14
14
14
14
14
14
16
16
14
16
14
15
15
15
15
15
15
15
15
15
15
15
15
15
16
16
16
16
16
16
16
16
16
16
16
16
16
15
16
15
19
17
17
17
76
17
17
17
17
19
18
15
19
15
19
15
19
15
19
19
19
20
25
19
19
19
19
20
20
20
20
20
21
20
21
21
21
21
21
21
21
22
22
21
22
22
22
22
22
22
22
22
22
22
22
22
22
22
22
22
22
22
22
23
23
22
20
20
25
22
22
23
23
23
26
24
24
24
24
24
24
24
24
24
24
24
24
24
24
24
24
24
24
24
24
24
24
24
24
24
24
24
24
24
24
25
25
25
19
25
25
25
25
25
25
25
25
25
25
25
25
25
25
25
25
25
25
26
23
25
25
25
25
25
27
27
25
27
27
27
29
29
27
8
28
28
28
28
28
28
28
28
28
29
30
30
29
29
30
29
30
30
30
29
30
31
30
30
57
57
30
57
28
28
28
28
28
28
28
28
8
8
33
33
34
34
34
34
34
33
33
33
36
38
38
36
38
38
38
38
38
38
37
37
38
37
39
39
39
39
39
39
39
40
40
40
40
41
39
42
42
41
41
42
42
41
41
42
42
42
42
42
42
42
42
42
42
42
43
43
43
43
43
43
46
43
46
43
43
46
44
45
44
44
44
44
44
44
47
43
46
46
46
46
46
46
46
46
46
44
43
48
48
43
46
49
49
49
49
73
49
49
49
49
73
49
49
49
51
50
49
51
51
51
52
52
52
52
55
52
54
53
75
53
53
54
54
54
54
54
55
55
56
56
56
56
56
56
64
64
56
58
57
57
58
57
58
30
58
58
58
58
58
58
58
59
59
59
60
60
59
60
59
61
59
61
59
59
61
58
58
58
61
61
61
61
61
63
62
62
65
63
58
63
63
58
63
65
64
64
64
64
64
64
64
65
65
65
65
65
65
63
63
65
63
63
66
66
65
66
70
67
61
67
61
66
67
67
67
67
71
71
67
67
66
71
71
71
71
68
67
68
67
67
68
71
71
69
69
69
69
71
71
69
69
69
43
70
70
70
70
70
72
71
72
71
71
71
71
71
71
71
71
71
71
71
71
73
71
71
72
72
72
72
72
72
72
73
71
73
73
73
49
73
73
72
74
74
74
75
75
75
75
75
75
76
76
76
76
76
10
53
75
57
1
3
4
22
22
21
20
25
25
19
19
15
13
5
6
3
22
22
22
7
7
28
8
28
28
46
49
43
45
42
40
61
68
68
67
66
63
56
37
37
37
38
38
39
37
42
39
36
36
23
26
26
27
27
26
27
27
28
31
28
31
8
30
29
51
32
32
35
36
36
60
60
60
60
34
60
58
59
30
30
33
34
31
31
29
30
30
29
69
31
38
23
8
24
44
69
59
58
31
29
30
31
30
30
30
38
22
61
42
76
62
