1
1
1
1
1
1
1
1
1
2
1
2
2
2
2
2
2
2
2
13
13
4
4
2
4
77
77
77
77
1
77
77
77
77
77
77
77
77
4
77
77
77
4
4
4
3
3
3
3
4
4
4
3
4
4
13
13
5
4
5
13
16
5
5
5
16
5
5
5
5
5
5
5
5
5
5
6
4
5
5
6
3
3
6
5
5
5
6
6
3
6
6
6
6
6
6
6
6
7
7
7
6
6
6
6
7
7
7
7
7
7
7
7
7
7
7
7
7
7
7
7
7
7
7
8
8
8
8
8
7
8
8
8
7
8
8
8
8
8
8
8
8
7
9
9
9
10
10
10
10
10
10
10
11
11
15
15
11
11
11
12
12
14
12
13
13
14
14
14
13
14
14
14
14
14
16
14
16
15
15
15
15
15
15
15
15
15
15
15
15
16
16
16
16
16
16
16
16
16
16
16
16
16
16
16
15
17
17
17
17
76
17
17
17
18
18
17
20
15
15
19
19
19
19
19
19
19
19
19
25
25
19
25
20
20
20
20
20
21
21
21
21
21
21
22
21
21
22
22
22
22
22
22
22
22
22
22
22
22
22
22
22
22
22
22
22
23
22
22
23
22
22
20
20
20
22
22
23
22
23
23
24
24
24
24
24
24
23
24
24
24
24
24
24
24
24
24
24
24
24
24
24
24
24
24
24
24
24
24
24
24
25
25
25
25
25
25
25
25
25
25
25
25
25
25
25
25
25
25
25
25
25
25
26
25
23
25
25
25
25
26
26
26
26
26
26
26
27
27
28
28
28
28
28
28
28
28
28
28
29
29
30
29
29
30
30
30
30
31
30
30
30
30
30
30
30
30
30
31
28
28
28
28
28
31
28
8
32
32
33
28
34
35
35
38
33
34
35
35
35
38
35
36
36
38
38
38
38
37
38
38
38
41
41
38
38
39
39
41
41
40
40
40
41
41
40
41
41
41
41
41
41
41
42
41
42
42
40
40
42
42
42
43
43
42
43
43
43
43
43
46
43
46
46
43
43
44
45
44
44
44
44
44
44
49
45
46
46
46
46
46
46
48
46
52
47
48
47
48
48
48
49
49
49
49
49
49
50
49
49
73
49
49
54
50
50
50
51
48
51
52
52
52
52
52
52
53
53
53
53
53
53
53
53
54
54
55
55
30
30
30
56
56
56
56
56
64
30
57
57
62
57
58
58
58
58
58
58
62
58
62
58
59
59
34
31
31
60
58
58
61
61
67
61
61
62
62
67
61
61
67
61
61
62
62
62
65
62
63
63
63
63
63
65
64
64
64
64
64
64
64
65
65
64
64
65
70
66
63
65
65
66
66
65
65
66
65
67
67
67
61
67
67
67
67
68
68
68
68
67
67
67
71
71
67
67
68
68
67
68
68
71
68
71
69
42
69
69
71
71
69
69
69
70
70
70
70
70
70
70
73
71
71
71
71
70
70
70
71
71
71
71
71
73
73
73
73
72
72
72
72
75
72
73
73
73
73
73
73
73
73
72
74
74
74
75
75
75
75
53
75
76
76
76
76
76
76
53
75
30
1
3
5
22
22
21
20
25
26
18
18
15
13
5
6
6
22
24
22
7
7
28
28
28
28
46
49
43
45
42
40
68
68
68
67
66
63
56
37
37
37
38
38
38
40
41
41
38
36
23
27
27
27
27
27
27
27
28
28
28
28
7
27
29
51
32
32
35
35
35
60
59
59
59
34
60
31
59
30
31
33
34
31
31
30
29
30
30
43
28
35
23
8
24
44
42
61
62
28
29
29
31
29
30
31
38
5
68
42
76
56
