1
1
1
1
1
1
1
1
1
2
1
1
2
2
2
1
2
2
2
2
2
2
2
2
4
77
77
1
1
1
1
77
77
77
77
77
77
77
77
77
77
77
3
3
3
3
3
3
3
4
4
3
3
4
4
2
4
4
4
4
14
14
4
5
5
5
5
5
5
5
5
5
5
5
5
5
3
5
5
3
3
6
6
3
6
6
6
3
6
6
6
6
3
6
6
5
6
6
6
6
6
7
6
7
7
7
7
7
7
7
7
6
7
7
7
6
7
7
7
7
7
7
7
7
7
8
8
8
7
8
8
8
8
8
8
8
8
8
8
8
8
8
8
9
9
10
11
10
11
10
10
10
10
12
11
11
12
12
12
12
12
12
14
13
12
2
14
14
14
12
14
14
14
14
14
14
14
15
12
17
12
17
17
17
15
15
15
16
15
15
14
16
16
16
14
16
16
16
16
21
21
21
16
16
16
17
17
17
17
17
17
17
17
17
17
17
18
20
19
19
19
19
19
19
19
19
19
20
19
19
19
19
19
20
20
20
20
20
21
21
21
21
21
22
21
21
21
22
22
21
22
22
22
22
22
20
22
22
21
22
22
22
22
22
22
22
22
22
22
22
22
22
22
20
20
20
22
23
22
23
23
24
24
24
24
24
24
24
24
24
24
24
24
24
24
24
24
24
24
24
24
24
27
24
24
24
24
24
24
24
24
25
25
25
25
25
25
25
25
25
25
25
25
25
25
25
25
25
25
25
25
25
25
26
26
26
25
25
25
26
26
29
26
26
27
27
27
27
27
28
28
27
27
31
28
31
31
31
31
30
29
30
29
29
30
30
30
30
30
30
30
30
30
30
30
30
30
58
31
31
31
31
31
31
31
31
8
8
33
33
34
60
34
34
38
33
34
33
35
35
34
33
33
38
34
38
38
38
38
38
38
38
39
39
36
36
38
38
39
40
40
40
40
40
38
40
40
40
40
40
41
40
40
42
42
42
42
42
42
42
42
42
42
43
42
43
43
42
43
43
43
42
43
43
43
43
45
47
44
44
44
49
44
47
44
45
43
46
46
46
46
46
46
46
46
47
45
48
45
45
51
49
49
49
49
49
50
49
49
49
73
49
49
49
50
50
50
52
51
50
52
52
52
52
52
52
53
53
75
54
53
54
54
54
54
54
51
55
56
56
56
56
56
56
64
64
56
58
57
57
57
57
58
30
30
58
58
58
58
58
58
58
58
59
60
60
59
60
58
60
60
61
61
61
60
58
58
63
63
63
61
61
61
62
62
62
65
63
63
62
65
63
65
65
65
65
64
64
64
64
65
65
65
65
65
65
65
65
65
65
65
66
66
65
65
66
65
67
61
67
63
63
67
67
67
67
67
67
67
67
66
71
67
71
71
40
40
68
71
71
71
71
71
68
69
42
69
69
68
71
44
69
69
70
65
65
70
70
70
71
72
71
71
71
70
71
71
71
71
71
71
71
71
73
71
71
72
72
72
72
72
72
72
73
73
73
73
72
73
72
73
72
74
72
75
73
72
75
75
75
49
76
76
76
76
76
10
54
75
58
2
3
4
22
22
21
20
25
25
25
25
16
13
6
3
3
22
22
22
7
7
31
28
31
34
46
49
43
45
42
40
40
61
40
67
63
65
56
38
37
38
38
38
38
38
42
38
36
36
23
27
26
27
27
27
27
27
28
28
31
31
7
27
29
51
33
32
34
33
35
60
60
59
60
34
31
59
59
30
30
33
34
31
31
30
29
30
30
43
34
34
26
8
24
44
42
60
58
31
29
31
31
31
30
30
38
21
61
42
76
65
