1
1
1
1
1
1
1
1
1
1
1
2
2
2
2
2
2
2
2
2
2
2
2
2
2
77
77
77
77
77
77
4
4
77
4
77
77
77
3
77
77
4
4
77
3
3
3
3
3
77
4
4
3
4
4
4
13
4
4
4
5
5
4
5
5
5
5
5
5
5
5
5
5
5
5
5
4
4
6
6
6
3
6
3
3
6
6
6
6
6
6
6
6
5
5
6
6
6
6
6
6
6
7
7
7
7
6
7
7
7
7
7
7
7
6
6
7
24
7
7
7
7
7
8
7
8
8
8
8
8
8
8
8
8
8
8
8
8
8
8
8
8
7
9
9
10
10
12
10
10
10
15
10
11
10
15
10
15
15
12
12
12
12
13
13
13
14
14
14
13
14
14
16
16
14
16
16
15
15
15
15
15
17
15
15
15
16
16
16
15
16
14
16
16
16
22
16
16
22
22
16
16
14
16
16
17
15
17
17
17
17
17
17
17
17
17
19
16
15
15
19
15
19
15
19
19
19
16
20
19
19
19
19
21
20
20
20
20
21
21
21
21
21
22
21
22
21
22
22
21
22
22
22
22
22
22
22
22
22
22
22
22
24
24
22
22
22
22
22
23
23
22
23
23
20
23
23
23
23
26
23
24
24
24
24
24
24
24
24
24
24
24
24
24
24
24
24
24
24
24
24
24
24
28
24
24
28
24
28
24
28
25
25
25
18
25
25
25
25
25
25
25
25
25
25
25
25
25
25
25
25
25
25
26
26
26
25
25
26
25
26
29
25
26
27
27
27
27
28
28
28
28
28
28
28
28
28
28
28
29
29
31
29
30
30
30
30
30
30
30
31
30
30
30
58
30
30
58
31
31
28
28
28
28
28
31
8
8
33
33
33
60
34
34
34
35
35
35
38
35
35
38
38
38
35
35
38
38
35
40
38
38
39
38
38
38
39
39
39
40
40
40
40
41
39
41
41
41
41
41
42
41
41
42
42
42
42
42
42
42
42
42
42
43
43
43
43
43
42
43
43
43
46
46
43
46
44
44
44
44
44
44
47
47
44
45
46
46
48
46
46
45
48
48
46
47
48
48
48
48
48
44
44
49
49
73
49
50
49
49
49
75
49
49
50
50
50
48
48
51
52
51
52
52
52
52
53
49
53
53
53
53
53
53
54
50
55
55
56
56
56
56
56
56
56
64
64
57
58
57
62
57
59
30
58
58
30
58
58
58
58
59
59
60
60
60
31
60
61
61
61
61
61
61
61
67
61
61
67
61
67
68
61
62
62
65
65
63
58
63
63
63
66
63
65
64
64
64
64
64
64
65
65
65
65
65
70
66
66
63
66
66
66
66
65
70
70
68
67
67
67
63
67
68
67
67
68
68
67
67
67
67
71
67
71
68
67
69
68
68
68
68
71
69
69
42
42
69
71
71
69
69
69
70
70
70
70
70
70
71
70
71
71
71
71
71
71
71
71
71
71
71
71
73
73
49
70
73
72
72
72
75
72
73
73
73
73
73
73
73
73
72
72
74
74
75
75
75
53
53
75
76
76
76
76
76
10
53
53
58
1
3
5
22
22
16
20
20
25
19
18
16
13
5
3
3
22
22
22
7
24
28
28
28
28
46
49
43
45
42
40
37
68
68
68
63
63
56
37
37
35
38
38
38
40
41
41
38
36
23
23
27
27
27
27
27
28
28
28
28
28
7
29
29
51
32
32
35
35
35
60
60
60
60
34
31
59
59
31
58
33
34
31
31
29
29
31
29
69
28
35
26
7
24
44
37
37
58
28
29
31
31
29
30
30
38
22
61
42
76
56
