1
2
2
1
1
1
1
1
1
2
1
2
2
2
2
2
2
2
2
2
2
2
2
2
2
77
77
77
77
1
1
1
4
77
77
77
77
4
4
77
4
4
4
77
77
77
3
3
3
5
5
5
3
4
4
4
4
4
4
5
4
4
5
5
5
5
5
5
5
5
5
5
5
5
5
5
3
5
5
6
6
3
3
3
6
6
7
3
6
3
6
6
7
6
6
7
7
7
6
7
6
6
6
6
6
6
6
7
7
7
7
7
7
7
7
7
7
7
7
7
7
7
7
8
7
8
7
8
8
8
8
8
8
8
8
8
8
8
8
8
8
8
8
9
9
10
10
11
10
10
10
10
11
11
11
11
15
11
11
11
11
12
14
13
13
13
14
14
14
14
14
14
14
16
14
14
14
15
15
15
15
15
15
15
15
15
15
15
15
19
16
16
16
16
16
16
16
16
16
16
16
16
16
16
16
15
15
17
17
76
17
17
17
17
17
19
18
19
19
15
19
19
19
19
19
19
19
19
19
19
19
19
19
16
20
20
20
20
21
21
21
21
21
21
21
21
21
22
22
22
22
22
22
22
22
22
22
22
22
22
22
22
22
22
22
22
22
22
22
22
23
20
20
20
25
20
20
23
20
20
23
24
24
24
24
24
24
24
24
24
24
24
24
24
24
24
24
24
24
24
24
24
24
24
24
24
24
24
24
24
24
25
25
25
25
25
25
25
25
25
25
25
25
25
25
25
25
25
25
25
25
25
26
23
25
25
25
26
26
25
23
25
25
27
29
27
29
29
27
8
28
31
31
8
31
31
31
31
28
29
30
30
30
30
29
30
30
30
30
30
30
31
30
30
30
30
30
30
31
31
31
31
31
31
31
31
8
8
32
33
33
34
34
34
34
35
60
38
36
38
38
36
38
38
38
38
38
38
38
38
38
40
39
39
38
38
38
39
39
41
40
40
40
41
41
41
41
41
42
41
41
41
42
42
42
42
42
42
42
42
42
42
43
42
43
43
43
43
43
43
43
43
43
46
46
46
44
47
44
44
44
44
44
44
44
46
46
46
46
46
46
46
46
46
46
47
45
45
51
48
48
49
49
49
49
49
49
50
50
49
49
49
49
49
51
50
50
51
48
51
52
52
52
52
52
52
53
49
75
75
53
53
75
53
54
54
55
55
56
56
56
56
56
64
64
64
56
57
57
57
62
57
58
58
58
58
58
58
58
58
58
59
59
59
31
60
60
60
59
37
61
37
37
37
37
61
61
63
61
61
61
61
61
62
62
62
62
63
63
63
63
63
63
65
56
64
64
64
64
64
64
65
56
65
65
70
65
66
66
65
65
66
66
65
65
66
65
67
61
67
61
67
61
67
61
67
67
67
67
67
66
67
71
67
67
68
67
69
68
69
69
69
69
69
42
42
69
69
69
69
69
69
69
70
70
70
70
70
70
70
71
71
71
71
71
71
71
71
71
71
71
71
71
71
71
71
72
72
72
72
72
72
72
49
73
71
71
73
73
73
73
72
74
74
74
75
75
75
75
75
75
76
76
76
76
76
10
75
72
30
2
3
4
22
22
21
20
25
25
19
19
15
13
6
6
6
22
22
22
7
22
31
28
28
28
46
49
43
45
42
40
37
68
68
67
63
63
56
37
37
38
38
38
38
40
41
41
38
38
23
27
27
27
27
27
29
27
31
31
31
31
8
29
30
51
32
8
35
36
36
59
60
60
60
60
31
58
59
30
30
35
60
31
31
30
30
30
30
69
8
38
23
7
7
44
69
37
58
31
29
30
31
30
29
30
40
5
61
42
76
56
