1
2
1
1
1
1
1
1
1
2
2
2
2
2
2
2
1
2
1
2
2
4
2
2
4
77
77
77
1
4
4
4
4
77
77
77
77
77
77
77
77
77
3
77
77
3
6
3
3
3
3
5
3
4
4
4
2
4
4
5
4
4
5
5
5
4
5
5
5
5
5
5
5
7
5
5
5
5
5
5
5
6
6
3
3
5
5
3
6
6
6
3
3
6
5
7
7
7
6
6
6
6
6
7
7
7
7
7
7
7
7
7
7
7
7
22
22
7
8
7
7
7
7
7
8
8
8
8
8
8
8
8
8
8
8
8
8
8
8
8
8
8
8
9
9
9
10
10
10
9
10
10
15
10
15
15
11
10
12
12
12
14
12
14
14
2
14
14
16
14
14
16
16
16
14
16
14
15
15
12
15
15
15
15
16
16
15
15
15
15
16
16
16
16
16
16
16
16
16
16
16
16
20
20
16
15
15
15
15
17
76
17
17
18
17
17
18
20
19
19
18
15
19
19
19
19
19
25
25
19
19
19
19
20
20
20
20
20
21
16
16
21
21
21
22
22
5
22
22
22
22
22
22
22
22
20
22
22
22
22
22
22
22
22
22
22
22
22
20
23
23
22
20
25
23
23
23
23
23
26
26
24
24
24
24
24
24
24
24
24
24
24
24
24
24
24
24
24
24
24
24
24
24
24
24
24
28
24
24
24
28
25
25
25
25
25
25
25
25
25
25
25
25
25
25
25
25
25
25
25
25
25
25
26
26
23
25
25
29
26
27
29
29
27
27
27
29
29
27
28
28
28
28
28
28
28
28
28
28
29
30
29
29
29
29
29
30
30
56
30
28
28
56
30
30
30
29
30
31
28
31
28
28
28
31
28
8
8
32
33
35
35
35
60
38
35
35
35
35
35
38
36
36
35
38
38
38
38
38
37
38
38
39
39
38
39
39
39
39
40
40
40
40
41
39
38
41
41
41
41
42
41
42
42
42
42
42
42
42
42
43
42
42
43
43
42
43
43
43
43
43
43
46
46
43
46
44
44
44
44
44
44
44
44
47
46
46
46
46
46
46
43
46
46
52
47
48
48
51
48
46
49
49
49
49
49
50
50
49
49
49
49
49
54
50
50
54
51
51
51
52
52
52
52
52
52
53
49
75
75
75
53
53
53
54
54
55
54
56
56
56
57
56
56
64
64
56
57
57
57
57
57
30
30
58
58
58
58
30
58
58
59
59
59
60
59
59
60
59
59
37
67
67
61
61
59
66
66
59
59
67
61
61
62
62
65
63
63
58
62
62
63
63
63
64
64
64
64
64
64
64
70
65
65
65
70
65
63
63
63
70
70
66
66
70
66
66
67
67
67
66
66
67
67
67
67
67
67
67
67
67
67
71
71
67
67
67
68
67
67
68
71
71
69
69
69
69
71
69
71
71
69
69
70
70
70
70
72
72
70
72
71
71
71
67
71
71
73
73
73
73
71
71
71
73
49
72
72
72
72
72
72
72
73
73
73
73
72
73
73
73
72
74
74
74
75
75
72
72
75
49
76
76
76
76
76
10
53
72
56
1
3
4
22
24
21
20
25
25
18
18
16
13
5
3
3
22
22
24
22
7
28
28
28
28
46
49
43
45
43
40
68
68
67
71
66
63
56
37
37
37
38
38
38
38
40
41
36
36
23
23
27
27
27
28
29
27
28
28
28
28
8
29
30
51
32
32
35
35
35
60
60
61
60
34
60
59
59
29
56
35
34
28
28
30
30
30
30
43
31
35
23
8
24
44
69
61
58
28
29
30
31
29
30
30
38
5
61
42
76
65
