1
1
1
1
1
1
1
1
1
2
1
2
2
2
2
2
2
2
2
2
2
2
2
2
2
77
77
77
1
1
4
4
4
77
4
77
77
77
77
77
4
4
3
3
3
77
77
3
3
3
4
3
77
4
4
2
4
4
4
4
4
4
4
5
5
5
5
5
5
5
5
5
5
5
5
22
6
6
6
5
6
3
3
3
6
5
5
6
6
6
6
6
5
5
5
5
5
6
6
6
6
7
6
6
6
6
7
7
7
7
7
6
7
7
7
7
7
7
7
7
7
7
7
7
7
8
8
8
7
7
8
8
8
7
8
8
8
8
8
8
8
8
8
9
9
9
10
10
10
10
10
10
10
12
11
15
11
12
12
12
12
12
12
13
13
2
14
14
16
14
14
14
16
14
14
16
16
15
15
15
15
15
15
15
15
15
15
15
15
15
16
16
16
16
16
16
16
16
16
16
16
16
16
15
16
17
17
17
17
17
17
17
17
17
17
15
18
20
19
19
19
15
19
19
19
19
19
19
19
19
19
19
19
20
20
20
20
20
21
15
21
21
21
21
21
21
21
22
22
22
22
22
22
22
20
20
22
22
22
22
22
22
22
22
22
22
22
22
20
22
22
22
22
20
20
20
22
23
23
23
23
24
24
24
24
24
24
22
24
24
24
24
24
24
24
24
24
24
24
24
24
24
24
24
24
24
24
24
24
24
24
25
25
25
25
25
25
25
25
25
25
25
25
25
25
25
25
25
25
25
25
25
25
26
26
25
25
25
29
26
26
26
29
27
27
27
27
27
27
31
28
27
28
31
29
28
28
31
31
29
30
30
30
30
29
30
30
30
30
30
30
30
30
30
30
30
29
30
31
31
31
31
31
28
28
31
8
33
33
33
34
34
34
34
34
33
33
33
36
38
38
36
38
38
38
38
38
38
38
38
38
40
41
41
36
38
41
41
39
41
40
40
40
41
41
41
41
41
41
41
41
41
42
42
42
42
42
42
42
42
42
42
42
43
42
43
43
43
43
43
43
43
43
43
43
43
44
44
44
44
44
44
44
44
44
46
46
46
46
46
46
46
46
46
46
47
48
48
47
51
48
49
44
49
49
49
49
49
49
49
53
53
53
49
51
50
50
51
48
51
52
52
51
52
52
51
53
53
53
53
53
53
53
53
54
54
55
55
56
56
56
56
56
56
56
56
56
57
57
57
62
57
58
58
58
58
58
58
58
58
58
59
59
60
60
60
60
60
59
61
38
61
61
58
58
58
58
63
67
58
61
68
61
62
62
62
63
63
62
62
63
63
63
63
64
64
64
64
64
64
64
63
65
65
65
65
65
66
63
63
63
63
66
66
65
66
66
68
61
67
67
63
63
67
61
68
67
67
67
63
66
71
71
71
71
68
71
68
71
71
68
68
71
69
69
42
69
69
69
68
44
69
69
70
70
70
70
70
70
71
71
71
71
70
70
71
71
71
71
71
71
71
71
71
71
71
72
72
72
72
72
72
72
49
71
73
72
73
49
73
73
72
74
75
75
75
75
72
75
75
53
76
76
76
76
76
76
53
75
30
1
3
4
22
22
21
20
20
25
19
25
15
13
5
6
3
22
22
22
7
7
31
31
31
31
46
49
43
45
42
40
37
68
68
67
66
63
56
38
37
38
38
38
38
40
41
41
36
36
23
24
26
27
27
27
29
27
28
28
31
28
8
29
30
51
32
32
33
33
38
59
60
60
60
60
60
59
59
30
30
33
34
30
31
30
30
30
30
42
31
35
26
8
24
44
42
61
62
28
29
30
31
29
29
58
38
5
61
42
76
56
