1
2
1
1
1
1
1
1
1
1
1
2
2
2
2
2
2
2
2
2
13
2
2
2
2
77
77
77
77
77
2
77
77
77
77
77
77
77
77
77
77
77
4
3
3
3
3
3
3
3
4
4
3
4
4
4
13
4
4
4
4
4
5
5
5
4
5
5
5
5
5
5
5
5
5
5
4
5
4
4
4
6
6
4
4
4
6
6
6
6
6
6
6
6
6
6
6
6
7
6
7
6
6
7
6
7
7
7
7
7
7
7
7
7
7
7
7
7
7
7
7
7
7
7
7
8
8
8
7
8
8
8
8
8
8
8
8
8
8
8
8
8
8
9
9
9
15
10
10
10
10
10
10
15
11
15
15
11
11
12
12
12
12
13
13
13
14
14
14
14
14
15
16
16
14
14
14
15
15
15
15
15
15
15
15
15
15
20
15
15
15
16
16
16
16
16
16
16
16
16
16
16
16
20
16
15
17
17
17
17
17
17
17
17
18
17
18
20
20
20
19
19
19
19
19
19
19
19
20
19
19
19
19
20
20
20
20
20
21
22
21
21
21
21
21
21
5
22
22
22
22
22
22
22
20
20
22
22
22
22
22
22
22
22
22
22
22
22
22
23
23
20
20
23
23
20
23
23
23
23
23
24
24
24
24
24
24
24
24
24
24
24
24
24
24
24
24
24
24
24
24
24
24
24
24
24
24
24
24
24
24
25
25
25
18
25
25
25
25
25
25
25
25
25
25
25
25
25
25
25
25
25
25
26
23
26
25
25
26
26
26
29
29
27
27
27
27
29
27
28
28
28
28
28
28
28
28
28
28
29
29
29
29
29
29
30
30
29
30
30
30
30
30
30
30
30
30
30
31
31
28
31
28
28
28
28
28
28
28
33
33
34
35
34
37
35
35
35
36
36
35
36
36
38
38
38
38
38
38
38
38
38
39
39
36
39
39
39
39
40
40
40
40
41
40
40
41
41
41
41
41
41
41
42
42
42
42
42
42
42
42
42
42
42
43
43
43
43
43
43
43
45
52
52
52
52
44
44
44
44
44
44
47
44
47
45
52
52
52
46
46
52
52
52
52
47
48
48
48
48
52
49
47
47
49
49
49
50
50
49
73
49
49
49
50
50
50
51
51
51
52
52
52
52
52
52
53
49
49
53
53
53
53
53
54
50
55
54
56
56
56
56
56
56
56
64
56
57
57
57
57
57
58
58
58
58
58
58
58
58
58
59
59
59
60
31
31
31
63
63
37
61
61
61
63
63
63
63
63
63
61
61
61
63
62
62
63
63
63
63
63
63
63
63
64
64
64
64
64
64
64
65
65
65
65
65
65
63
63
63
63
63
66
63
70
66
70
67
61
67
67
63
63
67
61
67
67
67
67
63
67
71
67
71
71
68
68
68
68
68
68
71
68
69
69
42
69
69
69
69
69
69
45
70
70
70
70
70
70
70
70
71
71
71
71
70
70
71
71
71
71
71
71
71
73
71
72
72
72
72
72
72
72
73
73
73
73
73
73
73
73
72
72
74
74
73
75
75
75
75
75
76
76
76
76
76
10
53
75
58
1
3
4
22
22
21
20
25
25
18
18
15
13
5
4
3
22
22
22
7
7
28
28
28
28
52
49
45
45
42
40
61
61
68
67
63
63
56
37
37
38
38
38
36
40
41
40
36
36
23
23
27
27
28
28
27
27
28
28
28
28
8
29
29
51
32
28
35
36
36
59
60
60
60
60
60
59
59
29
30
33
34
31
31
29
29
29
29
69
28
35
23
8
24
44
69
59
58
31
29
29
31
28
29
58
38
5
37
42
76
56
