1
2
1
1
1
1
1
1
1
2
2
2
2
2
2
2
2
2
2
14
2
2
2
4
4
77
77
77
1
77
4
4
4
77
77
77
77
77
77
77
77
4
4
77
3
3
3
3
3
3
3
5
5
4
4
14
14
4
4
4
14
4
4
5
16
16
16
5
5
16
16
16
5
5
5
5
5
5
5
5
5
3
6
6
6
6
5
6
6
6
6
6
6
6
6
5
5
6
7
7
6
7
6
6
6
7
7
7
7
7
7
7
7
7
7
5
7
7
7
7
7
7
7
7
7
8
7
8
8
8
8
8
8
7
8
8
8
8
8
8
8
8
8
9
9
12
10
12
10
10
11
11
11
12
12
11
11
12
15
12
12
12
15
13
14
13
14
14
14
14
14
16
16
16
14
14
14
15
15
15
15
15
15
15
15
15
15
15
15
19
14
16
21
16
14
16
16
16
16
16
21
21
16
16
20
15
15
15
15
17
76
17
17
17
15
15
18
20
20
20
15
19
19
19
19
19
19
20
25
19
19
25
19
20
20
20
20
20
16
20
20
21
20
21
21
21
21
22
21
21
22
22
22
22
22
20
22
22
22
22
22
22
22
24
22
22
22
22
20
22
22
23
22
23
23
22
23
23
23
22
23
24
24
24
24
24
24
24
24
24
24
24
24
24
24
24
24
24
24
24
24
24
24
23
24
24
8
24
24
24
24
25
25
25
25
25
25
25
25
25
25
25
25
25
25
25
25
25
25
25
25
25
25
26
26
26
26
25
25
26
26
27
26
27
27
27
27
29
27
8
8
27
28
28
28
28
28
28
28
29
30
30
30
30
29
29
30
30
58
58
30
30
30
30
30
29
30
30
31
33
28
28
28
28
28
28
8
32
33
33
33
34
35
34
60
33
35
35
36
35
35
36
38
35
38
38
38
38
38
38
38
38
39
39
39
38
39
41
39
40
40
40
40
42
41
40
41
41
42
42
42
41
41
42
42
42
42
40
42
42
42
42
43
43
43
43
46
43
43
43
43
46
46
43
43
43
44
47
44
44
44
44
47
47
44
46
52
46
48
46
46
46
48
46
51
47
48
48
48
51
48
49
44
49
49
73
49
50
49
49
49
49
49
49
50
50
50
51
48
51
52
52
51
52
52
51
53
53
53
53
54
54
54
54
54
54
55
55
58
56
56
56
56
56
56
64
64
58
57
57
57
62
58
58
58
58
58
58
58
58
58
59
59
59
31
31
31
31
58
61
38
61
61
61
61
61
61
63
63
67
61
61
61
62
62
62
62
63
63
62
66
63
66
65
70
64
64
64
64
64
70
65
62
65
65
65
70
66
66
65
65
65
66
65
66
71
70
67
61
67
63
63
63
67
61
67
61
67
63
63
67
67
71
71
71
68
68
69
68
71
69
71
71
69
69
69
69
71
71
71
71
69
44
70
70
70
70
70
70
70
71
71
71
71
71
70
70
71
71
71
73
71
71
73
73
71
72
72
72
72
72
75
72
73
73
73
73
72
73
73
73
72
72
74
74
75
75
75
75
75
75
76
76
76
76
76
76
53
75
58
1
3
4
22
22
21
20
25
26
19
18
16
14
5
6
5
22
22
24
22
22
28
8
28
33
46
73
46
45
46
40
69
68
69
67
66
63
56
38
37
38
38
35
38
38
40
38
38
36
24
23
27
27
27
27
29
27
28
28
8
28
7
29
30
51
32
32
35
35
35
59
31
59
60
60
60
58
59
30
30
33
34
31
31
30
30
30
30
46
33
35
23
7
22
44
40
61
58
28
29
29
31
28
29
58
38
5
61
43
76
56
