1
2
1
1
1
1
1
1
1
2
1
2
2
2
2
2
2
2
2
13
13
2
2
2
2
77
77
77
1
1
2
77
77
77
77
77
77
77
77
77
77
77
4
3
3
3
3
3
3
3
4
4
3
4
4
14
14
4
4
4
14
14
4
5
5
14
5
5
5
5
5
5
5
5
5
5
4
4
5
5
5
6
6
5
6
5
5
5
6
6
6
6
6
6
5
5
5
5
5
5
7
6
6
6
6
7
7
7
7
7
7
7
7
7
5
5
7
7
7
7
7
7
7
7
7
8
8
8
8
8
8
8
8
8
8
8
8
8
8
8
8
8
8
9
9
9
15
10
10
10
10
10
15
11
15
15
11
11
12
12
12
12
12
13
13
13
14
14
14
13
14
20
20
14
14
14
14
15
15
15
15
15
15
15
15
15
15
20
15
15
20
20
16
16
14
16
16
16
16
16
16
16
20
20
16
15
15
15
17
17
76
17
17
18
18
18
18
20
20
19
19
19
19
19
19
19
19
19
20
20
20
25
19
20
20
20
20
20
21
20
20
21
21
21
21
21
21
22
22
21
22
22
22
22
20
20
22
22
22
22
22
22
22
24
24
22
22
22
20
23
23
20
20
20
25
20
23
23
23
20
23
24
24
24
24
24
24
24
24
24
24
24
24
24
28
28
24
24
24
28
24
24
24
24
28
24
24
24
28
24
24
25
25
25
25
25
25
25
25
25
25
25
25
25
25
25
25
25
25
25
25
25
25
27
27
27
25
25
25
26
27
27
25
27
27
27
27
29
27
28
28
28
28
28
28
28
28
28
28
29
31
29
29
31
29
30
30
30
31
31
31
31
31
30
31
30
30
31
31
28
28
28
31
31
31
28
8
8
32
33
28
34
35
34
35
35
35
35
36
36
35
36
36
38
38
38
36
36
38
38
38
38
39
39
36
39
39
39
39
42
40
40
40
41
39
41
41
41
41
41
41
41
42
42
42
42
42
42
40
42
42
42
43
46
43
43
43
69
43
46
69
69
46
46
46
52
44
44
69
44
44
47
47
47
47
69
52
46
46
46
69
46
52
52
52
47
47
47
47
48
47
47
47
47
49
49
49
50
49
50
49
49
49
49
50
50
50
51
51
51
52
52
52
52
52
52
53
49
75
53
53
53
53
53
54
54
55
55
56
56
56
56
56
56
62
62
62
57
57
57
57
57
58
31
58
58
31
58
31
58
58
59
59
59
31
31
31
31
59
61
37
37
61
61
61
59
59
59
61
61
61
61
61
62
62
62
62
63
58
58
63
63
63
63
64
64
64
64
64
64
64
65
65
65
65
65
70
70
70
70
70
66
66
70
70
70
70
67
67
67
59
59
67
67
70
67
70
70
67
70
70
70
70
70
70
68
68
69
68
69
69
70
70
69
69
42
69
69
69
69
69
69
69
70
70
70
70
70
70
70
70
71
71
71
70
70
70
71
71
71
47
47
71
47
47
47
72
72
72
72
72
72
72
47
73
73
73
73
47
73
73
72
74
74
74
75
75
75
75
75
75
76
76
76
76
76
10
53
75
58
1
3
4
22
22
21
20
25
25
19
18
20
13
5
5
6
22
22
24
5
7
28
28
28
28
47
47
69
45
69
40
69
37
69
67
66
63
56
35
37
38
38
38
36
40
41
39
36
36
24
27
27
27
27
24
27
27
28
28
28
28
8
29
31
51
32
8
35
35
36
60
60
60
60
60
31
58
59
31
31
28
34
31
31
31
29
29
31
69
28
35
25
8
24
44
69
59
58
28
29
31
31
29
29
31
38
5
37
42
76
62
