1
1
1
1
1
1
1
1
1
2
1
2
2
2
2
2
2
2
2
2
2
2
2
2
2
77
77
77
77
1
4
4
4
77
77
77
77
77
77
77
4
4
4
4
3
77
3
77
3
3
4
3
3
2
4
4
4
4
4
4
4
5
4
5
5
5
5
5
5
5
5
5
5
5
5
5
6
6
5
6
3
3
6
3
3
3
6
6
6
6
6
6
7
6
6
7
7
6
6
7
6
6
6
6
7
6
7
7
7
7
7
7
7
7
7
7
22
7
7
7
7
7
7
7
8
7
8
8
8
8
8
8
8
8
8
8
8
8
8
8
8
8
8
9
9
9
10
12
10
10
10
10
10
12
11
10
11
11
11
12
12
12
12
12
14
13
14
13
14
13
14
14
14
14
14
14
14
15
15
15
15
15
15
15
15
15
19
15
15
15
15
16
16
16
16
16
16
16
16
16
16
16
15
16
16
15
17
17
17
17
17
17
17
17
18
17
18
19
19
19
19
19
19
19
19
19
19
19
20
19
19
19
19
20
20
20
20
20
21
21
21
21
21
21
21
21
21
22
22
22
22
22
22
22
22
22
22
22
22
22
22
22
22
22
22
22
22
22
22
24
23
22
20
23
23
20
20
23
20
20
23
24
24
24
24
24
24
24
24
24
24
24
24
24
24
24
24
24
24
24
24
24
24
24
24
24
24
24
24
24
24
25
25
25
25
25
25
25
25
25
25
25
25
25
25
25
25
25
25
25
25
25
25
26
23
23
26
26
23
23
26
26
26
27
27
27
29
29
27
8
28
27
27
28
28
31
31
31
31
29
29
29
29
29
29
30
29
29
29
30
30
31
29
30
29
29
30
30
8
31
28
31
28
31
31
31
8
8
32
33
33
34
34
34
35
35
33
35
35
38
38
38
38
35
38
38
38
38
38
38
38
38
39
39
38
39
39
41
39
41
40
40
40
41
41
40
41
41
41
41
41
41
41
42
42
42
42
42
42
42
42
42
43
43
43
43
43
69
43
43
69
69
43
43
69
43
44
47
44
44
44
44
44
44
44
45
46
46
46
46
46
43
46
46
46
47
48
48
48
51
48
49
47
49
49
49
49
49
49
49
49
49
49
49
50
50
50
51
48
51
46
51
51
46
52
55
53
49
53
53
49
53
53
53
54
54
55
51
56
56
56
56
56
56
56
56
64
58
57
57
57
57
58
58
58
58
58
58
58
58
58
59
59
59
60
60
60
59
58
58
60
68
61
61
61
61
61
61
61
61
61
61
61
62
62
62
62
63
63
63
63
63
63
63
64
64
64
64
64
64
64
62
65
65
62
65
65
66
63
63
65
66
66
66
65
66
66
67
67
67
61
61
61
67
67
67
67
67
67
67
66
67
71
71
71
67
68
69
68
68
68
71
68
69
69
42
69
69
69
44
69
44
48
70
70
70
70
70
70
71
70
71
68
71
71
71
71
71
71
71
71
71
71
71
71
71
72
72
72
72
72
72
72
73
73
73
73
72
73
73
73
74
74
74
74
73
73
75
75
75
75
76
76
76
76
76
10
53
75
30
1
3
4
22
22
21
20
25
25
19
25
15
13
6
6
3
22
22
22
22
7
31
28
28
31
46
49
69
48
42
40
68
61
68
67
63
63
56
60
37
38
38
38
38
40
41
39
38
36
23
27
27
27
27
28
27
27
28
28
31
31
8
29
29
51
32
8
35
35
38
60
59
59
60
60
60
58
59
30
29
33
34
31
31
29
29
30
30
69
8
35
23
8
22
44
40
60
58
28
29
29
31
29
29
30
38
5
68
42
76
62
