1
1
1
1
1
1
1
1
1
2
1
2
2
2
2
2
2
2
2
2
13
2
2
2
2
77
77
77
77
1
2
4
4
77
77
77
77
77
77
77
77
4
4
77
3
3
3
3
3
77
4
4
3
2
4
4
4
4
4
4
4
5
4
5
5
5
5
5
5
5
5
5
5
5
5
5
3
3
3
3
3
3
6
3
3
6
6
6
6
6
6
6
6
6
5
5
6
6
6
6
6
6
7
6
6
7
6
7
7
7
6
7
7
7
7
7
7
7
7
7
7
7
7
8
7
7
8
8
8
8
8
8
8
8
8
8
8
8
8
8
8
8
7
9
9
9
10
10
10
10
10
10
10
11
10
11
11
11
15
11
12
12
15
13
13
13
14
14
14
15
15
14
14
16
14
16
14
15
15
15
15
15
15
15
15
15
15
15
15
15
14
16
16
16
16
16
16
5
16
16
16
16
16
16
16
17
17
17
17
17
17
17
17
17
17
17
18
15
15
19
19
15
19
15
19
19
19
19
19
19
19
19
19
21
20
20
19
20
21
21
21
21
21
22
22
21
21
22
21
22
22
22
22
22
22
22
22
22
22
22
22
22
22
22
22
22
22
22
22
22
20
20
20
23
23
20
20
20
20
20
23
24
24
24
24
24
24
22
24
24
24
24
24
24
24
24
24
24
24
24
24
24
24
24
24
24
24
24
24
24
24
19
25
25
25
25
25
25
25
25
25
25
25
25
25
25
25
25
25
25
25
25
25
23
25
25
25
25
26
26
23
23
26
27
27
27
27
27
29
8
28
28
28
31
28
28
28
28
31
29
25
31
29
29
29
30
30
30
30
30
30
30
30
30
30
30
30
30
31
31
31
31
31
31
31
31
8
8
33
33
34
34
34
34
34
34
34
35
38
38
34
38
38
38
38
38
38
38
38
37
38
38
39
38
39
39
39
39
39
41
40
40
40
41
39
40
40
41
41
42
42
42
41
42
42
42
42
42
42
42
42
42
42
43
43
69
43
43
43
43
43
46
46
43
46
43
44
44
44
44
44
44
44
44
44
45
46
46
46
46
46
46
46
52
46
47
48
47
47
46
46
49
47
49
49
49
49
49
49
49
49
49
49
49
51
51
50
52
51
51
52
52
52
52
52
52
53
49
75
75
53
53
75
53
54
54
55
54
56
56
56
56
56
56
64
64
56
57
30
57
63
57
58
58
30
58
58
58
58
58
58
58
59
59
60
31
60
60
58
59
37
61
61
59
59
63
63
67
63
61
61
68
68
63
62
62
62
63
58
63
63
58
63
63
64
64
64
64
64
64
64
65
65
65
65
70
65
66
63
63
63
63
66
63
66
66
66
68
61
67
67
67
61
61
61
61
67
61
67
67
67
67
71
71
67
68
68
68
68
68
68
68
71
69
69
69
69
44
69
69
44
69
69
70
70
70
70
70
70
71
71
71
71
71
71
71
71
71
71
71
71
71
71
71
71
71
72
73
72
72
72
72
72
72
72
72
72
72
73
73
73
75
74
75
75
75
75
75
75
75
75
76
76
76
76
76
10
75
75
30
1
3
4
22
22
21
20
25
25
19
25
15
4
5
6
3
22
22
22
22
7
31
28
31
31
52
49
46
44
42
40
68
68
68
67
66
63
56
37
37
38
39
38
39
40
41
40
38
36
20
27
23
27
27
27
27
27
28
28
31
28
7
29
25
51
32
32
35
35
35
60
60
60
60
60
60
59
59
30
30
34
34
31
31
29
29
30
30
69
31
35
23
7
24
44
69
59
58
29
25
29
31
29
29
58
38
5
61
42
76
62
