1
1
1
1
1
1
1
1
1
1
1
2
2
2
2
2
2
2
2
5
2
2
2
2
2
77
77
77
77
1
77
77
77
77
77
77
77
77
77
77
77
77
3
3
3
3
3
3
3
3
3
3
3
4
4
4
5
4
4
4
5
5
4
5
5
5
5
5
5
5
5
5
5
5
5
5
6
5
5
6
6
6
6
6
6
6
6
6
6
6
6
6
6
6
6
6
5
5
7
6
7
6
6
6
7
7
6
7
7
7
7
7
7
7
7
7
7
7
7
7
7
7
7
7
7
8
8
8
8
8
8
8
8
8
8
8
8
8
8
8
8
28
8
9
9
9
10
10
10
10
10
10
10
11
11
11
11
11
11
12
12
12
12
13
13
13
14
14
14
14
14
14
14
14
14
14
14
15
15
15
15
15
15
15
15
15
15
20
15
15
20
20
16
16
16
16
16
16
16
16
16
16
16
20
16
15
17
17
17
17
17
17
17
17
17
15
18
20
20
20
19
19
19
19
19
19
19
19
20
19
19
19
19
20
20
20
20
20
21
20
21
21
21
21
21
21
21
22
22
22
22
22
22
22
20
22
22
22
22
22
22
22
22
24
22
22
22
22
22
23
23
20
20
23
23
20
23
23
23
20
23
24
24
24
24
24
24
24
24
24
24
24
24
24
24
24
24
24
28
28
24
24
24
24
24
28
24
24
24
24
24
25
25
25
25
25
25
25
25
25
25
25
25
25
25
25
25
25
25
25
25
25
25
26
26
26
26
29
26
26
26
29
29
27
27
27
27
27
27
28
28
28
28
28
28
28
28
28
28
29
29
29
29
29
29
30
30
30
30
30
30
30
30
30
30
30
30
30
31
31
31
31
28
28
28
28
32
32
32
33
28
34
34
34
34
35
35
35
35
35
35
36
38
38
38
38
38
38
38
38
38
38
39
39
39
39
39
39
39
40
40
40
40
41
41
41
41
41
41
41
41
41
41
42
42
42
42
42
42
42
42
42
43
43
43
43
43
43
43
43
43
45
45
45
43
43
44
44
44
44
44
44
44
44
44
45
46
46
46
46
46
45
46
46
48
47
48
47
48
48
48
49
49
50
49
49
49
50
50
50
49
49
49
49
50
50
50
51
51
51
52
52
52
52
52
52
53
53
75
53
53
50
53
50
54
50
55
54
56
56
56
56
56
56
56
64
56
57
57
57
57
57
58
58
58
58
58
58
58
58
58
59
59
59
60
59
59
59
63
63
37
37
61
61
61
61
63
63
61
61
61
61
61
63
62
62
62
63
63
63
63
63
63
63
64
64
64
64
64
64
64
65
65
65
65
65
65
66
63
63
63
66
66
66
63
66
65
67
67
67
67
63
63
63
63
67
67
67
67
67
71
67
71
67
71
68
68
37
68
71
71
71
71
69
69
69
69
69
69
69
44
69
45
70
70
70
70
70
70
70
71
71
71
71
71
70
71
71
71
71
71
71
71
71
71
71
72
72
72
72
72
72
72
73
73
73
73
72
73
73
73
72
74
74
74
75
75
75
75
75
75
76
76
76
76
76
10
53
75
30
1
3
4
22
24
21
20
25
25
19
18
20
13
6
6
6
22
22
22
7
7
28
28
28
28
46
49
45
45
42
40
37
37
37
67
63
63
56
37
37
38
38
38
38
37
41
41
36
36
23
23
26
27
27
27
27
28
28
28
28
28
8
29
29
51
32
28
35
35
35
59
60
60
60
60
60
59
59
29
30
33
34
31
31
29
29
29
29
69
28
35
23
8
24
44
69
61
58
31
29
29
31
28
29
58
38
5
37
42
76
56
