1
1
1
1
1
1
1
1
1
2
2
2
2
2
2
2
2
2
2
2
2
2
2
2
2
77
77
1
1
77
2
4
4
77
77
77
77
77
3
77
3
4
4
4
3
77
77
3
3
3
4
3
3
4
4
4
4
4
4
4
4
4
4
5
5
5
5
5
5
5
5
5
5
5
5
22
6
3
6
6
3
77
6
3
6
6
5
6
6
6
6
6
6
6
6
6
6
7
7
6
7
6
6
7
6
6
7
7
7
7
7
7
7
7
7
7
7
7
7
7
7
7
7
7
7
8
8
8
8
7
8
8
8
8
8
8
8
8
8
8
8
8
7
9
9
12
10
12
10
10
10
10
10
11
11
11
11
12
15
12
12
12
12
13
13
13
14
14
14
14
14
14
14
14
14
14
14
15
15
15
15
15
17
15
15
15
15
15
15
15
14
16
16
16
16
16
16
16
16
16
16
16
16
20
16
17
17
17
17
17
17
17
17
17
17
19
18
19
19
19
19
19
19
19
19
19
19
19
19
19
19
19
19
20
20
20
20
20
21
21
21
22
21
21
21
22
21
22
22
22
22
21
22
22
22
22
22
22
22
22
22
22
22
22
22
22
22
22
22
23
23
22
20
23
23
23
23
23
23
23
23
24
24
24
24
24
24
24
24
24
24
24
24
24
24
24
24
24
24
24
24
24
24
24
24
24
24
24
24
28
24
25
25
25
25
25
25
25
25
25
25
25
25
25
25
25
25
25
25
25
25
25
25
26
26
26
25
26
26
25
25
25
25
27
27
27
29
29
27
28
28
27
27
31
28
31
31
31
31
29
29
27
29
29
29
30
30
29
30
30
30
30
29
30
30
29
29
30
31
31
31
31
31
31
31
31
8
32
33
33
33
34
34
34
35
33
34
35
38
38
35
35
38
38
38
38
38
38
38
37
38
38
38
39
38
38
39
39
39
40
40
40
40
41
41
41
39
39
41
41
41
41
41
42
42
42
42
42
42
42
42
42
43
43
43
43
43
43
43
43
45
43
45
46
43
43
44
44
44
44
44
44
44
44
44
46
46
46
46
46
46
45
46
46
46
47
48
48
51
48
46
49
47
47
49
49
49
49
50
49
73
49
49
54
47
50
51
52
46
51
46
52
52
52
52
52
54
53
75
53
53
54
54
54
54
54
55
55
56
56
56
56
56
56
56
56
56
30
57
57
62
57
30
58
58
58
58
58
58
58
58
59
59
59
60
60
60
60
61
60
61
61
61
61
60
60
61
61
61
61
61
68
61
62
62
65
62
63
58
63
63
63
66
63
65
64
64
64
64
64
64
62
65
65
62
65
65
62
66
62
62
66
70
66
66
70
66
67
61
67
61
63
67
67
61
67
67
67
67
63
70
67
67
67
71
68
67
69
68
68
68
68
67
68
69
42
69
69
69
71
44
69
69
70
65
65
70
70
70
70
72
68
71
71
71
71
71
71
71
71
71
71
71
71
71
73
72
73
72
72
72
75
72
73
73
73
73
73
73
73
73
72
74
74
74
75
75
75
75
75
75
76
76
76
76
76
10
54
75
30
1
3
4
22
22
21
20
25
25
19
25
15
14
5
6
3
22
22
22
22
7
31
28
31
31
46
49
43
48
42
40
68
68
68
68
66
63
56
38
37
38
38
38
38
40
41
39
38
36
23
24
26
27
27
26
29
27
27
28
28
31
7
29
29
51
33
28
33
35
38
59
60
60
60
60
60
59
59
31
30
33
34
31
31
29
27
29
30
43
31
35
26
8
24
44
69
60
58
31
29
27
31
27
29
30
38
5
61
42
76
56
