1
2
1
1
1
1
1
77
1
1
1
2
2
2
2
2
2
2
4
2
2
4
4
2
2
77
77
1
1
77
2
2
2
77
2
77
77
77
2
77
2
4
4
77
77
77
77
3
3
3
4
5
3
4
14
4
4
4
4
4
14
4
4
5
5
16
5
5
5
5
5
5
5
5
5
5
6
5
5
6
3
3
6
6
3
3
6
3
3
6
3
6
6
7
6
5
5
6
7
6
6
6
6
6
7
7
6
7
7
7
7
7
7
7
7
7
22
7
7
7
7
7
7
7
7
8
8
8
8
8
8
8
8
7
8
8
8
8
8
8
8
8
8
9
9
10
10
10
10
10
10
10
10
11
11
10
15
11
15
12
12
12
12
12
13
13
14
14
12
14
12
16
16
14
14
14
14
12
15
15
17
15
15
17
15
15
15
20
15
15
16
16
14
14
14
16
16
16
5
16
16
16
16
16
21
15
17
17
17
18
76
18
18
18
17
15
18
20
19
15
19
15
19
19
19
19
19
19
25
19
19
19
25
20
20
20
23
20
21
20
22
22
21
21
21
21
21
22
21
21
22
21
22
22
22
22
20
22
22
22
22
22
22
24
24
22
23
20
20
23
23
20
20
23
23
23
23
23
23
23
23
22
22
24
24
22
24
24
22
24
24
24
22
22
24
24
24
24
24
28
24
24
23
24
28
24
28
24
24
24
24
19
25
25
25
25
25
25
25
25
25
25
25
25
25
25
25
25
25
25
25
25
25
26
26
23
25
25
25
25
26
26
26
27
27
27
27
27
27
28
28
28
28
28
28
28
28
28
28
29
25
31
29
30
30
30
30
30
30
30
31
31
30
30
30
30
30
30
31
31
28
28
28
28
28
28
8
8
33
33
34
34
35
34
35
35
35
35
38
38
35
38
36
38
38
38
40
38
37
38
38
38
39
39
39
39
39
41
39
40
40
40
42
39
41
41
41
41
39
39
41
41
41
42
42
42
42
40
42
42
42
69
43
43
43
43
45
45
43
43
43
45
46
43
43
43
45
47
44
44
44
47
44
44
47
46
46
46
48
46
46
46
48
48
46
47
48
51
51
48
48
47
47
47
49
49
49
49
49
49
73
75
75
49
50
50
49
51
51
51
52
52
52
52
52
52
53
53
75
53
53
54
53
54
54
54
55
50
30
56
56
56
56
56
64
64
56
30
30
57
57
56
30
58
58
58
58
58
58
59
58
58
59
59
60
31
59
31
58
61
61
68
61
61
61
61
58
63
61
61
61
61
61
56
62
62
65
58
58
58
63
63
63
63
62
64
64
64
64
64
62
65
62
65
65
65
62
66
63
66
65
65
66
65
66
70
70
67
61
67
67
63
63
67
61
67
67
67
67
67
70
67
71
67
70
68
68
68
68
71
68
68
71
40
69
69
69
69
69
69
69
45
45
65
65
65
70
70
70
70
72
71
71
71
70
70
70
70
70
71
71
71
71
71
71
71
72
72
72
72
72
72
72
73
73
73
73
72
73
73
73
72
74
75
75
72
72
72
75
75
75
76
76
76
76
76
10
53
75
30
1
3
5
22
24
21
23
25
25
19
18
16
13
6
3
3
22
22
22
22
24
28
24
28
28
46
49
45
45
42
40
40
68
40
71
66
63
56
37
37
37
38
38
40
40
41
41
36
36
23
27
27
27
27
27
27
29
28
28
28
28
7
29
29
50
28
32
35
35
38
31
60
60
37
60
60
59
59
30
30
35
34
31
31
30
29
30
30
69
28
35
23
7
24
44
40
61
58
28
25
29
31
29
30
30
40
5
68
69
76
64
