1
1
1
1
1
1
2
1
2
1
2
1
2
2
2
2
2
2
2
2
13
2
2
4
2
77
77
77
77
1
1
1
1
77
77
77
77
77
77
77
4
4
4
3
77
77
3
3
3
3
4
4
3
4
4
4
13
4
14
14
13
14
14
5
5
16
5
5
5
16
16
16
16
5
5
16
4
5
5
3
3
3
3
6
6
5
5
6
6
6
6
6
6
6
5
6
6
6
6
7
7
6
6
7
6
6
6
7
7
7
7
7
7
7
7
7
7
7
7
7
7
7
8
8
8
7
8
8
8
8
8
8
8
8
8
8
8
8
8
8
8
8
8
9
9
9
11
11
10
10
10
11
11
11
15
11
15
11
15
11
12
12
14
13
14
2
14
14
14
13
14
16
16
16
14
14
14
15
15
15
15
15
15
15
15
15
19
15
15
15
14
15
16
16
16
16
16
16
16
16
16
16
20
15
20
15
15
17
17
17
76
76
18
18
18
15
18
20
19
15
15
19
19
19
15
19
19
20
19
19
25
19
19
20
20
20
19
20
21
20
21
21
21
22
21
21
21
22
21
21
22
22
22
20
22
20
20
22
22
22
22
22
22
22
24
22
22
22
22
22
22
22
20
20
25
20
23
23
23
20
23
24
24
24
24
24
24
22
24
24
24
24
24
24
24
24
24
24
24
24
24
24
24
24
24
24
24
24
24
24
24
25
25
25
25
25
25
25
25
25
25
25
25
25
25
25
25
25
25
25
25
25
26
27
26
25
25
26
26
26
26
29
25
27
27
27
27
29
27
28
28
28
28
28
28
28
28
31
28
30
30
29
29
30
30
30
30
30
58
58
30
30
30
30
30
30
30
30
31
31
28
28
28
28
28
31
8
32
32
33
28
35
34
35
35
35
35
35
36
38
38
35
36
36
38
38
38
38
38
37
38
37
39
39
36
38
38
41
39
40
40
40
40
41
41
41
41
41
41
41
41
41
41
41
42
42
42
40
42
42
42
42
42
42
43
43
43
43
43
43
46
43
46
46
43
43
44
45
44
44
44
47
47
45
47
48
43
46
46
46
46
48
48
46
48
47
48
47
48
48
48
49
49
49
49
49
49
50
50
49
73
49
49
49
50
50
51
48
51
51
46
52
52
52
52
52
53
49
75
75
53
53
53
53
54
54
55
54
56
56
56
56
56
56
56
64
62
58
57
57
58
58
30
58
30
58
58
58
58
30
30
30
59
59
60
60
31
59
59
61
61
68
61
61
61
61
59
59
61
61
61
68
61
58
62
62
65
59
63
58
63
63
65
65
64
64
64
64
64
64
64
65
65
65
65
65
65
63
63
63
66
66
66
66
65
66
65
67
61
67
63
63
67
67
67
67
71
67
67
67
66
71
71
71
71
68
68
40
68
68
68
71
68
69
69
42
69
69
71
71
44
69
43
70
65
70
70
70
70
70
73
71
71
71
71
70
70
70
71
47
71
71
71
71
71
71
73
72
72
72
72
72
72
73
73
73
73
73
73
73
73
72
74
74
74
73
75
75
75
75
75
76
76
76
76
76
10
53
72
30
2
3
5
22
22
21
20
25
25
19
19
15
13
5
6
6
22
22
22
7
8
28
28
28
31
46
73
43
45
42
40
61
61
68
67
63
63
56
37
37
38
38
38
38
37
41
41
36
36
23
23
27
27
27
27
29
28
28
28
28
28
8
27
30
51
32
8
35
35
35
59
60
59
60
34
60
30
59
31
30
35
34
31
30
30
29
29
30
69
28
35
26
8
24
47
40
61
58
31
29
29
31
29
30
58
38
16
61
42
76
62
