1
1
1
1
1
1
1
1
1
1
1
2
2
2
2
2
2
2
2
2
2
2
2
4
2
77
77
77
1
2
2
2
2
77
2
77
77
77
77
77
4
4
4
3
77
77
3
3
3
3
4
4
3
4
4
4
4
4
4
4
4
5
4
5
5
5
5
5
5
5
5
5
5
5
5
5
4
4
6
6
3
3
6
3
3
6
6
3
6
6
6
6
6
6
5
5
5
5
5
7
6
6
7
6
6
7
6
7
6
6
7
7
7
5
5
5
5
5
7
7
7
7
7
7
7
7
8
8
8
8
8
8
8
8
8
8
8
8
8
8
8
8
8
9
9
10
10
11
10
10
10
15
10
11
11
15
11
12
12
11
12
12
12
13
13
13
14
14
14
14
14
16
16
14
14
14
14
15
15
15
15
15
15
15
15
15
15
15
15
15
16
16
16
16
16
16
16
16
16
16
16
16
16
20
16
15
15
17
17
17
17
17
17
17
17
15
18
20
19
15
15
15
15
19
19
19
19
19
19
19
19
19
19
20
20
20
20
20
21
21
21
21
21
21
21
21
21
22
22
22
22
22
22
22
22
22
22
23
22
22
22
22
22
22
22
22
23
22
22
23
23
22
22
20
20
22
22
23
22
22
23
24
24
24
24
24
24
24
24
24
24
24
24
24
24
24
24
24
24
24
24
24
24
24
24
24
24
24
24
24
24
25
25
25
25
25
25
25
25
25
25
25
25
25
25
25
25
25
25
25
25
25
25
27
26
23
25
25
26
26
27
27
25
27
27
27
27
27
29
28
27
28
27
8
28
31
31
31
28
25
29
31
29
29
29
30
30
29
30
30
30
31
30
30
30
30
30
30
31
31
31
28
28
31
31
31
8
8
32
33
33
60
34
34
34
35
33
38
38
38
35
38
36
38
38
38
38
38
38
38
38
38
39
39
36
36
39
39
39
41
40
40
40
41
39
40
41
41
41
41
41
41
41
42
42
41
42
42
40
42
42
42
43
43
42
43
43
43
43
43
43
43
43
43
43
46
44
44
44
44
44
47
47
44
47
46
46
46
46
46
46
43
46
46
46
47
46
46
47
46
48
49
49
49
49
73
49
49
49
49
49
49
49
49
49
50
50
46
51
51
46
51
52
52
52
52
53
53
53
53
54
54
53
54
54
54
55
55
56
56
56
57
56
56
64
64
56
57
57
57
57
57
58
58
30
58
58
58
58
58
59
59
59
59
60
31
60
31
59
59
38
68
61
61
59
59
59
61
61
61
61
68
68
62
57
62
62
63
58
62
62
58
63
65
64
64
64
64
64
64
64
65
65
65
65
70
65
66
63
63
63
66
66
63
66
70
70
67
67
67
61
61
61
67
67
67
71
67
67
66
70
71
68
71
71
68
67
69
68
69
69
71
68
69
42
42
42
42
69
69
69
69
69
70
70
70
70
70
70
70
72
71
68
71
71
70
71
71
71
71
71
71
71
73
71
73
72
72
72
72
72
72
72
73
73
73
73
72
73
73
73
75
74
74
74
72
75
75
75
75
75
76
76
76
76
76
10
53
75
30
1
3
5
22
22
16
20
25
25
19
19
15
13
5
3
3
22
22
22
5
7
31
28
28
28
46
49
43
45
42
40
40
68
68
68
61
63
56
38
37
38
38
38
38
40
41
40
36
36
23
27
27
27
27
27
27
29
27
28
28
31
8
29
25
51
32
8
35
38
38
60
60
59
60
34
60
59
59
30
30
33
34
31
31
29
25
29
30
69
8
35
23
8
24
44
69
61
58
31
25
29
31
29
29
30
36
5
68
42
76
62
