1
1
1
1
1
1
1
1
2
1
2
2
2
2
2
1
2
2
2
2
2
2
2
2
2
77
1
1
1
1
1
1
77
77
77
77
77
77
77
77
4
4
3
3
77
77
3
77
3
3
4
3
3
4
4
4
4
4
4
4
4
4
5
5
5
5
5
5
5
5
5
5
5
5
5
5
6
5
5
6
3
3
6
3
3
3
6
6
6
6
6
6
6
6
6
6
5
7
6
7
6
6
6
7
7
6
7
7
7
7
7
7
7
6
7
7
7
7
7
7
7
7
7
7
7
8
8
8
8
8
8
8
8
7
8
8
8
8
8
8
8
8
8
9
9
10
11
10
10
10
10
10
10
12
11
11
11
12
15
10
13
13
12
13
13
13
14
14
14
14
14
14
14
16
14
14
14
15
15
15
15
15
15
15
15
15
15
15
15
15
15
16
16
16
16
16
5
16
16
16
16
16
16
16
16
15
17
17
17
17
17
17
17
17
17
17
18
15
15
15
19
15
19
19
19
19
15
19
19
19
19
19
19
20
20
20
20
20
21
21
21
21
21
21
21
22
21
22
22
22
22
22
22
22
22
22
22
22
22
22
22
22
22
22
22
22
22
22
22
23
23
22
22
20
20
22
23
23
23
20
23
24
24
24
24
24
24
24
24
24
24
24
24
24
24
24
24
24
24
24
24
24
23
24
24
24
24
24
24
24
24
25
25
25
25
25
25
25
25
25
25
25
25
25
25
25
25
25
25
25
25
25
25
23
23
23
25
25
26
26
26
27
25
27
27
27
27
27
27
28
28
28
28
31
28
28
31
31
31
25
25
29
29
30
30
29
29
30
30
30
29
30
30
30
30
30
30
30
31
31
31
31
31
31
31
31
33
33
33
33
33
34
35
34
35
33
35
33
35
35
38
33
38
35
38
38
38
38
38
38
38
38
39
39
39
38
39
39
39
40
40
40
40
41
41
41
41
41
42
41
42
41
41
42
42
42
42
42
42
42
42
42
43
43
43
43
43
43
43
43
43
43
46
43
43
46
44
44
44
44
44
44
47
44
47
43
46
46
46
46
46
46
46
46
46
47
48
48
48
51
51
49
49
49
49
49
50
49
49
49
49
49
49
50
50
50
50
52
51
50
52
52
51
52
52
52
53
49
75
75
53
53
53
53
54
54
55
54
56
56
56
56
56
56
56
56
64
57
57
57
57
57
58
30
58
58
58
58
58
58
58
59
59
59
60
60
59
60
59
61
38
67
67
61
61
59
58
70
61
61
67
61
61
58
62
62
62
70
63
63
63
63
63
62
64
64
56
64
64
64
64
65
65
65
65
65
65
66
63
65
66
66
70
66
66
70
65
67
67
67
61
70
61
61
61
67
61
61
70
70
67
67
68
67
70
61
67
69
68
68
69
69
68
69
42
42
42
69
69
69
69
69
69
70
65
70
70
70
70
70
70
71
71
71
71
71
71
71
71
71
71
71
71
71
71
71
72
72
72
72
72
72
72
49
71
73
73
73
49
73
73
75
74
74
74
49
75
75
75
75
75
76
76
76
76
76
10
53
75
30
2
3
4
22
22
21
20
25
25
19
25
15
13
6
6
3
22
22
22
7
7
31
28
31
31
46
49
43
45
42
40
69
61
67
67
66
63
56
38
37
38
38
35
38
38
41
39
38
36
23
24
27
27
27
27
29
29
28
31
31
31
8
29
29
51
32
32
35
33
35
60
60
60
60
60
60
59
59
28
30
33
34
28
31
29
29
29
29
69
31
35
20
8
24
44
69
61
58
28
25
29
31
29
30
30
38
5
61
42
76
62
