1
1
1
1
1
1
1
77
1
1
1
2
2
2
2
2
2
2
2
2
2
2
2
2
2
77
77
77
77
77
2
2
2
77
77
77
77
77
77
77
77
4
4
4
77
3
3
3
3
3
4
3
3
4
4
4
4
4
4
4
4
4
5
5
5
5
5
5
5
5
5
5
5
5
5
22
6
5
5
6
6
3
6
6
6
5
5
6
6
6
6
6
6
6
6
6
6
7
6
7
6
6
7
6
6
7
6
7
7
7
7
7
7
7
7
6
7
7
7
7
7
7
7
8
7
8
8
8
8
8
8
8
7
7
8
8
8
8
8
8
8
8
8
9
9
10
11
10
10
10
10
10
11
11
11
11
15
11
11
11
12
14
11
13
14
13
14
14
14
14
14
16
16
16
16
16
14
15
15
15
15
15
15
15
15
19
19
15
15
19
16
16
16
16
16
16
16
16
16
16
16
16
16
20
16
17
15
17
17
17
17
17
17
17
17
17
18
19
19
19
19
19
19
19
19
19
19
19
19
19
19
19
19
20
20
20
20
20
21
21
21
21
21
21
21
22
21
22
22
22
22
22
22
22
20
22
22
22
22
22
22
22
22
22
22
22
22
22
20
23
23
22
22
23
23
22
22
23
23
23
26
24
24
24
24
24
24
24
24
24
24
24
24
24
24
24
24
24
24
24
24
24
24
24
24
24
24
24
24
24
24
25
25
25
25
25
25
25
25
25
25
25
25
25
25
25
25
25
25
25
25
25
25
26
25
25
25
25
25
25
26
26
25
27
27
27
27
27
27
8
8
27
28
31
28
28
28
28
28
29
29
29
29
29
30
30
30
30
30
30
30
31
30
30
30
30
30
30
31
31
28
31
28
28
31
31
8
8
8
33
33
34
31
34
38
35
33
35
36
35
38
36
38
38
38
38
38
38
38
38
38
38
38
38
38
38
39
39
39
40
40
40
40
42
39
40
41
41
41
42
42
41
41
42
42
42
42
42
42
42
42
42
42
43
43
42
43
43
42
43
43
43
46
46
43
46
44
44
44
44
44
44
44
44
44
45
46
46
46
46
45
46
46
46
46
47
45
47
48
48
45
49
49
50
49
73
49
49
49
49
49
75
49
49
50
50
50
51
51
50
46
52
52
46
52
52
53
49
75
75
49
53
53
53
54
50
55
55
56
56
56
56
56
56
56
56
64
58
56
57
57
57
58
30
58
58
58
58
58
59
58
59
59
59
60
31
60
60
59
59
37
61
61
61
61
61
61
61
61
67
67
68
61
62
62
62
62
63
62
62
63
63
63
66
64
64
64
64
64
64
64
65
65
65
65
65
65
66
63
66
66
66
66
66
66
65
65
68
67
67
67
63
63
67
68
68
68
67
67
67
67
71
68
71
65
68
68
68
68
68
68
71
68
69
69
42
69
69
71
71
69
69
43
72
70
70
70
70
70
72
72
71
71
71
65
71
71
71
71
44
71
71
71
71
73
49
72
72
72
72
72
72
73
73
73
73
73
73
73
73
73
72
74
74
74
73
73
75
75
75
75
76
76
76
76
76
10
75
74
30
1
3
4
22
22
21
20
25
25
19
19
15
4
5
6
3
22
22
22
6
7
28
8
28
28
46
49
43
45
42
40
37
37
68
68
63
63
56
61
37
38
38
38
38
40
41
39
38
36
23
23
27
28
27
28
27
27
28
28
28
28
8
27
29
51
32
32
35
35
35
59
60
60
60
60
60
58
59
30
30
33
31
31
31
30
29
30
30
69
31
38
23
8
24
44
37
61
58
31
27
29
31
29
30
30
38
5
37
42
76
56
