1
2
1
1
1
1
1
1
1
2
1
2
2
2
2
2
2
2
2
14
2
2
2
2
4
77
77
77
77
1
1
77
77
77
77
77
77
77
77
77
77
4
4
3
3
3
3
3
3
4
4
4
3
4
14
14
14
4
4
14
14
4
4
5
5
4
5
5
5
5
5
5
5
6
5
5
5
5
5
5
6
6
6
3
6
5
6
6
6
6
6
6
6
7
7
6
5
7
7
6
7
6
6
7
7
6
6
7
7
7
7
7
7
7
7
7
22
22
7
7
7
7
7
7
7
8
8
8
7
8
8
8
8
7
8
8
8
8
8
8
8
8
7
9
9
10
10
12
10
10
10
10
15
11
15
15
11
11
15
12
12
12
12
13
14
13
14
16
16
14
14
16
16
21
16
16
14
15
15
15
15
15
15
15
15
15
15
15
15
15
14
14
16
21
16
16
16
16
4
16
21
16
14
16
16
15
15
17
17
17
76
17
17
18
19
15
18
15
15
15
15
15
19
19
19
19
19
19
20
20
20
19
19
20
20
20
20
20
4
16
21
21
21
21
21
21
21
22
21
21
22
22
22
20
22
22
23
22
22
22
22
22
5
22
22
22
22
23
20
22
22
23
23
23
25
23
23
23
23
25
23
24
24
24
24
24
24
22
24
24
24
24
24
24
24
24
24
24
24
24
24
24
24
24
24
24
24
24
24
24
24
25
25
25
25
25
25
25
20
25
25
25
25
25
25
25
25
25
25
25
25
25
25
23
25
25
26
26
25
25
26
26
26
23
27
27
27
29
27
28
28
28
28
28
28
28
28
28
28
29
29
28
29
30
29
30
30
29
30
30
30
28
30
30
58
58
58
30
31
31
28
28
31
28
28
31
8
32
32
35
34
34
34
34
34
35
35
35
38
35
35
35
38
38
38
38
39
38
38
41
38
38
39
39
39
41
39
41
39
41
40
40
40
41
41
41
41
41
41
42
42
41
42
42
42
42
42
41
41
42
42
42
42
43
43
42
43
43
43
43
43
45
43
46
43
43
44
44
69
44
44
44
44
47
47
45
46
46
45
46
45
43
46
46
52
47
47
47
48
48
51
44
47
49
49
49
49
49
50
50
49
49
49
49
50
50
50
52
51
51
46
52
52
52
52
52
49
53
53
53
53
53
53
53
54
54
55
55
56
56
56
56
56
56
56
64
56
57
57
57
57
57
30
30
58
58
58
30
30
58
58
59
61
59
60
60
60
59
61
61
61
61
61
61
61
63
63
61
61
61
61
68
37
62
62
65
65
63
63
58
58
63
63
63
65
64
64
64
64
64
64
65
65
64
65
65
70
66
63
65
66
66
66
66
65
66
70
67
67
67
67
61
67
67
66
67
66
67
67
67
66
66
67
67
66
68
68
37
68
68
68
68
71
69
42
42
69
69
69
69
44
69
45
70
70
70
70
70
70
70
72
71
71
71
71
70
71
71
71
71
71
71
71
73
71
73
72
72
72
72
72
75
72
73
73
73
73
72
73
73
73
74
74
74
74
75
75
75
75
75
53
76
76
76
76
76
76
53
74
58
1
3
4
5
22
21
20
20
25
19
25
14
14
6
6
3
5
22
22
22
22
28
28
28
31
46
49
45
45
42
40
37
68
68
67
66
63
56
34
37
41
38
38
38
41
41
41
38
36
23
24
27
27
27
27
27
27
28
28
28
28
8
29
30
51
33
32
35
35
38
59
60
60
60
34
60
59
59
28
30
35
34
28
28
30
29
29
29
69
31
35
25
7
24
44
37
61
58
28
29
29
31
28
29
30
39
4
37
42
76
64
