1
2
1
1
77
1
1
1
1
1
1
2
2
2
2
2
2
2
2
4
4
2
2
2
2
77
77
77
77
1
2
4
1
77
77
77
77
77
77
77
77
4
4
3
3
77
3
3
3
4
4
3
3
4
4
4
4
4
5
4
5
5
4
5
5
5
5
5
5
5
5
5
5
5
5
5
3
5
6
3
3
3
6
6
3
3
6
3
6
6
6
6
6
6
7
6
6
7
7
6
7
6
6
6
6
7
7
7
7
7
7
7
7
7
7
7
7
7
7
7
7
7
7
7
7
8
8
8
8
8
8
8
8
7
8
8
8
8
8
8
8
8
8
9
9
10
11
10
10
10
10
11
10
11
11
11
11
11
11
12
12
12
14
13
13
4
14
14
14
14
14
14
14
14
14
14
14
15
15
15
15
15
15
15
15
15
15
15
15
15
15
16
16
16
16
21
16
16
16
21
21
16
16
16
16
17
15
17
17
17
17
17
17
18
17
17
18
15
19
15
19
19
19
19
19
19
19
15
19
19
19
19
19
20
20
20
20
20
21
21
21
21
21
21
21
22
21
22
22
22
22
22
22
20
22
22
22
22
22
22
22
22
22
22
22
22
22
22
22
22
22
22
23
20
25
23
22
23
23
23
26
24
24
24
24
24
24
24
24
24
24
24
24
24
24
24
24
24
24
24
24
24
24
24
24
24
24
24
24
24
24
25
25
25
25
25
25
25
25
25
25
25
25
25
25
25
25
25
25
25
25
25
25
26
26
23
25
25
25
26
26
27
26
27
27
27
27
27
27
8
28
27
28
28
28
28
33
28
28
29
25
29
29
30
29
30
30
30
30
30
30
30
30
30
30
30
29
30
31
31
28
31
28
31
31
31
8
8
8
33
33
34
34
34
34
34
35
34
35
38
38
34
36
38
38
38
38
38
38
38
38
40
38
38
38
38
39
39
39
40
40
40
42
42
41
40
41
41
42
42
42
42
42
42
42
42
42
42
42
42
42
69
43
43
43
43
43
43
43
43
43
43
43
43
43
46
44
44
44
44
44
44
44
44
44
45
46
46
46
43
46
46
46
46
52
47
46
47
47
48
46
49
49
49
49
49
50
50
49
49
49
49
49
49
50
50
50
51
46
51
52
52
52
52
52
52
53
49
75
75
75
53
53
53
54
54
55
54
30
56
56
56
56
56
56
56
64
57
57
57
58
57
31
58
58
58
58
58
31
58
58
59
58
59
60
60
60
60
58
58
61
61
61
61
61
58
58
61
61
61
61
68
61
65
62
62
65
63
58
58
58
58
63
63
64
64
64
64
64
64
64
65
65
64
65
65
65
65
63
65
66
66
63
63
66
66
65
67
61
67
63
63
63
67
67
67
67
67
67
63
66
67
71
67
71
68
67
69
68
68
68
71
71
69
69
69
69
69
69
69
69
69
69
70
70
70
70
70
70
71
71
69
71
71
71
71
71
71
71
71
71
71
71
71
71
49
72
72
72
72
72
72
72
49
73
73
73
73
73
72
49
74
74
75
75
75
75
75
75
75
49
76
76
76
76
76
10
75
75
30
1
3
5
22
22
21
20
25
25
18
18
15
4
6
3
3
22
22
22
7
7
33
28
28
33
46
49
43
69
42
40
68
68
68
68
66
63
56
34
37
38
38
38
38
40
41
41
38
36
23
26
27
27
27
27
25
27
27
28
28
28
8
29
29
51
32
32
34
35
35
60
59
59
60
60
60
59
59
29
30
34
34
31
31
30
29
29
30
69
33
35
23
8
24
44
40
61
58
28
25
29
31
27
29
31
38
5
68
42
76
56
