1
1
1
1
1
1
1
1
2
2
2
1
2
2
2
1
2
2
2
2
2
4
4
4
4
77
77
77
1
1
2
2
4
77
77
77
77
77
77
77
4
4
3
77
77
3
3
3
3
3
3
4
3
4
13
4
13
4
4
4
13
13
5
5
5
5
5
5
5
5
5
5
5
5
5
22
6
5
5
6
3
3
6
6
6
6
6
7
7
6
6
6
6
6
6
6
5
6
6
7
6
6
7
6
6
6
6
7
7
7
7
7
7
7
6
5
7
7
7
7
7
7
7
7
7
8
8
8
8
8
8
8
8
8
8
8
8
8
8
8
8
8
7
9
9
10
11
10
10
10
10
15
15
10
11
15
15
11
15
10
10
12
16
13
14
13
14
14
14
14
14
16
14
16
14
16
5
16
15
15
17
15
17
15
15
15
15
15
15
15
16
15
16
16
5
16
5
16
16
16
21
16
15
20
16
17
19
17
17
17
76
17
17
17
19
19
18
20
15
15
19
15
19
15
19
19
19
25
25
25
19
19
19
20
20
20
20
20
21
20
20
20
20
21
21
21
5
22
22
22
20
22
22
22
22
20
20
22
22
22
22
22
22
24
22
22
22
22
22
23
23
23
23
23
25
23
23
23
23
23
23
24
24
24
24
24
24
24
24
24
24
24
24
24
24
24
24
24
24
24
24
24
24
24
28
28
28
24
24
24
28
25
25
25
25
25
25
25
25
25
25
25
25
25
25
25
25
25
25
25
25
25
25
27
26
26
26
26
29
26
26
29
29
29
27
27
29
27
27
8
28
28
28
28
28
28
28
28
28
30
30
31
29
30
30
30
30
29
29
30
30
31
30
30
56
56
56
56
28
28
28
28
28
28
28
28
8
8
8
33
28
34
35
34
60
35
35
35
36
38
35
36
38
36
37
38
38
37
38
37
38
38
39
39
39
39
39
39
39
40
40
40
40
41
41
37
41
42
41
41
41
41
42
41
42
42
42
42
40
42
42
42
43
42
43
43
43
43
42
42
43
43
46
46
43
43
44
47
44
44
44
44
44
50
50
45
43
46
46
46
45
45
46
46
46
50
48
48
51
48
46
49
50
49
49
49
49
50
50
49
49
49
49
54
50
50
51
46
51
51
46
46
52
52
52
52
53
53
53
53
54
53
53
54
54
54
55
55
56
56
56
56
56
56
56
64
64
58
57
57
62
57
30
58
58
58
58
58
58
58
62
61
59
59
60
60
31
60
61
59
37
61
59
59
61
61
61
63
63
61
61
61
37
62
62
62
62
63
63
62
63
63
63
63
62
64
64
64
64
64
64
62
62
64
62
65
65
66
63
66
65
66
66
65
65
66
70
61
61
61
67
67
61
61
61
61
67
61
61
67
67
67
71
66
66
61
68
68
67
71
68
71
71
69
69
42
42
42
69
69
69
69
69
70
70
70
70
70
71
71
71
49
71
71
70
70
70
71
71
49
71
71
71
71
71
73
72
73
72
72
72
72
72
73
73
73
73
73
49
73
73
72
74
74
74
75
75
75
75
53
75
76
76
76
76
76
10
53
75
56
2
3
4
22
22
21
20
25
26
18
18
15
13
5
6
6
22
7
24
7
7
28
28
28
28
46
49
43
47
42
40
40
68
68
67
63
67
56
59
37
37
38
38
38
37
41
41
36
36
23
27
27
27
31
27
27
31
28
28
28
31
8
30
29
51
32
32
35
35
36
59
60
60
60
60
60
30
59
31
30
35
34
28
31
29
30
30
30
42
28
35
25
7
24
44
40
59
62
31
29
30
31
31
56
30
38
5
37
42
76
64
