1
2
1
1
1
1
1
1
1
1
1
2
2
13
2
2
2
2
2
2
13
2
2
2
2
77
77
77
77
1
2
2
77
77
4
77
4
77
3
77
4
4
4
3
3
77
77
3
3
3
4
4
3
4
4
4
4
4
4
4
4
4
4
5
5
5
5
5
5
5
5
5
5
5
5
5
6
5
5
6
3
3
6
3
6
6
6
3
6
6
6
6
6
7
6
5
7
6
7
6
6
6
7
6
6
6
6
7
6
7
7
7
7
7
6
7
7
7
7
7
7
7
7
7
7
8
7
8
8
8
8
8
8
8
8
8
8
8
8
8
8
8
8
9
9
10
11
10
10
10
10
10
10
11
11
11
11
13
11
12
12
12
13
13
13
13
14
14
14
14
14
14
14
14
14
14
14
15
15
15
15
15
15
15
15
15
15
15
15
15
15
16
16
16
16
16
16
16
16
16
16
16
16
16
16
15
17
17
17
17
17
17
17
17
19
19
18
19
15
19
19
19
19
19
19
19
19
19
19
19
19
19
19
20
20
20
20
20
21
21
21
21
21
21
21
21
21
22
22
22
22
22
22
22
22
22
22
22
22
22
22
22
22
22
22
22
22
22
22
22
22
22
22
23
23
23
23
23
23
23
23
24
24
24
24
24
24
24
24
24
24
24
24
24
24
24
24
24
24
24
24
24
24
24
24
24
24
24
24
24
24
25
19
25
25
25
25
25
25
25
25
25
25
25
25
25
25
25
25
25
25
25
25
23
23
23
26
26
26
26
26
29
25
26
27
27
26
26
27
28
28
27
28
28
28
28
28
28
28
29
30
31
30
29
29
30
30
30
30
30
30
30
30
30
30
30
29
30
31
31
31
31
31
28
31
28
8
8
32
33
33
34
34
34
34
35
35
35
35
35
38
36
38
38
38
38
38
38
38
38
38
38
39
39
39
38
39
39
39
42
40
40
40
41
41
41
41
41
41
41
41
41
41
42
42
41
42
42
42
42
42
42
43
42
43
69
43
43
43
43
43
43
43
46
43
43
44
44
69
44
69
44
44
44
44
45
46
46
48
46
46
46
48
46
46
47
48
69
47
47
48
49
49
49
49
49
49
49
49
49
49
49
49
49
49
50
50
46
51
51
52
52
52
52
52
52
53
53
75
75
75
54
75
54
54
54
52
55
30
56
56
56
56
56
56
56
64
30
57
57
57
57
58
30
58
58
58
58
58
58
58
59
59
59
60
60
60
60
58
58
37
61
37
37
61
61
63
61
61
61
61
61
61
62
62
62
65
63
63
63
63
63
63
63
62
64
64
64
64
64
65
65
62
65
65
65
65
66
63
66
65
66
66
66
66
66
66
67
61
67
61
67
67
67
67
67
66
66
66
67
66
67
71
67
66
68
68
68
67
68
68
69
71
69
69
69
69
69
69
69
69
69
69
70
70
70
70
70
70
70
72
71
71
71
71
71
71
71
71
71
71
71
71
71
71
71
72
72
72
72
72
72
72
73
73
71
73
73
73
73
73
72
74
74
74
75
75
75
75
75
49
76
76
76
76
76
10
75
75
30
1
3
4
22
22
16
20
25
25
19
18
15
13
6
3
3
22
22
22
7
7
28
28
28
28
46
49
43
69
42
40
68
61
68
67
63
67
56
37
37
38
38
38
38
40
41
41
36
36
27
27
27
27
27
28
29
27
28
28
28
28
8
29
29
51
32
8
35
35
38
60
60
60
60
60
60
59
59
30
30
33
34
31
31
30
30
30
30
69
8
35
26
7
24
44
69
37
58
28
29
31
31
31
29
30
38
21
68
42
76
64
