1
2
1
1
1
1
1
1
1
1
1
2
2
2
2
2
2
2
2
2
2
2
2
2
2
77
77
1
1
77
1
4
4
77
4
77
77
77
3
77
3
4
4
3
77
77
77
3
3
3
4
5
3
2
4
4
4
4
4
4
14
14
4
5
5
16
5
5
5
5
5
5
5
5
5
5
3
5
5
5
3
3
6
3
6
6
5
6
6
6
6
6
6
6
5
5
5
5
6
7
7
6
6
6
7
6
7
7
7
7
7
7
7
6
6
6
7
7
7
7
7
7
7
7
8
7
8
8
8
8
8
8
8
8
8
8
8
8
8
8
8
8
8
9
9
10
10
10
10
10
10
10
10
12
11
11
15
11
12
10
12
12
12
13
12
2
14
14
16
14
14
14
14
16
14
14
14
15
15
15
15
15
15
15
15
15
15
15
15
15
15
16
16
16
14
16
16
16
16
16
16
16
16
15
15
17
15
17
17
17
76
17
17
18
17
17
18
19
19
15
19
15
19
15
15
19
19
20
20
19
19
19
19
20
20
20
20
20
5
21
21
21
21
21
21
21
21
22
22
21
22
22
22
22
22
22
22
22
22
22
22
22
22
22
22
22
22
22
20
23
23
20
20
20
20
20
23
23
23
23
26
24
24
24
24
24
24
24
24
24
24
24
24
24
24
24
24
24
24
24
24
24
24
24
24
28
24
24
24
24
24
25
25
25
18
25
25
25
25
25
25
25
25
25
25
25
25
25
25
25
25
25
25
26
26
23
25
25
26
26
27
27
29
27
27
27
27
29
27
24
28
28
28
28
28
28
28
28
28
30
29
30
30
30
30
30
30
30
30
30
30
58
30
30
30
30
30
30
31
31
28
31
28
31
28
28
8
8
32
33
33
34
35
34
34
35
35
35
36
36
38
36
36
38
38
38
38
40
38
38
40
38
39
39
39
41
39
41
39
40
40
40
40
41
41
40
41
41
42
41
41
42
42
42
42
42
42
42
42
42
42
42
42
43
43
43
45
43
43
43
43
45
43
46
43
43
44
47
44
44
44
44
44
47
44
46
46
46
46
46
46
46
46
46
46
47
45
45
48
45
46
49
49
49
49
49
49
49
49
49
49
49
49
49
50
50
50
51
51
46
52
51
52
52
52
52
54
49
75
75
49
53
53
53
54
54
55
54
56
56
56
56
56
56
56
64
56
58
57
57
57
57
58
58
58
58
58
58
58
58
58
59
59
59
60
31
60
31
59
59
37
68
61
59
59
59
59
59
61
61
61
68
68
58
62
62
63
63
58
63
63
63
63
63
64
64
64
64
64
64
64
65
65
64
65
65
65
66
63
63
65
66
67
66
66
71
65
68
61
67
61
59
61
67
61
67
67
67
67
67
71
67
71
71
71
68
67
68
67
71
68
71
71
69
69
42
43
43
69
69
69
69
69
70
70
70
70
71
70
71
71
71
71
71
71
71
71
71
71
71
71
71
71
72
71
49
72
72
72
72
72
72
72
73
73
73
73
72
73
73
73
72
74
74
74
75
75
75
75
75
75
76
76
76
76
76
10
75
75
30
1
3
4
22
22
21
20
25
25
19
18
15
4
5
6
3
22
22
22
7
8
33
28
28
33
52
49
45
45
42
40
68
68
68
71
66
63
56
37
37
38
38
38
36
40
41
41
36
36
23
26
27
27
27
27
29
27
28
28
28
28
8
27
29
51
32
8
35
36
36
60
60
59
60
34
60
31
60
30
30
34
34
31
31
30
29
30
29
43
33
35
23
8
24
44
40
61
58
28
29
29
31
30
30
58
38
5
68
42
76
56
