1
2
1
1
1
1
1
1
2
1
1
2
2
2
2
1
2
2
2
2
2
14
2
4
2
77
77
77
77
1
1
1
77
77
77
77
4
77
3
77
4
4
4
4
3
77
3
77
3
4
4
4
3
4
4
14
14
5
5
5
4
16
5
5
5
5
5
5
5
5
5
22
5
5
5
5
4
4
5
6
3
3
3
3
6
6
6
3
6
6
6
6
7
6
5
7
7
6
6
7
6
6
6
6
7
7
6
7
6
7
7
7
7
7
7
7
22
7
7
7
7
7
7
7
7
8
8
8
8
8
8
8
8
7
8
8
8
8
8
8
8
28
8
9
9
9
10
10
10
10
10
10
10
10
11
15
15
11
11
12
12
12
12
13
13
13
14
14
14
14
14
14
15
14
14
14
16
15
15
15
15
15
15
15
15
19
15
19
15
19
15
15
15
15
16
15
16
16
16
16
16
16
15
15
16
17
15
17
17
17
76
17
17
17
19
15
18
20
19
19
19
19
19
19
19
19
19
19
20
19
25
19
19
20
20
20
20
22
22
20
21
21
21
21
21
21
21
22
22
22
22
20
22
20
22
20
22
22
22
22
22
22
24
24
23
23
22
23
22
23
22
23
23
23
25
23
23
23
23
23
23
24
24
24
22
24
24
23
24
24
24
24
28
24
24
24
24
24
28
24
24
24
24
24
24
28
24
24
24
28
24
25
25
25
19
25
25
25
25
25
25
25
25
25
25
25
25
25
25
25
25
25
25
23
23
26
25
26
26
23
26
26
26
27
27
27
27
29
27
28
28
28
28
28
28
28
28
28
28
29
29
31
29
30
29
30
30
30
30
31
31
31
56
56
56
30
30
56
28
31
28
28
28
28
31
28
8
8
8
33
33
34
35
34
35
35
35
35
36
35
35
36
36
38
38
38
39
38
38
37
38
38
39
39
38
39
39
41
39
40
40
40
40
41
41
40
41
41
42
41
41
42
41
42
42
42
42
40
42
42
42
42
42
43
43
43
43
43
43
43
43
69
45
45
43
43
44
44
44
44
44
47
47
47
47
45
46
46
46
46
46
45
46
46
52
47
45
47
48
48
45
47
47
47
49
73
49
49
49
73
49
49
49
49
49
50
50
52
51
49
46
52
52
52
52
52
49
53
53
53
54
54
53
54
54
54
55
51
56
56
56
56
56
56
56
64
56
62
56
57
62
57
58
58
56
62
58
58
58
58
58
59
60
60
60
60
60
60
59
61
60
68
61
61
61
61
63
61
61
67
61
68
61
62
62
62
65
63
58
58
58
63
63
65
64
64
64
64
64
64
64
65
65
64
65
65
65
66
66
65
65
66
66
65
65
66
65
61
61
67
61
61
61
67
67
61
61
67
67
67
67
61
71
66
66
68
68
68
68
71
68
68
71
69
69
69
69
69
68
71
69
69
44
70
65
65
70
70
70
70
71
71
71
70
70
71
70
70
70
71
71
71
71
71
49
49
73
72
72
72
72
72
72
73
73
73
73
72
73
73
73
72
74
74
74
49
75
75
75
75
75
76
76
76
76
76
10
53
72
56
2
3
5
22
24
21
23
25
25
19
18
15
14
5
6
3
22
22
22
22
7
28
28
28
28
46
49
69
45
42
40
68
68
68
71
63
63
56
60
37
38
38
38
38
40
41
39
36
36
23
27
27
27
27
29
27
29
28
28
28
28
8
29
29
51
32
32
35
35
35
59
60
60
60
34
31
59
59
31
56
35
34
31
31
30
29
29
29
69
28
34
23
8
24
44
40
61
58
28
29
31
31
29
29
31
39
22
61
42
76
56
