1
2
1
1
1
1
1
1
1
1
1
2
2
2
2
2
1
2
2
2
2
2
2
2
4
77
77
77
1
77
77
4
4
77
77
77
77
77
77
77
77
4
4
4
3
3
3
3
3
3
4
4
6
4
2
4
2
2
4
2
14
4
4
5
5
16
5
5
5
5
5
22
22
5
5
22
4
5
5
5
5
3
3
6
6
5
6
3
6
6
6
6
6
6
6
6
5
5
5
5
7
6
6
7
7
6
6
7
7
7
6
7
7
7
7
22
22
7
7
7
7
7
8
8
7
8
7
8
8
8
8
8
8
8
8
8
8
8
8
8
8
8
8
9
9
11
10
11
10
10
76
76
76
11
11
11
15
11
11
12
12
12
2
13
2
13
2
14
14
15
15
16
14
16
14
16
14
15
15
15
15
15
17
15
15
15
15
15
15
15
15
16
16
16
16
16
16
16
16
16
21
16
15
16
16
17
15
17
17
76
76
17
17
18
17
17
18
20
15
15
17
19
19
19
15
19
15
20
25
19
19
25
25
16
20
20
20
20
21
16
20
20
21
21
22
21
22
22
22
22
22
22
20
20
22
20
22
22
24
22
22
22
22
22
22
24
22
22
22
23
23
22
23
23
25
23
23
23
23
23
23
24
24
24
24
24
24
24
24
24
24
24
24
24
24
24
24
24
24
24
24
24
24
24
24
24
24
28
24
24
28
25
25
25
18
25
25
25
25
25
25
25
25
25
25
25
25
25
25
25
25
25
25
26
26
26
26
25
26
26
26
27
26
27
27
27
27
25
27
28
28
27
28
28
28
28
28
28
28
29
29
28
29
30
30
30
30
30
30
30
30
30
30
30
30
30
30
30
28
28
28
28
28
31
28
28
8
32
33
33
34
34
35
38
38
34
35
35
36
36
35
35
36
36
38
38
38
38
38
38
38
38
39
39
36
36
39
39
39
40
40
40
40
39
41
41
41
41
39
39
39
41
41
42
42
42
42
42
40
42
42
42
42
43
43
43
43
43
43
43
46
43
46
46
43
46
44
47
44
44
44
44
44
44
47
45
46
46
48
46
46
46
48
48
52
47
48
45
48
48
48
44
47
49
49
49
50
49
50
49
72
49
49
50
51
50
50
52
51
51
48
52
52
52
52
52
53
53
75
75
53
54
53
54
54
54
55
51
30
56
56
30
56
56
64
64
56
30
57
57
57
62
59
58
30
58
58
58
58
58
61
59
61
60
60
31
60
60
61
37
37
37
37
61
61
61
61
61
61
67
61
61
61
62
62
62
62
63
63
58
58
63
63
65
70
64
64
64
64
64
70
65
65
70
65
65
70
66
65
65
65
66
66
65
66
66
65
67
61
67
61
63
61
67
67
67
67
61
61
66
67
67
67
71
71
68
68
69
68
68
71
71
68
69
69
69
69
44
69
44
44
69
45
70
70
70
70
72
70
72
72
71
71
71
71
71
71
71
71
71
71
71
71
71
71
49
72
72
72
72
72
75
72
49
71
73
73
73
73
73
72
74
74
74
74
75
75
75
75
75
49
76
76
76
76
76
10
53
72
30
1
3
4
22
22
21
20
25
25
19
18
15
2
5
6
6
22
7
22
22
7
28
28
28
28
48
49
43
45
69
40
37
69
69
67
63
63
56
37
37
38
38
38
38
40
41
41
36
36
24
23
26
27
27
27
27
27
28
28
28
28
8
25
29
51
32
32
35
35
36
59
60
60
60
60
34
59
59
30
59
34
34
28
28
29
29
30
30
69
31
35
26
8
7
44
42
37
58
28
25
29
31
29
30
59
36
22
69
42
76
62
