1
1
1
1
1
1
1
2
1
2
1
2
2
2
2
2
2
2
2
2
2
4
2
4
2
77
77
2
1
2
2
4
77
77
77
77
77
77
77
77
77
77
4
4
3
77
3
77
3
3
3
5
3
4
4
4
13
4
4
4
14
16
4
5
4
16
5
5
5
5
5
5
22
5
5
22
5
5
5
5
3
6
6
3
6
3
3
6
6
6
6
6
6
6
6
3
5
6
7
7
6
6
6
6
7
7
7
7
7
7
7
7
7
7
22
22
22
7
7
7
7
7
7
7
8
8
8
8
8
7
8
8
8
8
8
8
8
8
8
8
8
8
8
9
9
11
10
11
10
10
10
11
10
11
11
11
15
11
12
11
12
13
12
13
13
2
14
14
14
14
12
14
14
16
14
16
14
15
15
15
15
15
15
15
15
16
15
15
15
19
16
14
16
16
16
16
16
16
16
16
16
16
16
20
16
15
15
15
17
17
76
17
17
17
17
17
18
20
20
20
19
19
25
19
20
19
19
19
19
19
19
19
19
20
20
20
19
20
21
16
16
21
21
21
21
21
21
21
21
22
22
22
22
22
20
20
22
22
22
21
22
22
22
22
22
22
22
22
22
22
20
20
20
23
23
23
20
20
23
23
23
24
24
24
22
24
24
24
24
24
24
24
24
24
24
24
24
24
24
24
24
24
24
24
24
24
24
24
24
24
24
25
25
25
25
25
25
25
25
25
25
25
25
25
25
25
25
25
25
25
25
25
25
23
26
26
26
26
26
26
29
26
26
29
27
27
27
27
27
28
24
28
28
28
28
28
28
28
28
29
30
28
29
30
29
30
30
30
30
30
30
31
30
30
30
30
30
30
28
28
28
31
31
28
28
28
8
8
33
35
28
34
34
34
34
35
34
35
36
38
38
35
36
36
38
38
38
38
38
38
38
40
38
38
38
38
38
39
39
40
40
40
40
41
38
40
40
41
41
41
42
41
41
42
42
42
42
42
42
43
42
43
42
43
42
42
42
43
43
43
46
43
46
43
46
43
44
44
44
44
44
73
44
44
44
46
46
46
48
46
46
46
46
48
52
47
48
47
47
48
48
73
47
49
49
49
50
50
49
49
73
49
49
49
50
50
54
51
51
51
52
52
52
52
52
52
54
53
75
53
53
54
53
54
54
54
55
55
56
56
56
56
56
56
56
64
64
57
58
57
57
57
58
30
58
58
58
58
58
58
61
59
59
59
60
31
31
31
61
61
37
68
61
37
61
67
61
63
67
61
61
61
61
62
62
62
63
63
58
62
62
63
63
63
65
64
64
64
64
64
64
65
65
65
65
65
70
66
66
63
66
66
66
66
65
66
66
61
61
67
67
67
66
67
67
61
67
66
66
67
66
71
67
71
71
68
61
68
67
68
68
71
71
69
69
69
69
71
71
44
44
69
43
70
70
70
70
70
70
70
70
71
71
71
71
70
70
71
71
71
71
71
71
71
71
73
72
72
72
72
72
75
72
73
73
73
73
72
73
73
73
72
74
74
74
73
75
75
75
75
75
76
76
76
76
76
10
53
74
58
1
3
5
22
22
21
20
25
25
25
25
16
13
3
6
3
22
22
22
22
7
28
28
28
28
48
73
43
45
42
40
68
68
67
67
63
63
56
37
37
38
38
38
36
40
41
38
36
36
23
27
27
27
28
28
27
28
28
28
28
28
8
29
30
51
32
32
35
35
35
59
60
59
60
34
31
58
59
31
30
35
31
28
31
30
29
30
29
43
28
34
26
8
24
44
69
37
58
28
29
29
31
29
29
30
38
5
68
42
76
56
