1
1
1
1
1
1
1
1
1
2
2
2
2
2
2
2
2
2
2
2
2
2
4
4
2
77
77
77
77
1
2
77
77
77
77
77
4
77
77
77
4
4
4
4
3
77
3
3
3
3
4
4
3
4
14
4
4
4
4
5
14
14
14
5
5
5
5
5
5
5
5
5
5
5
5
5
6
6
5
5
6
3
6
3
6
5
5
6
6
6
6
6
6
6
5
6
6
6
6
7
7
6
6
6
7
7
7
7
6
7
7
7
7
7
7
5
22
22
7
7
7
7
7
7
7
8
8
8
8
7
8
8
8
8
8
8
8
8
8
8
8
8
8
9
9
9
11
10
10
10
10
10
11
10
11
11
11
11
11
10
12
12
14
13
14
13
4
14
14
14
14
16
14
16
14
14
14
15
15
15
15
15
15
15
15
15
19
15
15
19
14
14
16
16
16
16
16
16
16
21
21
16
14
19
16
15
15
17
17
76
76
17
17
17
19
19
18
19
19
19
19
19
19
19
19
19
19
19
20
19
25
25
19
19
20
20
20
20
5
16
20
20
21
22
21
21
21
22
21
21
22
22
22
20
20
20
22
22
22
22
22
22
22
22
22
22
22
22
20
22
22
20
20
23
23
23
23
23
23
23
23
24
24
24
24
24
24
22
24
24
24
24
24
24
24
24
24
24
24
24
24
24
24
24
24
24
28
28
24
24
24
25
25
25
25
25
25
25
25
25
25
25
25
25
25
25
25
25
25
25
25
25
25
26
26
26
26
26
26
26
26
29
25
27
27
27
27
27
27
28
28
31
28
28
31
28
28
28
28
30
30
29
29
29
30
30
30
29
30
30
30
31
30
30
30
30
30
30
28
28
28
28
28
28
28
28
8
8
32
33
28
34
35
34
34
35
35
35
35
38
35
36
38
38
38
38
37
37
38
37
38
38
39
41
36
36
41
39
39
41
41
40
69
41
39
41
41
41
41
41
41
41
42
42
42
42
42
42
41
42
42
42
43
42
43
42
43
43
42
46
42
43
43
46
43
46
44
45
44
44
44
49
44
44
49
45
52
46
46
52
46
46
46
52
52
47
48
45
48
48
48
49
47
49
49
73
49
49
49
73
49
49
49
49
50
50
50
51
48
51
52
52
52
52
52
52
53
49
53
53
49
53
53
53
54
49
55
55
56
56
56
56
56
56
56
56
64
58
57
57
62
57
30
30
30
58
58
58
30
58
58
59
61
60
60
31
60
60
61
61
37
37
61
61
61
63
63
61
61
61
61
61
37
62
62
62
62
63
58
63
63
63
66
63
64
64
64
64
64
64
64
65
65
65
65
65
65
63
66
66
66
66
67
66
66
66
66
67
61
67
67
67
67
67
61
67
67
67
66
67
66
66
67
71
71
68
68
69
68
68
69
69
68
69
42
42
69
69
69
69
69
69
43
70
65
70
70
70
70
70
70
71
71
71
71
70
71
71
71
71
71
71
71
73
71
49
70
72
72
72
72
75
72
73
73
73
73
72
73
73
73
72
74
74
74
75
75
75
75
75
75
76
76
76
76
76
10
53
75
30
1
3
5
5
24
21
23
25
25
19
19
15
13
5
6
3
22
22
22
22
7
28
24
28
28
46
49
43
45
42
40
69
37
68
67
63
63
56
37
37
37
37
38
38
40
41
41
36
36
24
23
23
27
27
27
27
27
28
28
28
31
8
29
29
51
32
32
35
38
38
59
60
59
60
34
60
59
59
29
30
33
34
31
31
29
30
30
30
69
28
35
26
8
7
44
69
60
58
31
29
30
31
29
30
30
38
5
37
42
76
62
