2
2
2
1
1
1
1
1
1
1
1
2
2
2
2
2
2
2
2
2
13
2
2
2
2
77
1
1
1
1
4
4
77
77
77
77
77
77
77
77
77
4
4
4
77
3
3
3
3
3
4
4
3
4
13
4
13
13
4
4
13
5
4
5
5
5
5
5
5
5
5
5
5
5
5
5
4
5
5
5
4
3
6
4
6
6
5
6
6
6
6
6
6
5
5
5
5
5
6
6
7
6
6
7
6
6
6
7
7
7
7
7
7
7
5
22
22
7
7
7
7
7
7
7
7
7
8
8
7
8
8
8
8
8
8
8
8
8
8
8
8
8
8
9
9
10
10
10
10
10
10
10
10
15
10
11
11
11
11
10
12
12
15
13
15
13
13
13
14
13
14
16
14
14
14
14
14
15
15
15
15
15
15
15
15
15
15
15
15
19
15
16
16
16
14
16
5
16
5
16
16
16
15
16
16
17
17
17
17
17
17
17
17
17
17
17
18
20
15
19
19
19
19
19
19
19
19
19
19
19
19
19
19
20
20
20
20
20
21
21
21
21
21
21
21
21
21
22
22
22
21
21
22
21
22
22
22
22
22
22
22
22
22
22
22
22
22
22
22
23
23
20
20
20
20
20
20
23
20
20
20
24
24
24
24
24
24
24
24
24
24
24
24
24
24
24
24
24
24
24
24
24
24
24
24
24
24
24
24
24
24
25
25
25
25
25
25
25
25
25
25
25
25
25
25
25
25
25
25
25
25
25
25
23
23
25
25
26
26
26
26
29
29
27
29
29
29
29
27
8
28
27
28
31
31
31
28
31
31
29
29
29
29
30
29
29
29
30
30
30
30
31
30
30
57
30
30
57
31
31
31
31
31
31
31
31
8
8
32
33
34
34
33
34
34
33
33
33
38
38
38
38
36
38
38
38
38
38
38
38
38
40
39
39
36
41
39
39
39
40
40
40
40
41
39
41
41
39
41
41
41
41
41
42
42
42
42
42
42
42
42
42
43
42
42
43
43
43
43
43
43
45
46
46
46
43
44
44
44
44
44
44
44
44
44
46
43
46
46
46
46
46
46
46
46
47
45
45
51
48
46
49
49
49
49
49
49
49
49
49
49
49
49
49
50
50
50
51
51
51
43
51
52
52
52
52
54
49
49
53
53
53
53
53
54
54
55
55
56
56
56
57
56
56
56
56
56
57
57
57
57
57
58
58
58
58
58
58
58
59
59
59
60
60
60
60
59
59
59
59
61
61
61
59
61
61
59
63
63
61
61
68
61
62
62
62
62
63
58
62
63
63
63
63
65
64
64
64
64
64
65
63
62
65
65
65
65
63
63
66
66
66
67
67
66
66
70
68
67
67
67
67
71
71
67
68
71
71
71
67
66
71
71
71
71
68
68
37
68
68
69
71
71
69
42
42
69
69
69
69
44
69
44
70
65
70
70
70
70
70
72
69
71
71
71
70
70
71
71
71
71
71
71
73
73
71
72
73
72
72
72
72
72
49
73
73
73
73
73
73
73
74
74
74
74
75
72
75
75
75
75
76
76
76
76
76
10
53
75
57
4
3
4
22
22
21
20
25
25
19
19
15
13
5
6
4
22
22
22
22
22
28
28
28
31
46
49
45
45
42
40
37
68
68
71
63
63
56
61
37
38
38
38
38
40
41
41
36
36
23
23
23
27
27
27
27
27
28
31
31
31
8
29
30
51
32
8
35
35
38
60
60
60
60
34
60
59
59
30
58
33
34
31
31
29
30
30
29
44
31
35
20
8
24
44
37
59
58
31
29
30
31
29
30
58
38
5
61
42
76
64
