1
2
1
1
1
1
1
1
1
2
1
2
2
2
2
2
2
2
2
2
2
2
2
4
2
77
77
77
1
1
2
2
1
77
77
77
77
77
77
77
77
4
4
77
3
77
3
3
3
3
3
4
3
4
4
4
4
4
4
4
4
4
4
5
5
5
5
5
5
5
5
5
5
5
5
5
4
5
5
6
3
3
6
3
3
6
6
6
6
6
6
7
6
6
6
6
5
7
6
6
7
6
6
6
6
6
7
7
7
7
7
7
7
7
7
7
7
7
7
7
7
7
7
7
7
8
7
8
8
8
8
8
8
7
8
8
8
8
8
8
8
8
8
9
9
9
10
10
10
10
10
10
10
12
11
11
15
11
11
12
12
13
12
13
14
13
14
14
14
14
14
16
14
14
14
14
16
15
15
15
15
15
15
15
15
15
15
15
15
15
16
16
16
16
16
16
16
16
16
16
16
16
16
16
16
17
15
17
17
17
17
17
17
17
17
17
18
19
19
19
19
19
19
19
19
19
19
20
19
19
19
19
19
20
20
20
20
20
21
21
16
21
21
21
21
21
21
22
22
21
22
22
22
22
22
22
22
22
22
22
22
22
22
22
22
22
22
22
22
22
23
22
22
25
23
22
23
23
23
23
23
24
24
24
24
24
24
24
24
24
24
24
24
24
24
24
24
24
24
24
24
24
24
24
24
24
24
24
24
8
24
25
25
25
25
25
25
25
25
25
25
25
25
25
25
25
25
25
25
25
25
25
25
26
23
23
25
26
26
26
26
29
29
29
27
27
27
27
27
8
8
27
28
28
28
28
28
31
28
30
30
30
29
30
30
30
30
29
30
30
30
30
30
30
30
30
30
30
28
28
28
28
28
31
31
31
8
8
32
33
33
35
34
34
35
35
35
35
35
35
38
36
38
38
38
38
38
38
38
38
38
38
39
39
38
41
39
39
39
41
40
41
40
41
39
41
41
41
41
41
41
41
41
42
42
42
42
42
42
42
42
42
43
43
42
43
43
42
43
43
43
43
46
43
43
43
44
44
44
44
69
44
44
44
49
46
46
46
46
46
46
46
46
46
46
44
45
45
47
51
48
49
49
49
49
49
49
49
49
49
49
49
49
49
49
50
50
51
51
51
51
51
52
52
52
52
53
49
53
53
49
53
53
53
54
54
55
51
30
56
56
56
56
56
56
56
64
57
57
57
57
57
58
58
58
58
58
58
58
58
62
59
59
59
60
60
60
60
61
61
37
61
61
61
61
61
61
63
61
67
61
61
61
62
62
62
62
63
63
62
63
63
63
63
64
64
64
64
64
64
64
65
65
65
63
65
65
63
63
63
63
63
66
66
65
66
65
67
61
67
61
63
67
67
67
67
66
67
67
63
66
66
67
71
71
68
68
69
68
68
69
69
71
69
69
69
69
69
69
69
69
69
43
70
70
70
70
71
70
71
72
69
71
71
71
71
71
71
71
71
71
71
71
71
71
71
72
72
72
72
72
72
72
73
73
73
73
72
73
73
73
75
74
74
74
75
75
75
75
75
49
76
76
76
76
76
10
53
75
30
1
3
4
22
22
16
20
25
25
19
19
15
13
5
6
3
22
22
22
22
7
28
8
28
28
46
49
43
45
42
40
69
61
69
67
66
63
56
37
37
38
38
38
38
40
41
41
36
36
24
26
26
27
27
27
29
27
28
28
28
31
8
27
30
51
32
8
35
35
35
60
59
59
35
60
60
58
59
30
30
35
34
30
31
29
29
29
30
43
31
35
23
8
24
44
69
37
62
31
29
29
31
29
30
30
38
5
37
42
76
64
