1
1
1
1
1
1
1
2
1
1
1
2
2
2
2
2
2
4
2
14
2
4
4
2
2
77
77
77
77
2
2
4
2
77
4
77
4
77
77
77
4
4
4
3
77
77
3
77
3
3
4
5
3
2
4
4
14
4
4
5
4
4
5
5
5
5
5
5
5
5
5
5
5
5
5
5
3
5
5
3
3
3
6
3
3
3
3
6
6
6
6
6
6
6
5
7
7
6
6
7
7
7
6
6
6
7
7
7
7
7
7
7
7
6
6
7
7
7
7
7
7
7
7
7
7
8
7
8
7
8
8
8
8
8
8
8
8
8
8
8
8
8
7
9
9
9
11
10
10
10
10
10
10
11
15
15
11
11
12
11
12
12
12
13
13
13
14
14
14
14
14
14
16
16
14
14
14
15
15
15
15
15
15
15
15
15
15
15
15
15
15
16
16
16
16
16
16
16
16
16
16
16
16
16
16
15
15
15
17
17
17
17
17
17
17
17
19
15
19
15
19
19
19
19
19
19
19
20
19
19
19
19
19
20
20
20
19
20
21
21
21
21
21
21
21
21
21
22
22
22
22
22
22
22
20
22
22
22
22
22
22
22
22
22
22
22
22
22
22
24
23
22
22
20
20
22
22
23
23
22
23
24
24
24
24
24
24
23
24
24
24
24
24
24
24
24
24
24
24
24
24
24
24
24
24
24
24
24
24
24
24
25
25
25
25
25
25
25
25
25
25
25
25
25
25
25
25
25
25
25
25
25
25
27
20
25
25
25
29
26
26
29
29
27
27
27
27
27
27
31
28
31
31
31
28
28
28
28
31
29
29
29
30
30
29
30
30
30
30
30
30
30
30
30
30
30
30
30
31
31
31
31
31
29
31
31
8
32
32
33
31
34
35
34
34
35
35
35
38
38
35
38
38
38
38
38
38
38
38
38
38
38
39
38
38
38
39
39
39
41
40
40
40
41
39
41
41
41
41
42
42
41
42
42
42
42
42
42
42
42
69
42
43
43
43
43
43
43
43
43
43
43
43
43
43
46
44
44
44
44
44
44
44
44
49
48
46
46
46
46
48
45
46
46
46
47
48
48
48
51
48
44
49
49
49
49
49
49
50
49
73
49
49
49
51
50
54
51
48
51
52
52
51
52
52
51
53
49
75
53
49
53
53
53
51
54
55
51
56
56
56
56
56
56
56
56
64
57
57
57
57
57
58
30
30
58
30
58
58
31
31
59
59
60
60
60
31
60
59
59
59
61
61
59
59
59
59
63
61
61
61
68
68
58
62
62
64
63
63
63
63
63
63
63
64
64
64
64
64
64
64
64
64
65
65
65
70
66
63
63
65
65
66
65
66
66
70
67
61
67
61
61
61
67
67
67
67
67
67
67
66
67
67
71
71
68
68
68
68
68
68
68
67
69
69
69
69
69
69
69
69
69
69
70
70
70
70
70
70
71
70
69
69
69
71
71
71
71
71
71
71
71
71
71
71
71
71
72
72
72
72
72
72
73
73
73
73
72
73
72
73
72
74
74
74
73
75
75
75
75
75
76
76
76
76
76
10
53
75
30
1
3
5
22
22
21
20
25
25
19
18
15
14
5
6
3
22
22
22
7
7
31
28
31
28
46
49
43
69
42
40
68
68
68
67
66
63
56
59
37
38
38
38
38
40
41
39
38
36
23
23
23
27
27
27
27
28
28
31
31
28
8
29
30
51
8
8
35
35
38
60
60
60
60
60
60
31
60
30
30
33
34
31
31
30
30
30
30
69
31
35
20
7
8
44
69
59
58
29
29
30
31
29
30
30
38
5
61
42
76
62
