1
2
1
1
1
1
1
2
2
2
2
2
2
2
13
13
4
2
13
13
9
13
13
13
4
77
77
1
1
1
4
1
1
77
77
77
77
77
77
3
77
77
77
77
3
3
3
4
3
4
4
4
3
4
14
14
13
14
4
14
13
14
14
14
14
14
16
16
16
16
16
16
16
16
16
16
4
14
5
5
3
6
6
6
6
3
5
5
6
6
5
5
5
5
5
16
5
5
5
5
5
6
6
7
7
7
6
7
7
7
7
7
7
7
7
5
7
22
7
7
8
8
7
8
22
8
32
32
8
24
32
32
32
8
8
8
32
32
32
32
8
8
24
9
9
76
10
9
10
76
76
10
10
10
10
11
11
11
10
9
9
9
10
9
15
12
13
13
12
12
15
15
15
12
13
14
14
15
15
11
11
11
11
11
17
15
17
21
17
17
15
15
12
12
12
12
16
16
16
21
21
12
21
20
21
17
11
17
76
76
76
76
17
18
17
17
18
20
20
20
18
19
18
19
19
19
19
19
19
19
26
18
26
20
19
19
20
20
21
20
20
21
21
21
21
22
21
22
22
22
22
22
20
20
20
20
20
23
23
23
22
22
16
22
24
23
23
23
23
24
23
27
27
23
23
27
23
23
27
27
27
24
24
24
24
24
24
28
28
28
24
28
24
24
24
28
24
28
28
24
28
23
23
28
28
28
28
24
28
28
28
26
26
18
18
18
25
26
19
26
25
25
25
26
26
26
26
25
25
25
25
26
29
27
26
26
26
29
26
29
29
27
29
27
29
29
29
29
29
33
28
27
27
33
29
31
29
29
33
30
29
31
31
31
30
30
30
30
31
59
31
31
56
30
56
56
56
30
34
33
33
34
31
31
34
31
33
33
33
34
34
60
60
37
37
36
35
36
35
35
35
35
36
35
36
38
38
38
38
61
40
38
39
39
39
38
39
39
39
40
40
40
42
41
41
41
41
41
41
41
41
40
40
42
40
42
42
42
42
42
42
69
43
46
42
69
43
43
43
46
43
44
43
52
43
46
44
44
69
44
47
47
44
44
44
45
52
52
52
45
45
45
48
48
48
55
51
51
51
48
48
47
49
49
49
49
49
53
55
50
49
50
50
53
55
55
53
51
51
51
52
51
51
52
52
52
53
50
75
53
50
53
53
53
54
54
55
54
56
56
56
57
64
64
64
64
56
57
57
57
57
57
59
59
59
57
58
57
58
58
61
58
58
59
60
60
60
60
58
37
61
37
37
37
37
61
61
61
61
37
61
61
61
62
57
62
62
61
61
62
62
62
63
63
65
64
64
64
64
65
65
63
63
65
65
66
65
63
66
63
65
66
66
65
66
67
66
67
61
61
61
63
61
67
61
67
67
67
61
63
67
71
67
71
67
68
67
68
68
67
67
68
68
68
40
40
69
69
68
68
69
69
44
70
65
70
70
70
70
70
72
71
71
71
70
71
71
71
73
49
73
73
71
71
73
73
72
72
75
74
74
75
72
73
72
73
72
73
49
73
73
74
74
74
74
50
75
75
74
75
50
76
76
76
76
76
76
53
74
56
1
4
4
16
22
21
23
19
29
17
18
21
12
5
5
3
16
22
22
22
22
27
28
33
33
52
49
44
45
42
40
40
68
68
67
66
63
56
37
61
37
36
36
36
40
40
38
36
36
23
28
27
29
29
27
29
29
27
29
27
29
8
31
30
55
33
32
35
35
35
60
59
59
59
60
60
59
59
31
56
36
34
31
59
30
31
31
31
69
33
35
23
24
24
68
40
37
61
31
29
31
34
29
30
59
38
16
61
42
76
56
