1
1
1
1
1
1
1
1
77
1
1
2
2
2
2
2
2
2
2
2
2
2
2
2
2
77
77
77
77
77
2
4
4
77
77
77
77
77
3
77
77
77
3
3
3
3
3
3
3
3
5
3
3
4
4
4
2
4
5
4
2
4
4
5
4
5
5
5
5
5
5
5
5
5
5
22
6
3
5
6
6
6
6
6
6
6
6
6
6
6
6
6
6
6
6
5
6
6
7
6
7
6
7
6
6
7
6
7
7
7
7
7
7
7
7
7
7
7
7
7
7
7
7
7
7
8
8
8
7
8
8
8
8
8
32
32
32
32
8
8
8
8
8
9
9
9
10
11
10
10
76
10
10
11
11
10
11
12
11
12
12
12
12
13
13
13
14
14
14
14
13
14
14
14
14
14
4
15
11
15
15
15
17
15
15
15
15
15
15
15
16
16
14
16
16
16
4
16
21
21
16
16
16
16
16
17
17
17
76
76
76
17
17
17
17
17
18
19
19
19
19
19
19
19
19
19
20
20
20
19
19
25
19
20
20
20
20
20
21
22
21
21
21
22
21
5
5
22
5
22
22
22
22
22
20
22
22
22
22
22
22
22
22
22
22
22
22
22
22
23
23
23
23
20
23
23
23
23
23
23
23
24
22
22
24
23
23
23
24
24
22
24
24
24
24
24
24
24
24
24
24
24
24
28
24
24
24
24
28
24
28
25
19
25
25
25
25
25
25
25
25
25
25
26
25
23
26
25
25
25
25
25
25
26
26
26
26
26
25
26
26
26
25
26
27
27
27
27
27
32
28
29
28
28
28
28
28
28
28
29
29
29
29
29
29
30
30
30
30
29
29
30
30
30
30
30
30
30
31
31
28
31
31
31
31
31
32
32
32
33
33
60
34
34
34
35
35
35
36
35
35
36
36
38
34
38
38
38
38
40
38
38
39
39
39
39
39
39
39
40
40
40
40
41
39
40
41
41
41
41
41
42
41
42
41
42
42
42
40
42
69
42
43
43
42
43
43
43
43
43
46
43
46
46
43
43
44
44
44
44
44
44
47
44
47
45
46
46
46
46
45
46
48
46
48
47
48
45
48
48
48
49
49
49
49
73
49
49
49
49
49
49
49
49
50
50
50
51
51
51
52
52
52
52
55
52
53
53
53
53
53
53
53
53
54
53
55
54
56
56
56
56
56
56
56
64
64
57
57
57
57
57
58
58
57
57
57
58
58
58
58
61
59
59
34
60
60
60
61
61
61
68
61
61
61
61
61
63
67
67
61
61
61
62
56
62
62
63
63
62
63
66
63
63
56
64
64
64
64
64
64
65
65
65
65
65
65
66
66
66
66
66
66
66
66
66
70
68
61
67
67
67
67
67
67
67
67
67
66
66
66
67
71
67
67
68
68
68
68
68
68
69
68
69
69
42
69
69
69
69
69
69
44
70
65
70
70
70
70
70
72
71
71
71
67
71
71
71
71
71
71
71
71
71
71
71
72
72
72
72
72
72
72
73
73
73
73
72
73
73
72
72
74
74
74
75
75
75
75
75
75
76
76
76
76
76
10
53
75
30
1
3
5
22
22
21
20
25
25
19
18
15
14
6
6
6
22
22
22
7
7
28
28
28
28
52
49
43
45
42
40
68
68
68
67
66
66
56
37
40
37
38
38
38
40
40
41
36
36
23
23
23
27
27
28
27
29
28
28
28
28
7
27
29
51
33
32
35
35
38
60
60
60
60
34
31
59
59
30
30
33
34
31
59
29
29
29
29
69
28
35
23
8
24
44
69
61
58
29
29
29
31
29
30
30
40
5
68
42
76
56
