1
1
1
1
1
1
1
1
1
1
1
2
2
13
2
2
2
2
2
2
13
2
2
4
2
77
77
77
77
77
77
77
77
77
77
77
77
77
77
77
77
77
3
3
3
3
3
3
3
3
3
3
3
4
4
4
4
4
4
5
4
4
5
4
5
5
5
4
5
5
5
5
5
5
5
5
6
6
6
6
6
6
6
6
6
6
6
6
6
6
6
6
6
6
6
5
6
6
6
6
7
6
7
6
6
6
6
7
7
7
7
7
7
6
7
7
7
7
7
7
7
7
7
7
7
8
8
8
7
8
7
8
8
8
8
8
8
8
8
8
8
8
8
9
9
9
11
10
10
10
10
10
10
11
11
11
11
11
11
12
12
12
12
13
13
13
14
14
14
14
14
14
14
14
14
14
14
16
15
15
15
11
15
15
15
15
15
15
15
17
16
16
16
16
16
16
16
16
16
16
16
16
16
16
16
17
17
17
17
17
17
17
17
17
17
17
18
19
19
19
19
19
19
19
19
19
19
19
19
19
19
19
19
20
20
20
20
20
21
20
21
20
21
21
22
22
21
21
21
22
22
21
20
20
20
20
22
21
22
22
22
21
22
22
22
22
22
22
20
23
23
23
23
23
23
23
23
23
23
23
27
24
24
24
24
24
24
24
24
24
24
24
24
24
24
24
24
24
24
24
24
24
24
24
24
24
24
24
24
24
24
23
25
25
19
25
25
23
23
25
25
25
25
25
25
23
25
25
25
25
25
25
25
27
26
26
26
29
26
26
26
29
29
26
27
27
27
27
27
28
28
27
27
28
28
28
28
28
28
29
29
29
29
29
29
30
30
30
30
30
30
30
30
30
30
30
30
30
31
31
28
31
31
31
31
31
32
8
32
32
33
34
34
34
34
35
35
35
35
35
35
38
38
38
37
38
38
38
38
38
38
38
39
39
39
39
41
41
39
40
40
40
40
41
41
41
41
41
41
41
41
42
41
42
42
42
42
40
42
42
42
42
42
43
43
43
43
43
43
43
43
43
43
43
43
43
44
44
44
44
44
44
44
44
44
45
46
46
46
46
46
46
51
46
51
47
48
45
48
48
51
49
49
50
49
49
49
50
49
49
49
49
49
49
50
50
50
51
51
48
46
46
51
46
52
52
53
53
53
53
53
53
53
53
54
54
55
55
56
56
56
56
56
56
56
56
56
57
57
57
57
57
58
58
58
58
58
58
58
58
58
59
61
59
60
60
60
60
61
61
61
61
61
61
61
61
61
61
61
61
61
61
61
62
62
62
62
63
63
63
63
63
63
65
64
64
64
64
64
64
64
65
65
65
66
66
70
66
66
66
66
66
66
66
66
70
70
67
67
67
61
67
67
67
67
67
67
67
67
67
67
67
67
67
67
68
68
68
68
68
68
68
68
69
69
69
69
69
69
69
69
69
69
70
70
70
70
70
70
70
71
71
71
71
71
71
71
71
71
71
71
71
71
71
71
71
72
72
72
72
72
72
72
73
73
73
73
73
73
73
73
74
74
74
74
73
75
75
75
75
75
76
76
76
76
76
10
53
75
30
2
3
4
5
22
21
20
23
25
19
18
15
13
6
6
3
5
5
22
7
7
28
28
28
28
46
49
43
45
69
40
69
68
68
67
66
63
56
37
37
38
38
35
38
40
41
41
36
36
23
23
27
27
27
27
27
27
28
28
28
28
8
29
29
51
32
32
35
35
35
60
60
60
60
60
60
59
59
30
30
34
34
31
31
29
29
29
30
69
28
35
23
8
24
44
69
61
58
29
29
29
31
29
29
31
39
5
61
42
76
56
