1
13
1
1
1
2
1
2
2
1
1
13
13
13
13
1
1
13
2
2
12
2
2
2
2
77
77
77
1
77
2
2
77
77
77
77
3
3
77
3
77
4
77
77
3
3
3
3
3
77
4
5
3
4
4
4
4
4
4
4
14
16
5
5
5
16
5
5
5
5
5
5
5
22
5
5
6
5
6
6
6
6
6
6
6
5
5
6
6
6
6
6
6
6
6
5
22
6
7
7
7
6
6
6
7
6
6
7
6
7
6
7
7
7
7
22
7
7
7
7
7
8
7
7
24
32
32
32
8
7
8
32
32
8
8
8
8
32
32
32
32
32
7
9
9
10
10
9
10
76
76
10
10
12
12
12
11
11
11
12
12
12
14
12
12
2
14
4
14
14
14
14
14
14
14
16
14
15
11
11
15
15
15
15
15
15
19
15
15
17
14
14
16
16
16
21
16
16
16
21
16
16
16
20
16
17
17
17
76
76
76
76
76
76
17
17
18
19
19
17
19
17
19
19
19
19
19
23
23
19
25
25
19
20
20
20
20
20
16
16
16
16
21
16
21
5
5
5
5
21
21
21
21
16
20
22
22
22
22
5
5
22
22
22
22
22
23
22
20
24
23
23
20
20
23
20
23
23
23
23
27
24
22
22
22
22
24
24
24
24
24
24
24
24
24
24
24
24
24
24
24
24
23
23
23
27
24
28
28
24
28
19
25
25
19
25
23
23
26
26
25
25
25
25
25
26
26
26
25
25
26
25
26
27
27
23
23
26
23
26
27
29
26
27
27
27
29
29
27
28
24
28
27
31
28
28
28
28
31
29
29
29
29
30
29
30
30
30
30
30
30
30
30
30
58
30
30
58
31
31
31
31
31
31
31
31
28
28
31
33
35
35
34
35
35
35
35
36
38
38
38
36
36
38
38
38
38
38
38
38
38
38
39
39
39
38
41
39
39
40
40
40
40
41
41
40
41
41
41
41
41
41
42
42
42
42
42
40
42
42
42
69
43
42
42
42
69
69
43
42
43
43
46
46
42
46
43
47
69
69
44
49
49
47
47
45
52
52
52
52
45
46
52
52
48
47
48
47
48
48
48
49
49
51
49
49
49
49
50
49
49
53
49
53
51
50
50
48
48
51
52
48
52
52
55
52
53
53
74
74
53
53
53
53
54
54
55
51
58
56
56
56
56
56
56
56
64
57
57
56
57
56
30
58
58
57
58
58
58
61
61
61
60
60
34
60
31
60
61
61
61
61
61
61
61
61
58
61
61
61
61
61
68
57
62
62
57
61
57
57
57
57
63
63
56
64
56
64
64
56
56
65
62
65
65
65
65
66
63
66
65
66
66
66
66
65
65
61
61
67
67
67
66
67
67
67
66
66
66
66
67
67
67
71
65
61
68
69
68
68
68
68
67
69
69
69
69
69
69
71
71
69
43
70
70
70
70
70
70
70
70
71
71
71
71
71
70
70
70
71
71
71
70
71
71
49
72
72
72
74
74
72
75
73
73
73
71
73
49
73
75
74
74
74
74
75
75
75
74
74
75
76
76
76
76
76
76
53
74
58
2
3
4
22
22
21
20
23
25
19
18
14
4
5
5
3
22
24
22
22
22
31
28
28
31
48
49
43
45
69
40
38
68
68
67
67
67
56
37
38
38
38
38
38
40
42
41
36
36
23
23
27
27
29
27
27
29
27
28
28
28
7
29
29
51
31
28
35
35
38
60
34
60
60
34
31
61
59
30
58
35
34
28
61
29
30
30
30
69
31
35
23
24
24
71
69
61
58
28
29
30
31
29
30
30
38
5
38
42
76
56
