1
2
2
1
1
1
1
1
1
2
1
2
2
13
2
2
2
13
2
2
13
2
2
2
2
77
77
77
77
1
1
4
77
77
77
77
77
77
77
77
77
4
3
3
3
3
3
3
3
4
4
4
3
4
4
4
4
4
4
4
4
4
4
5
5
5
5
5
5
5
5
5
5
5
5
5
6
5
6
6
3
6
6
6
6
6
7
6
6
6
6
6
7
6
6
5
5
6
6
7
7
7
6
6
7
6
7
7
7
7
7
7
7
7
6
5
7
28
8
7
7
7
7
7
8
8
7
8
8
8
32
8
8
8
8
8
8
8
8
8
8
32
32
9
9
9
10
11
10
76
10
10
10
11
11
11
11
11
11
11
12
12
11
13
13
13
13
14
14
14
14
14
16
16
14
14
14
15
15
15
15
15
15
15
15
15
19
16
15
15
16
16
16
16
14
14
14
14
5
16
16
16
16
20
21
17
17
17
76
76
17
17
17
18
17
17
18
19
19
19
18
19
18
19
19
19
20
20
19
19
19
18
19
20
20
20
20
20
21
21
21
21
21
21
21
21
21
21
22
22
22
22
22
22
20
20
22
22
23
22
22
22
21
22
22
23
22
23
23
23
22
23
23
23
23
23
23
23
23
26
26
22
24
24
24
24
23
23
24
24
24
24
24
22
24
24
24
24
24
24
24
24
23
23
23
24
28
24
24
24
28
25
19
25
18
25
25
25
25
25
25
25
25
25
25
25
26
25
25
25
25
25
25
26
23
26
26
25
26
26
26
27
25
27
27
27
27
27
27
28
28
28
28
32
28
28
28
28
31
29
29
29
29
30
29
30
30
30
30
30
31
31
30
30
30
29
30
30
31
31
31
31
31
31
31
31
32
32
32
33
33
60
34
34
35
35
34
35
38
38
35
38
38
38
38
37
38
38
38
38
38
40
39
41
39
41
41
39
39
40
40
40
42
39
39
41
41
41
41
41
42
41
41
42
42
42
42
42
42
42
42
42
43
42
42
42
43
43
43
43
43
43
43
43
43
43
45
44
69
44
44
44
44
47
44
45
52
46
43
43
46
46
46
46
46
47
48
47
51
48
48
49
44
49
49
49
49
49
50
49
49
49
53
53
51
50
50
46
46
51
52
51
55
52
52
55
53
53
53
53
53
53
53
53
54
54
55
55
56
56
56
56
56
56
56
64
56
57
56
57
62
57
58
58
57
57
57
58
58
58
61
59
59
59
60
31
60
60
61
61
61
61
61
67
61
61
58
67
61
61
67
68
61
62
62
62
65
63
63
63
63
63
63
66
64
56
64
64
64
64
64
65
64
65
65
65
65
63
63
66
66
63
66
66
65
66
66
67
67
67
61
67
67
67
67
67
67
67
67
67
67
67
67
71
66
68
68
68
68
68
68
68
67
69
69
69
69
69
69
69
69
69
69
70
65
70
70
70
70
70
72
68
68
71
70
70
71
71
71
69
69
71
72
71
71
71
72
72
72
72
74
72
72
73
73
71
71
73
73
73
73
74
74
74
74
73
75
75
75
75
75
76
76
76
76
76
76
53
74
30
1
3
4
21
24
21
20
23
25
18
18
16
13
6
6
6
22
22
22
22
28
28
28
32
28
46
49
43
45
42
40
68
68
68
67
63
63
56
37
37
37
38
38
39
40
41
41
39
36
23
23
27
27
27
27
27
27
27
28
28
28
32
29
29
51
32
32
33
35
35
59
60
60
34
60
31
31
59
30
30
33
34
31
31
29
29
30
30
69
28
35
23
8
28
44
69
61
58
28
29
29
31
29
29
30
38
5
61
42
76
62
