1
2
1
1
1
1
1
1
1
1
1
2
2
2
2
2
2
2
2
2
2
4
2
4
2
77
77
77
77
1
1
4
77
77
77
77
77
77
3
77
77
4
3
77
3
3
3
3
3
3
3
3
3
4
4
4
4
4
4
4
4
4
4
5
5
5
5
5
5
5
5
5
5
5
5
5
5
5
5
5
5
6
6
6
6
5
5
5
6
6
6
6
5
6
5
5
5
6
6
6
6
6
7
6
6
7
6
7
7
7
7
7
7
7
7
22
7
7
7
7
7
7
7
7
32
8
8
8
8
32
8
8
8
8
8
8
32
32
8
32
32
32
32
9
9
9
10
10
10
10
76
10
11
11
11
11
11
11
11
12
12
12
12
13
13
13
4
14
14
14
14
14
16
16
14
14
14
15
11
11
15
15
15
15
15
15
15
15
19
15
16
16
16
16
16
16
16
5
5
16
16
21
16
16
21
17
17
17
76
76
17
17
17
17
17
17
18
19
19
19
19
19
19
19
19
19
19
20
19
19
19
19
19
20
20
20
20
20
21
21
21
21
21
22
21
21
21
22
22
21
21
22
21
21
22
21
22
22
22
22
22
22
22
22
22
22
22
22
23
24
23
23
23
23
23
23
24
23
24
23
23
24
24
22
24
24
24
24
24
24
24
24
24
24
24
24
24
24
24
24
24
24
23
28
24
24
24
28
24
28
28
19
19
19
19
25
25
25
23
25
25
25
25
25
25
23
25
25
25
25
25
25
25
26
26
26
23
23
27
26
26
27
27
27
28
28
27
27
27
28
28
27
27
32
27
28
28
28
28
29
29
29
29
29
29
30
30
30
30
30
30
31
30
30
30
30
30
30
31
28
28
31
28
28
31
28
32
32
32
32
33
34
34
34
34
35
34
35
36
35
35
36
38
38
38
38
38
38
38
38
38
38
36
36
39
39
39
39
39
40
40
40
68
39
39
41
41
41
41
41
42
42
42
42
42
42
42
40
42
42
42
42
42
43
43
43
43
43
43
43
46
43
46
43
43
52
69
69
69
44
44
44
44
44
49
45
52
46
46
43
46
46
46
46
46
47
48
48
48
48
48
49
49
49
49
49
49
49
50
49
49
53
53
49
50
50
50
48
51
51
52
52
52
52
52
52
53
53
75
53
53
53
53
53
54
54
55
55
56
56
56
56
56
56
56
56
56
57
56
57
62
57
58
58
57
58
58
58
58
58
58
31
31
59
60
31
31
31
61
61
61
68
68
68
68
61
63
61
61
61
68
68
68
62
62
62
62
63
63
63
63
63
63
63
56
64
64
64
64
64
64
65
65
65
65
65
65
66
66
66
66
66
66
66
66
66
66
66
66
66
66
66
67
67
67
68
67
67
67
67
67
67
68
67
67
68
68
68
68
68
68
71
68
68
68
69
69
68
68
69
69
69
69
66
70
70
70
70
70
70
72
71
68
68
66
71
68
68
68
71
71
71
71
71
71
71
72
72
72
72
75
72
75
73
73
73
72
73
49
75
75
74
74
74
74
75
75
75
75
75
75
76
76
76
76
76
76
53
75
30
2
3
4
22
24
21
20
25
25
19
18
16
4
5
5
3
22
22
22
22
22
28
28
28
28
46
49
46
45
42
40
68
68
68
67
66
63
56
37
37
38
38
38
39
40
42
41
36
36
24
23
28
28
27
28
27
27
28
27
28
28
32
29
29
51
32
32
33
35
36
60
60
60
60
60
60
31
31
30
30
33
34
31
31
29
29
29
30
69
31
35
23
32
24
44
68
61
58
28
27
29
31
29
29
30
39
5
68
42
76
56
