1
1
1
1
1
1
1
1
1
1
1
1
1
2
2
2
2
2
2
13
13
4
2
4
2
77
77
77
77
77
77
77
77
77
77
77
77
77
77
77
77
3
3
3
3
3
3
3
3
3
3
3
3
4
4
4
4
4
4
4
4
4
4
5
5
5
5
5
5
5
5
5
5
5
5
5
6
6
5
5
6
3
6
6
6
6
6
6
6
6
6
6
6
6
5
5
6
6
6
7
6
6
6
6
6
6
6
7
7
7
7
7
7
7
7
7
7
7
7
7
7
7
7
7
7
8
8
8
8
8
8
8
8
8
8
8
8
8
8
8
8
8
8
9
9
9
10
10
10
10
10
10
10
11
11
11
11
11
11
12
12
12
12
13
13
13
14
14
14
14
14
16
14
14
14
16
14
15
15
15
15
15
15
15
15
15
15
15
15
15
16
16
16
16
16
16
16
16
16
21
16
16
16
16
16
17
17
17
17
17
17
17
17
17
17
17
18
15
19
19
19
19
19
19
19
19
19
19
19
19
25
19
19
20
20
20
20
20
21
21
21
22
21
21
22
21
5
22
22
22
22
22
22
22
20
20
22
22
22
22
22
22
22
22
22
24
23
22
22
23
23
23
23
23
23
23
23
23
23
23
23
24
24
22
24
24
24
24
24
24
24
24
24
24
24
24
24
24
24
24
24
24
24
24
24
24
24
24
24
24
24
19
25
25
25
25
25
25
25
25
25
25
25
25
25
25
25
25
25
25
25
25
25
27
26
23
25
25
26
26
26
29
29
27
27
27
27
27
29
28
28
28
27
28
28
28
28
31
28
29
29
29
29
29
29
30
30
30
30
30
30
30
30
30
30
30
29
30
31
31
31
28
31
31
28
31
32
32
32
32
28
34
34
34
34
35
35
35
35
35
35
36
38
35
34
38
38
38
38
40
38
38
39
39
39
39
39
39
39
40
40
40
40
41
41
41
41
41
41
41
41
41
41
42
42
42
42
42
42
42
42
42
43
43
42
43
43
43
43
43
43
43
43
43
43
43
44
44
44
44
44
44
44
44
44
45
46
46
46
43
46
46
46
46
51
47
48
48
51
48
48
49
49
49
73
49
49
49
49
49
49
49
49
49
51
50
50
51
51
51
52
51
51
52
55
51
53
53
53
53
54
53
53
54
54
54
55
54
56
56
56
56
56
56
56
56
64
57
57
57
58
57
58
58
58
58
58
58
58
58
58
59
59
59
60
60
60
60
61
61
61
61
61
61
61
61
61
61
61
61
61
61
61
58
62
62
62
63
63
63
63
63
63
63
64
64
64
64
64
64
64
65
65
65
65
65
65
65
65
65
66
66
67
66
66
70
65
67
67
67
67
67
67
67
67
67
67
67
67
67
67
67
67
67
67
61
68
69
68
68
68
69
68
69
69
69
69
69
69
69
69
69
69
70
70
70
70
70
70
70
72
71
71
71
71
71
71
71
71
71
71
71
70
71
71
49
72
72
72
72
72
72
72
73
73
73
73
73
73
73
73
74
74
74
74
75
75
75
75
75
75
76
76
76
76
76
10
53
75
30
1
3
4
22
22
21
20
23
25
25
18
15
13
6
6
6
22
22
22
7
7
28
28
28
28
46
49
43
45
42
40
68
61
68
67
66
63
56
37
37
38
38
38
38
40
41
41
36
36
23
23
27
27
27
27
29
27
27
28
28
28
8
29
29
51
33
28
35
35
35
60
60
60
60
60
60
59
59
30
30
35
34
31
31
30
29
29
30
69
28
35
23
8
24
44
69
61
58
31
29
29
28
29
29
30
38
5
61
42
76
56
