2
13
2
1
1
1
1
1
1
2
2
13
13
13
13
2
2
13
2
13
13
2
2
2
4
77
1
1
1
77
1
1
1
77
1
77
1
77
77
77
77
77
3
3
77
3
3
77
77
3
4
3
3
4
4
2
13
4
4
4
5
5
4
4
5
5
4
4
5
5
5
21
21
5
21
21
3
4
4
4
3
3
6
6
6
6
6
6
6
6
6
6
7
6
5
5
5
5
7
7
7
6
6
6
7
6
6
7
6
6
7
7
5
5
5
21
5
7
7
7
7
7
8
8
8
8
8
8
8
8
8
32
32
8
32
32
8
8
32
32
8
32
8
9
9
9
10
12
10
9
76
76
11
10
11
11
12
12
11
12
12
12
12
13
14
13
14
14
14
13
14
14
14
14
14
14
14
12
11
11
15
11
17
15
15
15
19
15
15
17
16
16
16
16
14
16
16
16
16
16
16
16
16
16
16
17
17
17
76
76
76
76
76
18
18
17
18
15
19
15
17
15
17
17
19
19
19
20
20
19
19
17
19
20
20
20
20
23
21
20
20
20
20
21
21
21
21
21
21
22
20
22
20
20
23
20
22
22
22
22
22
22
22
22
22
23
23
22
23
22
23
23
23
23
26
23
27
23
27
27
27
24
24
22
24
24
22
22
24
22
22
24
24
24
28
28
24
24
24
24
24
24
23
28
28
24
28
24
28
24
28
19
19
18
18
25
25
19
19
19
25
25
25
26
26
26
25
25
25
26
25
25
26
26
26
26
26
26
26
26
26
26
26
26
27
27
27
27
29
28
28
27
27
28
27
31
31
28
33
29
29
27
29
29
29
30
30
30
30
31
31
59
30
30
29
29
30
29
31
31
33
33
33
31
31
31
32
8
32
33
33
60
34
34
34
35
34
35
36
36
38
36
36
36
38
40
38
38
40
40
40
38
39
39
36
38
39
39
39
40
40
40
68
41
41
41
41
41
40
41
41
40
40
41
41
41
41
41
40
42
42
42
43
42
42
42
42
43
43
43
46
43
46
43
43
43
69
45
69
44
44
44
49
45
49
45
52
46
46
52
46
46
46
46
48
47
48
45
51
48
48
44
49
49
49
49
49
50
50
49
49
53
49
53
50
50
50
51
51
51
52
51
51
52
52
52
53
53
53
53
53
54
53
54
54
54
55
55
30
56
56
56
56
56
56
56
56
30
57
57
57
62
59
58
30
57
58
58
58
58
58
61
59
60
34
60
60
60
61
67
61
61
67
61
67
61
58
67
61
67
67
61
40
62
62
62
65
57
57
57
63
63
63
65
62
64
56
64
64
64
64
65
62
65
65
66
64
65
63
65
66
66
66
66
66
66
70
61
67
67
67
67
67
67
61
61
67
67
67
66
66
67
68
67
66
61
67
68
67
68
68
69
68
68
69
42
69
69
69
73
44
44
69
70
64
70
70
70
70
70
72
71
68
71
71
70
71
71
71
73
73
73
71
71
71
73
72
72
72
74
74
75
72
73
73
71
72
73
73
72
49
74
74
74
75
75
75
75
75
75
75
76
76
76
76
76
76
53
75
30
1
77
4
21
22
21
23
26
26
18
18
15
13
6
6
3
22
21
22
5
7
28
28
33
33
52
73
46
45
42
40
40
40
67
67
67
63
56
37
61
40
40
38
38
40
40
40
36
36
23
23
27
27
27
23
27
27
28
31
28
28
8
29
29
55
32
32
35
35
36
60
60
60
60
34
31
59
59
31
30
34
34
31
59
30
29
29
29
69
33
34
26
24
24
44
68
61
57
31
27
29
31
27
29
58
38
5
61
42
76
64
