1
1
1
1
1
1
77
77
1
1
1
2
2
12
2
1
1
12
2
4
12
2
2
4
4
77
77
77
77
77
77
77
77
77
77
77
77
77
77
77
77
77
4
3
3
3
3
3
3
3
4
3
3
4
4
2
4
4
4
4
4
4
4
5
22
16
22
5
5
22
5
5
5
5
5
7
6
5
5
6
6
6
6
6
6
6
6
6
6
6
6
6
6
6
6
6
6
7
6
6
7
7
6
6
6
6
7
6
7
7
7
7
7
7
7
7
7
7
7
7
7
7
7
8
7
8
8
8
8
8
8
8
8
7
7
7
8
8
8
8
8
8
8
9
9
10
10
10
10
10
10
10
10
12
11
11
11
11
11
12
12
12
12
12
14
4
14
14
14
13
14
14
14
14
14
14
14
15
15
11
15
15
15
15
15
15
15
19
15
15
16
16
16
16
16
16
16
16
16
16
16
16
16
16
16
17
17
17
17
76
17
17
17
17
17
17
18
19
19
19
19
19
19
25
19
19
19
19
19
19
19
19
25
20
20
20
20
20
21
20
20
21
16
21
21
22
21
21
22
21
22
22
22
21
20
21
20
22
22
22
22
21
21
22
22
22
22
22
22
23
23
23
23
23
23
23
23
23
23
23
23
24
24
24
24
24
24
24
24
24
24
24
24
24
24
24
24
24
24
24
24
24
24
24
24
24
24
28
24
28
24
19
25
25
25
25
25
25
23
23
25
25
25
25
25
23
25
25
25
25
25
25
26
27
26
26
26
26
26
26
26
26
26
27
27
27
27
27
29
24
28
29
29
28
29
29
27
28
28
29
29
29
29
29
29
30
30
30
30
30
30
30
30
30
30
30
30
30
34
34
28
31
31
31
30
30
28
28
34
32
34
34
34
35
35
35
33
35
35
35
35
38
38
38
38
38
39
38
38
40
38
38
39
39
39
39
41
41
39
40
40
40
40
41
41
40
41
41
41
41
42
41
41
42
42
42
42
42
42
42
42
42
43
42
43
43
43
43
43
43
46
43
46
43
43
43
44
44
44
44
44
44
47
44
47
45
46
46
46
46
46
46
46
46
51
47
48
48
48
48
48
49
49
49
73
49
49
49
49
49
49
49
49
49
50
50
50
51
51
48
52
51
51
52
52
51
49
53
53
53
53
53
53
53
51
51
55
54
56
56
56
57
56
56
56
56
56
57
57
57
57
57
58
58
58
58
58
58
58
58
58
59
59
60
60
60
60
60
61
61
61
68
61
61
61
61
61
61
61
61
61
68
61
62
57
65
62
63
63
63
63
63
66
63
65
64
64
64
64
64
64
65
65
64
65
65
65
65
66
65
65
66
66
66
65
66
66
67
67
67
61
67
67
67
67
67
67
67
67
67
67
67
67
67
67
68
68
68
68
68
68
68
68
68
69
69
69
69
69
69
69
69
69
71
70
70
70
70
70
70
70
71
71
71
71
70
70
71
71
71
71
71
72
72
71
71
72
72
72
72
72
72
72
73
73
73
73
73
73
73
75
75
74
74
74
75
72
72
75
75
75
76
76
76
76
76
10
53
75
30
1
3
4
22
22
16
20
25
25
19
18
15
4
6
6
3
22
7
22
7
7
27
28
28
28
51
71
43
45
42
40
40
61
68
67
66
67
56
37
37
38
38
38
39
40
42
40
36
35
23
23
27
27
27
23
27
27
27
28
27
28
8
29
29
51
34
28
33
35
35
60
60
60
60
60
60
59
59
30
30
33
34
30
59
29
29
29
30
69
34
35
23
24
24
44
69
61
57
28
29
29
28
29
29
30
38
22
61
42
76
56
