1
2
1
1
1
1
1
77
1
1
1
2
2
2
2
2
2
2
2
2
2
4
4
4
2
77
77
77
77
77
77
77
77
77
77
77
77
77
77
77
77
4
3
3
3
3
3
3
3
3
3
3
3
4
4
4
4
4
4
4
4
4
4
5
5
5
5
5
5
5
5
5
7
5
5
7
6
6
6
6
6
3
6
6
6
6
6
6
6
6
6
6
6
6
6
6
6
6
6
6
6
6
7
6
6
6
6
7
7
7
7
7
7
7
7
7
7
7
7
7
7
7
7
7
7
8
8
8
7
8
8
8
8
7
7
8
8
8
8
8
8
28
8
9
9
9
11
10
10
10
10
10
10
11
11
11
11
11
11
12
12
12
15
13
13
13
14
14
14
14
14
14
14
14
14
14
14
15
15
15
15
15
17
17
15
15
15
16
15
15
16
16
14
14
16
16
16
5
16
16
16
16
16
16
16
17
17
17
17
76
76
17
17
17
17
17
18
19
19
19
19
15
19
19
19
19
19
19
19
19
19
19
19
20
20
20
20
20
5
20
20
20
16
21
21
21
21
21
22
22
22
21
22
22
20
22
22
22
22
22
22
21
22
22
24
22
22
22
22
23
23
22
23
23
23
23
23
23
23
23
23
24
24
24
24
24
24
24
24
24
24
24
24
24
24
24
24
24
24
24
24
24
24
24
24
24
28
24
24
24
28
25
25
25
25
25
25
25
25
25
25
25
25
25
25
23
26
25
25
25
25
25
25
27
26
26
26
25
29
26
26
26
29
27
27
27
27
29
27
24
28
28
28
28
28
28
28
28
28
29
29
29
29
29
29
30
30
30
30
30
30
30
30
30
30
30
30
30
31
28
31
31
28
28
31
31
32
32
32
32
33
34
34
34
34
35
35
35
35
35
38
36
38
38
38
38
38
40
38
40
38
38
36
39
39
41
39
39
39
41
40
40
40
39
41
41
41
41
41
39
41
41
41
42
42
42
41
42
42
42
42
42
43
43
43
43
43
43
43
43
43
43
43
43
43
43
69
44
69
44
44
44
44
44
44
45
43
46
48
46
46
46
48
46
46
47
48
45
48
48
48
49
49
49
49
49
49
49
49
49
49
49
49
49
50
50
50
46
51
51
52
51
52
52
52
52
53
53
75
53
53
53
53
53
54
54
55
51
56
56
56
56
56
56
56
56
56
57
57
57
57
57
58
30
58
58
58
58
58
58
58
59
60
60
60
60
60
60
61
61
61
67
61
61
61
61
61
67
61
67
61
67
61
57
56
62
62
63
58
63
63
63
63
63
64
64
64
64
64
64
64
66
65
65
65
65
65
66
66
66
65
66
67
66
66
66
66
67
67
67
67
67
67
67
67
67
67
67
67
67
67
67
67
67
67
67
68
69
68
68
68
68
67
69
69
69
69
69
69
69
69
69
69
70
65
70
70
70
70
70
71
71
71
71
71
71
71
71
71
71
71
71
71
71
71
71
72
72
72
72
72
72
72
73
73
73
73
73
73
73
73
74
74
74
75
75
75
72
75
75
75
76
76
76
76
76
10
53
75
30
1
3
4
22
22
16
20
19
29
19
18
16
4
6
6
6
22
22
22
22
7
28
28
28
28
46
49
43
45
42
40
68
67
68
67
66
63
56
37
61
38
38
38
38
40
41
41
36
36
23
23
27
27
27
23
27
27
28
28
28
28
8
29
29
51
28
28
35
35
35
60
60
60
60
60
60
60
60
30
30
34
34
30
31
29
29
29
30
69
28
35
23
8
24
44
69
61
58
28
29
29
31
29
29
30
40
5
61
42
76
64
