1
1
1
1
1
1
1
1
1
1
1
2
2
2
13
2
2
13
2
2
13
2
2
4
1
77
77
77
77
77
77
77
77
77
77
77
77
77
77
3
77
77
3
3
3
3
3
3
3
3
3
3
3
4
4
4
13
4
4
4
4
4
4
4
5
16
5
5
5
5
5
5
5
5
5
5
6
6
6
6
6
6
6
6
6
6
6
6
6
6
6
6
6
6
6
6
6
6
7
7
6
6
6
7
6
6
6
7
7
7
7
7
7
7
7
7
7
7
7
7
7
7
7
7
7
8
8
8
8
8
8
8
8
7
8
8
8
8
8
8
8
8
8
9
9
9
10
10
10
10
10
10
10
11
11
11
11
11
11
12
12
12
12
13
12
2
14
14
14
14
14
14
14
14
14
14
14
15
15
15
15
15
17
15
15
15
19
15
15
15
16
16
16
16
16
16
16
16
16
5
16
16
16
16
16
17
17
17
17
17
17
17
17
17
17
17
18
19
19
19
19
19
19
19
19
19
19
19
19
19
19
19
19
20
20
20
20
20
5
22
22
22
22
21
22
22
5
22
22
22
22
21
22
22
20
22
22
21
21
22
22
22
22
22
22
22
22
22
22
23
23
23
23
23
23
23
23
23
23
23
27
24
24
24
24
24
24
24
24
24
24
24
24
24
24
24
24
24
24
24
24
24
24
24
24
24
24
24
24
24
24
25
25
25
18
25
25
25
23
25
25
25
25
26
25
25
26
25
25
25
25
25
25
27
26
26
26
26
26
26
26
29
26
27
27
27
27
27
29
28
28
28
28
28
28
28
28
28
28
29
29
30
29
29
29
30
30
30
30
30
30
30
30
30
30
30
29
30
31
28
31
31
31
31
31
31
32
32
32
32
28
34
35
34
34
35
35
35
35
35
35
38
38
38
38
37
38
38
38
38
38
38
39
39
39
39
39
39
39
40
40
40
42
41
41
41
41
41
41
41
41
41
41
42
42
42
42
42
42
42
42
42
43
43
42
43
43
43
43
43
43
43
43
43
43
43
44
44
44
44
44
44
44
44
44
45
46
46
46
43
46
46
46
46
46
47
45
48
48
48
48
49
49
49
49
73
49
49
49
49
49
49
49
49
51
50
50
51
51
47
52
51
52
52
51
51
49
53
53
53
53
53
53
53
55
54
55
55
56
56
56
56
56
56
56
56
64
57
57
57
57
57
58
58
58
58
58
58
58
58
58
59
59
59
60
60
60
60
61
61
61
61
61
61
61
61
61
61
61
61
61
61
61
62
62
62
62
63
63
63
63
63
63
63
56
64
64
64
64
56
56
65
65
65
66
65
65
66
63
65
66
66
67
66
66
70
66
67
67
67
67
67
67
67
67
67
67
67
67
67
67
67
67
67
67
68
68
68
68
67
68
68
68
69
69
69
69
69
69
69
44
69
69
70
70
70
70
70
70
70
70
71
71
71
67
70
71
71
71
71
71
71
71
71
71
71
72
72
72
72
72
72
72
73
73
73
73
73
73
73
73
75
75
74
74
75
72
75
75
75
75
76
76
76
76
76
10
53
75
30
1
3
4
22
22
5
20
19
25
19
18
15
13
6
6
6
22
22
22
7
7
28
28
28
28
46
49
43
45
42
40
69
68
68
67
66
63
56
37
37
37
38
38
38
38
41
41
39
36
23
23
27
27
27
23
27
27
28
28
28
28
8
29
29
51
33
28
35
35
35
59
60
60
60
60
60
59
59
30
30
34
34
31
31
29
29
29
30
69
28
35
23
8
24
44
69
61
58
28
29
29
31
29
29
30
38
5
61
42
76
56
