1
1
1
1
1
1
2
1
2
2
2
1
1
2
2
2
4
2
4
4
4
4
2
2
4
77
1
1
1
1
77
77
77
77
4
77
4
77
77
77
4
4
4
4
77
77
77
77
3
3
4
4
3
4
14
14
4
14
4
14
14
14
14
5
5
14
5
5
5
22
5
5
22
5
5
22
6
4
5
6
6
3
3
6
6
6
5
3
3
6
6
6
5
5
5
5
5
22
6
6
6
6
6
6
6
6
7
7
6
7
7
7
7
22
22
5
7
8
8
7
7
7
8
8
8
8
7
7
8
8
8
8
32
8
32
32
32
8
32
8
32
28
8
9
9
76
11
10
10
76
76
10
10
10
11
10
11
11
11
10
12
12
12
12
14
12
14
13
14
13
14
14
16
14
13
14
14
16
17
11
17
11
17
15
17
15
15
15
15
15
16
16
16
16
16
16
14
16
5
16
16
16
16
16
16
17
17
17
76
76
76
76
17
17
17
15
18
19
19
15
15
19
19
19
15
15
15
19
19
19
19
19
19
19
20
20
20
20
21
19
20
20
20
20
21
5
5
22
22
21
23
22
20
20
23
20
23
22
22
22
22
22
22
22
23
23
23
23
23
23
27
23
27
23
23
27
27
27
27
27
27
22
24
24
24
24
24
23
24
24
24
24
24
24
28
24
24
24
24
24
24
24
23
24
23
24
23
24
24
24
28
23
23
25
25
25
23
26
26
26
23
25
25
26
26
26
26
29
25
25
29
29
26
26
26
26
26
26
29
29
26
29
29
26
27
27
27
27
27
28
23
23
27
32
27
28
27
27
28
29
29
30
30
29
29
30
30
30
58
58
58
31
30
30
57
30
30
57
31
31
28
28
28
31
31
28
32
31
31
33
34
34
38
38
38
35
34
36
35
35
38
36
38
35
38
38
38
37
37
38
38
38
39
39
39
38
39
41
39
40
40
40
40
41
41
38
42
42
41
41
41
42
42
42
69
69
42
40
40
42
42
42
43
42
42
42
69
69
43
42
43
43
45
52
43
52
43
43
69
44
44
44
44
43
44
45
52
52
46
52
46
45
46
52
46
47
50
50
50
48
46
49
49
49
49
49
50
49
50
49
49
49
53
49
50
50
46
52
46
50
52
52
52
52
51
46
49
53
53
54
54
54
54
54
54
54
55
46
56
56
56
57
56
56
56
56
56
57
57
57
57
62
59
58
58
57
58
57
58
58
58
59
59
34
60
34
59
34
59
61
61
61
61
67
61
61
61
61
61
67
67
67
67
57
62
62
62
63
58
57
63
58
63
62
65
56
56
64
64
64
64
65
65
64
65
64
64
66
66
66
65
66
65
65
64
70
64
67
67
67
61
67
61
67
67
67
67
67
61
67
67
67
67
67
67
68
67
68
67
67
71
71
67
69
69
42
42
42
69
69
69
69
69
70
70
70
70
71
70
70
71
71
71
67
67
71
67
71
71
69
49
49
71
49
49
49
72
72
72
72
75
72
75
73
73
49
72
73
73
73
75
75
75
74
74
49
75
75
74
75
75
76
76
76
76
76
76
54
74
57
4
3
5
22
22
20
23
23
29
19
18
16
13
5
6
3
22
22
24
22
7
28
28
31
28
46
49
43
43
69
42
61
68
68
67
63
63
56
37
37
37
38
38
38
38
42
39
36
36
27
23
27
27
27
23
29
27
23
27
28
27
8
27
29
46
31
32
35
36
35
60
60
34
34
60
34
59
59
30
57
34
34
30
31
30
29
27
30
69
31
35
23
28
28
44
42
61
58
28
29
27
31
27
29
58
38
5
61
42
76
62
