1
1
1
1
1
1
1
1
1
1
2
1
2
13
2
2
2
2
2
2
13
2
2
4
2
77
77
77
77
77
77
77
77
77
77
77
77
77
77
3
77
77
3
3
3
3
3
3
3
3
3
3
3
4
4
4
4
4
4
4
4
14
4
5
4
4
5
5
6
5
4
4
5
5
5
22
6
6
5
6
6
6
6
6
6
6
6
6
6
6
6
6
6
6
7
6
6
7
6
6
6
6
6
6
6
6
7
7
7
7
7
7
7
7
7
7
7
7
7
7
7
7
7
7
7
8
8
8
8
8
8
8
8
8
8
8
8
8
8
8
8
8
8
9
9
9
10
10
10
9
10
10
10
11
11
11
11
12
11
12
12
12
12
13
13
13
14
14
14
13
14
14
14
14
14
14
14
15
15
15
15
15
17
15
15
15
15
16
15
15
16
16
16
16
16
16
16
16
16
16
16
16
16
16
16
17
17
17
17
17
76
76
17
17
17
17
18
19
19
19
19
19
19
19
19
19
19
19
19
19
19
19
19
20
20
20
20
20
4
20
21
21
21
22
22
22
22
22
22
22
22
22
22
22
22
20
22
22
22
22
22
22
22
24
22
22
22
20
22
23
23
23
20
23
23
23
23
23
23
23
23
22
24
24
24
24
24
24
24
24
24
24
24
24
24
24
24
24
24
24
24
24
24
24
24
24
24
24
24
24
24
19
25
25
25
25
25
25
23
25
25
25
25
25
25
26
26
26
25
25
25
25
26
23
23
23
26
26
26
26
26
29
25
23
27
27
27
27
27
28
28
27
28
32
27
27
28
28
28
29
29
31
29
29
29
30
30
30
30
30
30
30
30
30
30
30
30
30
31
28
31
31
28
31
31
31
32
8
32
33
34
34
34
34
34
35
35
35
35
35
35
38
38
38
34
38
38
38
38
38
38
38
39
39
39
39
41
39
39
40
40
40
40
41
41
41
41
41
41
41
41
41
41
41
42
42
42
42
42
42
42
69
42
42
43
43
43
43
43
43
43
43
43
43
43
43
69
44
44
44
44
44
44
44
44
45
46
46
43
43
46
46
46
46
46
47
45
48
48
48
48
49
49
49
49
49
49
49
50
49
49
49
53
49
50
50
50
48
51
48
52
52
52
55
55
52
53
53
53
53
53
53
53
53
54
54
55
51
56
56
56
56
56
56
56
56
56
30
57
57
57
57
58
58
58
58
58
58
58
58
58
59
59
61
34
31
31
60
61
61
61
68
61
61
61
61
61
67
61
67
61
61
61
61
57
62
62
61
63
63
63
63
63
66
65
56
64
64
64
64
64
65
65
65
65
65
65
66
66
66
66
66
67
66
66
66
66
67
67
67
67
67
67
67
67
67
67
67
67
67
67
67
67
67
67
68
68
68
68
67
68
68
68
69
69
69
69
69
69
68
69
69
69
70
70
70
70
70
70
70
70
71
71
71
71
71
71
71
71
68
71
71
71
71
71
71
72
72
72
72
75
75
72
73
73
73
73
73
49
73
73
74
74
74
74
75
75
75
75
75
75
76
76
76
76
76
10
53
75
30
2
3
5
22
22
21
20
25
25
19
18
16
13
6
6
6
22
22
22
7
7
28
28
28
28
46
49
43
45
42
40
68
68
68
67
66
63
56
37
38
38
38
38
38
40
41
41
39
36
23
23
27
27
27
27
27
27
28
27
27
28
8
29
29
51
32
32
35
35
35
60
60
60
60
34
60
59
59
30
30
35
34
31
59
29
29
29
30
69
28
35
23
8
24
44
42
61
61
28
29
29
31
29
29
30
38
4
68
42
76
56
