1
1
1
1
1
1
1
1
77
1
1
2
2
2
2
2
2
2
2
2
2
4
2
2
2
77
77
77
77
77
77
77
77
77
77
77
77
77
77
3
77
4
3
3
77
3
3
3
3
3
3
3
3
4
4
4
4
4
4
4
4
4
4
5
5
5
5
5
5
5
5
5
5
5
5
22
6
3
5
6
6
6
6
6
6
6
6
6
6
6
6
6
6
6
6
6
5
6
6
6
6
6
7
6
6
6
6
7
7
7
7
7
7
6
6
22
7
7
7
7
7
7
7
7
7
7
8
8
8
8
8
8
8
7
8
8
8
32
32
8
8
8
8
9
9
9
10
10
10
9
10
10
11
12
10
11
11
12
11
12
12
13
13
13
13
13
14
13
14
13
16
14
14
14
14
16
14
13
11
15
15
15
15
15
15
15
19
19
15
19
16
16
16
16
16
16
16
16
16
16
16
16
16
21
16
15
17
17
17
17
17
17
17
18
17
17
18
19
19
15
17
19
17
19
19
19
19
19
19
19
19
19
19
20
20
20
20
20
21
21
21
21
21
21
21
21
5
22
21
21
22
22
22
22
22
22
22
22
22
22
22
22
22
22
22
22
22
22
22
23
23
22
22
20
23
23
23
23
23
23
23
24
24
24
24
24
24
23
24
24
24
24
24
24
24
24
24
24
24
24
24
24
23
24
24
24
24
24
24
28
24
19
19
25
25
25
25
25
25
25
25
25
25
25
25
26
26
25
25
25
25
25
25
26
26
26
26
26
26
26
26
26
29
27
27
27
27
27
29
28
28
28
28
28
28
28
28
28
28
29
29
29
29
29
29
30
30
30
30
30
30
30
30
30
30
30
30
30
31
31
31
31
31
31
31
31
32
32
32
32
33
60
34
34
34
35
33
35
35
35
34
36
38
38
38
38
38
38
38
38
38
38
39
39
39
39
41
39
39
40
40
40
40
41
41
41
41
41
41
41
41
42
41
42
42
41
41
42
40
42
42
42
43
42
43
69
43
43
43
42
43
43
46
43
43
43
44
44
44
44
44
44
44
44
49
45
46
46
46
43
46
46
46
46
46
47
48
45
48
48
48
49
49
49
71
49
49
49
49
49
49
53
49
49
50
50
50
48
51
51
52
52
52
52
52
55
53
53
73
53
53
53
53
53
54
54
55
55
56
56
56
57
56
56
56
56
56
58
57
57
57
57
58
58
58
58
58
58
58
58
58
59
61
59
60
60
59
60
61
61
61
61
61
61
61
61
58
61
61
61
67
61
61
58
57
62
62
61
63
63
63
63
63
65
64
64
64
64
64
64
64
65
62
65
65
65
64
66
66
66
66
66
66
66
66
66
66
68
67
67
61
61
67
67
67
67
67
67
67
67
67
67
67
67
67
68
68
68
68
67
68
68
68
69
69
42
69
69
69
69
44
69
69
70
70
70
70
70
70
70
70
71
71
67
71
71
71
71
71
71
71
73
71
72
73
71
72
72
72
72
72
72
75
73
73
73
73
73
73
73
73
72
74
74
74
73
75
75
75
75
73
76
76
76
76
76
10
53
74
30
2
3
3
22
22
21
20
23
26
19
18
15
13
6
6
3
22
22
22
7
24
28
28
28
28
46
71
43
45
42
40
68
68
68
67
66
63
56
37
40
38
38
38
38
40
41
41
36
36
23
23
27
27
27
28
27
27
28
28
28
28
8
29
29
51
33
32
33
35
35
59
60
60
60
60
60
59
59
30
30
33
34
31
31
29
29
30
30
69
28
35
23
8
24
44
69
61
58
28
29
29
31
27
29
30
38
5
68
42
76
56
