1
1
1
1
77
1
77
77
1
1
1
1
2
13
2
2
1
2
2
4
13
2
2
2
2
77
77
77
77
1
2
2
2
77
77
77
77
77
77
3
77
77
4
77
3
3
3
3
3
3
3
3
3
4
4
4
4
14
4
14
14
14
4
5
5
5
5
3
5
5
5
5
5
5
5
5
6
3
3
6
6
6
6
3
3
6
6
6
6
6
6
6
7
6
6
5
5
6
6
7
6
6
6
7
7
6
6
7
7
7
7
7
7
7
7
7
7
7
7
7
7
8
7
7
7
8
8
8
7
7
8
8
8
8
8
8
8
8
32
8
32
32
8
9
9
9
10
10
10
9
76
10
15
12
11
15
11
11
11
12
12
12
12
13
13
4
14
13
14
14
13
16
16
14
13
14
14
12
15
15
15
15
17
17
15
15
15
19
15
15
16
16
16
16
16
5
16
5
16
16
16
16
16
21
16
17
17
17
17
76
76
17
17
18
17
17
18
20
19
15
19
19
19
19
19
19
19
19
19
25
19
19
19
20
20
20
19
20
21
21
21
21
21
21
22
21
21
22
21
22
22
22
21
21
20
20
22
21
21
21
22
7
22
22
22
22
22
22
22
23
23
22
23
23
23
23
22
23
23
23
23
24
24
24
24
22
23
24
24
24
28
24
24
24
24
28
24
24
24
28
24
24
24
24
28
24
24
24
24
28
28
25
25
25
18
25
25
25
23
23
23
25
25
25
25
23
26
25
25
25
25
26
26
23
26
23
26
26
23
26
26
29
26
26
27
27
27
27
27
32
28
27
28
32
27
28
28
28
28
29
29
29
29
29
29
30
29
30
30
30
30
30
29
29
30
30
29
30
31
31
31
31
31
28
31
31
32
32
32
33
33
60
34
34
34
36
35
36
35
35
35
36
38
38
38
38
38
38
38
38
38
40
39
39
36
39
39
41
39
40
42
40
42
39
41
41
39
41
41
41
42
41
41
42
41
42
41
42
42
42
42
42
42
43
43
42
43
43
43
43
43
69
46
43
43
43
69
47
44
44
44
44
44
44
49
45
52
52
52
46
46
46
46
46
46
47
48
48
48
48
48
49
49
50
49
49
49
50
50
49
49
49
49
49
50
50
50
48
51
51
52
52
51
52
52
52
53
53
49
53
53
53
53
53
54
54
55
55
30
56
56
56
56
56
56
56
56
57
57
57
57
57
58
58
58
58
58
58
61
61
58
59
59
59
60
60
60
60
61
61
61
37
61
61
61
61
61
63
61
67
61
61
68
62
62
62
62
63
63
62
63
63
63
66
56
64
64
64
64
64
64
62
62
65
65
65
65
63
63
66
66
63
66
66
65
65
65
67
67
67
61
63
61
67
67
68
67
67
67
67
67
67
67
67
67
61
68
68
68
68
68
71
68
69
69
42
69
69
71
44
44
69
69
70
70
70
70
70
70
70
70
71
68
71
67
70
71
71
71
71
71
71
71
71
71
73
72
72
72
72
72
75
72
73
73
71
71
73
73
72
72
74
74
74
74
75
75
75
75
75
49
76
76
76
76
76
76
53
72
30
1
3
4
7
24
21
20
23
26
19
18
15
13
5
6
3
22
22
22
22
7
28
28
28
28
46
49
69
45
42
42
68
68
68
67
63
63
56
37
37
37
38
38
38
40
41
39
36
36
23
23
23
23
27
27
27
27
28
28
28
28
8
27
29
51
32
32
35
35
35
60
61
60
61
60
60
59
60
30
30
33
34
31
31
29
29
29
30
69
31
35
23
28
28
44
42
61
58
28
29
29
31
27
30
30
38
5
37
42
76
56
