1
2
1
1
1
1
1
1
1
1
1
2
2
2
2
1
1
2
1
4
13
2
2
4
4
77
77
77
77
77
77
77
77
77
77
77
77
77
77
77
77
77
3
3
3
3
3
3
3
3
3
3
3
4
4
4
4
4
4
4
4
4
4
4
5
4
5
5
6
5
5
5
5
5
5
22
6
6
5
6
6
6
6
6
6
6
6
6
6
6
6
6
6
6
6
6
5
6
6
7
7
6
6
7
7
6
7
7
7
7
7
7
7
7
7
7
7
7
7
7
7
7
7
7
7
32
32
8
8
8
28
8
32
32
32
32
32
32
32
32
28
28
28
9
9
9
10
10
10
10
10
11
10
11
11
11
11
11
11
12
12
13
12
13
12
13
14
14
14
13
14
14
14
14
14
14
14
11
15
15
15
15
15
15
15
15
15
15
15
19
16
16
16
16
16
16
14
16
16
16
16
16
16
16
16
17
15
17
76
76
17
17
17
17
17
17
18
19
19
19
19
19
19
19
19
19
19
19
19
19
19
19
19
20
20
20
19
20
21
20
20
20
20
21
21
22
5
22
22
21
22
22
22
20
20
22
22
22
22
22
22
22
22
22
22
22
22
22
22
23
23
23
23
23
23
23
23
24
23
23
23
24
24
24
22
22
23
24
24
24
24
24
24
24
24
24
24
24
24
24
24
24
24
24
24
24
24
24
24
24
24
19
19
25
25
25
25
25
23
25
25
25
25
23
23
23
25
25
25
25
25
25
26
29
23
23
26
26
26
26
26
29
26
29
27
27
27
27
29
22
24
28
28
28
28
28
28
28
28
29
29
29
29
29
29
30
30
30
30
30
30
30
30
30
30
30
30
30
28
28
28
28
31
28
31
28
32
32
32
34
31
60
35
60
38
35
35
36
35
38
38
36
38
38
38
38
39
38
38
38
38
38
39
39
39
39
39
39
39
40
40
40
69
41
39
40
41
39
39
41
41
41
41
42
42
41
42
42
42
42
42
42
42
42
43
43
43
43
43
43
43
43
43
43
43
43
69
44
44
44
69
44
44
44
44
45
43
46
46
43
46
46
46
43
51
47
45
48
48
48
48
49
49
49
49
49
49
49
49
49
49
49
49
49
50
50
50
51
51
50
52
51
52
52
51
52
53
49
49
53
53
53
53
53
54
54
51
55
56
56
56
57
56
56
56
56
56
57
57
57
58
57
30
58
58
57
58
57
58
58
61
59
59
61
60
60
60
60
61
61
61
61
61
61
61
61
61
61
61
61
61
61
61
62
65
65
65
63
58
58
63
63
63
63
56
56
64
64
64
64
64
65
65
64
65
65
70
66
66
66
66
66
67
66
66
67
65
61
67
67
67
67
67
67
67
67
67
67
67
67
67
67
67
67
67
61
67
68
68
67
68
68
68
69
69
69
69
69
69
69
69
69
69
71
70
70
70
70
70
70
70
69
68
68
71
71
71
71
71
71
71
71
71
72
71
71
72
72
72
75
75
75
72
49
73
49
73
73
73
73
49
74
74
74
75
75
72
75
75
75
75
76
76
76
76
76
76
53
75
30
77
3
4
22
22
20
23
25
26
17
18
15
13
6
6
6
22
22
22
7
7
28
28
28
28
46
49
69
45
42
40
61
61
68
67
66
63
56
37
61
38
38
38
39
41
41
41
36
36
23
23
23
29
27
27
29
28
28
28
24
28
28
29
29
51
33
28
35
35
35
59
60
60
60
60
60
59
59
30
30
35
31
30
59
29
29
29
30
69
28
35
23
28
22
44
69
61
58
28
29
29
31
29
29
30
39
5
61
42
76
56
