1
1
1
1
1
1
1
1
1
1
1
2
2
2
2
2
2
2
2
2
2
2
2
2
2
77
77
77
77
77
2
77
77
77
77
77
77
77
77
77
3
77
3
3
3
3
3
3
3
3
3
3
3
4
4
4
4
4
3
4
4
4
4
5
5
5
5
5
5
5
5
5
5
5
5
5
6
6
6
6
3
3
3
6
6
6
6
6
6
6
6
6
6
6
6
5
6
6
6
6
7
6
6
6
7
6
6
7
7
7
7
7
6
6
7
7
7
7
7
7
7
7
8
8
7
8
8
8
8
8
8
8
8
8
8
8
8
8
8
8
8
8
8
9
9
9
11
10
10
9
10
11
10
11
11
11
11
15
15
12
12
12
12
13
14
13
14
14
14
14
14
16
14
14
14
16
14
15
15
15
17
15
17
17
15
15
15
15
15
17
15
16
16
16
16
16
5
16
16
21
16
16
16
16
16
17
17
17
17
17
17
17
17
18
18
17
18
19
19
19
19
17
19
19
19
19
19
19
19
19
19
19
19
20
20
20
19
20
21
21
21
21
21
22
21
21
21
21
22
22
22
22
22
20
22
22
22
23
22
22
22
22
22
22
24
23
23
22
22
23
23
23
23
20
23
23
23
23
23
23
23
24
22
22
24
24
24
23
24
24
24
24
24
24
24
24
24
24
24
24
24
24
24
24
28
28
24
24
24
24
24
25
25
25
25
25
25
25
25
25
25
25
25
25
25
25
25
25
25
25
25
25
26
26
26
26
26
26
26
26
26
29
26
27
27
27
27
27
27
32
28
27
28
32
28
28
28
28
28
29
29
27
29
29
29
29
29
30
30
30
30
30
30
30
30
30
30
30
31
28
31
31
31
28
31
31
32
32
32
33
33
60
34
34
34
35
35
35
35
38
35
38
38
38
37
38
38
38
38
37
38
40
39
39
39
39
39
39
41
40
40
40
40
41
41
41
41
41
41
41
41
41
42
42
42
42
42
42
42
42
42
42
43
42
43
69
69
43
43
43
43
69
43
46
43
43
45
45
44
44
44
49
44
45
47
45
46
46
46
46
46
46
46
46
46
47
48
45
47
48
48
49
47
49
49
49
49
50
49
49
75
49
49
49
49
50
50
51
51
49
52
52
51
52
52
52
53
53
53
53
53
53
53
54
54
54
55
54
56
56
56
57
56
56
56
56
56
57
57
57
57
62
58
58
58
57
58
58
58
59
58
59
59
60
60
31
60
60
60
60
61
61
61
61
61
61
61
61
61
61
61
68
61
62
62
62
63
61
61
58
63
63
63
63
64
64
64
64
64
64
64
65
65
65
65
65
64
63
63
66
66
66
66
66
66
66
65
61
67
67
67
67
67
67
67
67
67
67
67
66
67
67
68
67
67
68
68
69
68
68
68
44
68
68
69
69
69
69
44
44
44
69
45
70
70
70
70
70
70
70
70
71
71
71
71
71
70
70
71
71
70
70
70
70
71
71
72
72
72
72
72
72
72
73
73
73
73
73
49
73
75
74
74
74
74
75
75
75
75
75
75
76
76
76
76
76
10
53
75
30
1
3
4
22
22
21
20
25
25
19
18
15
4
6
6
6
22
22
22
7
7
28
28
28
33
46
71
43
45
42
40
68
68
69
67
66
63
56
37
37
37
38
38
38
40
41
39
39
36
23
23
27
27
27
23
29
27
28
28
28
28
8
29
29
51
32
32
35
35
38
60
60
60
60
60
34
59
59
30
30
33
34
28
31
29
29
29
30
69
33
35
23
8
24
44
69
61
58
28
29
29
31
27
29
30
38
5
68
42
76
56
