1
2
1
1
1
1
1
1
1
2
1
2
2
2
2
2
2
2
2
4
2
4
4
2
77
77
77
77
77
1
77
77
77
77
77
77
77
77
3
77
77
4
4
77
3
3
3
3
3
77
3
3
3
2
4
4
4
4
4
4
4
4
5
5
5
5
5
5
5
5
5
5
5
5
5
5
3
6
6
6
3
3
3
6
3
6
6
6
6
6
7
7
7
6
6
6
7
7
6
6
7
7
6
6
6
6
6
6
7
7
7
7
7
7
7
7
7
7
7
7
6
7
7
24
24
8
8
8
8
8
8
8
8
8
8
32
8
8
32
8
32
32
8
9
9
12
10
12
10
10
76
10
10
12
10
10
11
11
11
12
12
13
12
13
13
13
14
14
14
13
14
14
16
14
14
16
14
15
11
15
15
15
15
15
15
15
16
16
15
15
15
16
16
16
16
5
16
5
5
16
16
16
21
16
21
15
17
17
17
17
17
17
17
18
18
17
18
21
19
15
17
19
17
19
19
19
19
19
20
19
19
19
19
21
20
20
20
20
21
21
21
21
21
21
21
22
21
22
22
22
22
22
22
22
22
22
22
22
22
22
22
22
22
22
22
24
22
22
20
22
23
20
20
23
23
20
20
23
23
23
23
24
22
24
24
24
24
24
24
24
24
24
24
24
24
24
24
24
24
24
24
28
24
28
28
28
28
28
24
24
28
19
25
25
19
25
25
25
23
25
25
25
25
25
23
23
25
25
25
25
26
25
26
26
26
26
23
26
26
26
26
26
26
27
27
27
27
27
29
28
28
27
28
32
27
28
28
28
28
26
29
29
29
29
26
29
30
30
30
30
30
30
29
29
30
30
30
30
32
31
31
31
31
28
28
31
32
8
33
33
33
34
34
34
34
33
35
35
38
35
34
36
38
38
38
38
38
38
38
40
38
40
39
39
39
39
41
41
39
41
40
40
40
41
41
40
41
41
41
41
42
42
42
42
42
42
42
42
40
42
69
42
43
43
43
43
43
43
43
43
43
46
46
43
43
43
44
44
69
69
44
44
44
44
44
45
46
46
46
43
46
46
46
52
51
47
48
48
51
48
48
44
49
49
49
49
49
49
49
53
49
53
53
49
50
50
50
51
48
51
52
51
52
52
52
51
53
53
53
53
53
53
53
54
54
54
55
55
57
56
56
57
56
56
56
56
56
57
30
57
57
57
59
59
59
57
59
58
58
58
58
59
59
59
60
60
60
60
61
61
61
61
67
61
61
61
61
66
61
61
67
61
68
57
62
62
62
58
58
63
63
63
63
62
56
64
56
64
64
64
65
66
66
65
65
65
65
66
63
66
65
65
66
66
66
66
65
67
61
61
66
66
66
67
67
67
67
67
67
67
67
67
67
67
67
67
68
69
68
68
68
71
68
69
69
69
69
44
69
69
44
69
69
70
70
70
70
70
70
71
70
71
71
67
71
71
71
71
71
71
71
71
70
71
71
71
72
72
72
72
72
75
75
73
73
73
71
73
73
73
73
74
74
74
75
75
75
75
75
75
75
76
76
76
76
76
76
53
75
30
1
3
3
22
22
21
20
25
26
19
18
16
4
5
6
3
22
22
22
22
24
28
28
28
28
52
73
46
45
69
40
68
68
68
68
66
66
56
37
68
38
38
35
38
40
41
39
36
36
23
23
27
27
27
23
27
27
28
28
28
28
8
29
26
51
32
32
33
35
35
31
60
60
60
35
60
59
31
30
30
33
35
31
31
30
29
29
29
69
32
35
23
8
24
44
69
61
58
28
26
29
31
27
30
31
38
5
68
43
76
56
