1
2
1
1
1
1
1
1
1
2
1
2
2
2
2
2
2
2
2
13
2
2
2
4
2
77
77
77
1
1
1
4
77
77
77
77
77
77
77
77
77
3
3
3
3
77
3
3
3
3
3
4
3
4
4
4
4
4
4
4
4
4
5
5
5
16
5
5
5
5
5
5
5
5
5
5
4
5
5
4
4
3
6
6
6
6
6
6
6
7
6
6
6
6
5
5
5
5
5
7
6
6
7
6
6
6
6
7
6
7
7
6
7
7
5
22
7
7
7
7
7
7
8
8
7
8
8
8
7
8
8
8
8
7
8
8
8
8
32
32
32
8
8
9
9
9
10
10
10
10
76
10
76
10
11
10
11
12
11
12
12
12
12
13
13
13
13
14
14
13
14
14
14
14
4
14
4
15
15
11
15
11
15
17
17
17
15
15
15
15
14
16
16
16
14
16
14
16
21
21
16
20
16
16
20
17
17
17
17
18
76
18
18
18
17
15
18
19
19
19
17
15
19
19
19
19
19
20
19
19
19
19
19
20
20
20
19
20
21
20
20
21
21
21
20
21
21
22
21
21
22
21
22
20
20
20
22
22
22
22
22
22
22
22
24
22
22
23
20
23
23
23
20
20
23
23
23
23
26
26
26
24
24
24
24
22
24
24
22
22
24
24
24
24
22
24
24
24
24
24
24
24
23
23
24
27
24
28
24
24
24
25
19
17
17
17
19
25
23
25
25
25
25
25
25
25
25
25
25
25
25
25
25
26
23
23
26
26
26
26
26
26
26
27
27
27
27
27
27
32
28
28
28
28
28
28
27
28
28
29
29
31
29
29
29
30
29
30
30
30
30
31
30
30
30
30
29
30
31
28
31
31
31
28
31
31
32
8
32
32
33
34
34
60
34
35
34
36
35
35
35
36
38
38
35
38
38
38
38
38
38
40
39
39
36
36
39
39
39
40
40
40
42
39
41
40
41
41
41
39
42
41
41
42
42
42
42
42
42
42
69
42
42
43
43
42
43
43
43
43
43
43
43
43
43
43
44
44
69
44
69
44
44
44
47
45
43
43
43
46
46
46
46
46
46
47
48
45
51
48
48
44
49
49
49
49
49
50
49
49
73
49
49
53
50
50
50
51
48
51
51
51
51
52
52
51
53
53
53
53
53
53
53
53
54
54
55
55
57
57
56
57
56
56
56
64
56
57
30
57
58
56
30
30
30
58
30
58
58
58
58
59
59
59
60
31
31
60
58
61
61
61
68
61
61
61
61
63
63
61
68
68
68
62
62
62
62
63
63
63
63
63
63
63
64
64
64
64
64
64
65
65
65
65
66
65
65
63
66
63
66
66
66
66
66
66
70
67
68
67
67
67
67
67
67
67
67
67
67
67
67
67
67
71
67
67
68
68
68
68
68
68
71
69
42
69
69
69
69
69
69
69
44
70
65
65
70
70
70
70
72
68
71
71
67
70
71
71
71
71
71
71
71
72
73
71
72
72
72
72
72
75
75
73
73
73
72
73
73
75
73
75
75
74
74
75
72
72
75
75
75
76
76
76
76
76
10
53
75
30
2
3
4
22
22
20
20
25
25
17
18
15
13
6
6
3
22
22
22
22
22
27
28
28
28
46
73
46
45
42
40
40
68
68
67
66
66
56
37
38
35
38
35
38
40
40
39
36
36
23
23
27
27
27
27
29
28
27
27
27
28
8
29
26
51
32
32
35
35
35
60
60
59
60
34
34
59
59
30
30
33
34
31
31
29
29
30
30
69
33
34
23
7
22
44
42
61
58
28
26
29
31
29
29
30
38
5
40
42
76
64
