1
1
1
1
1
1
1
1
1
1
1
2
2
2
2
2
2
13
2
13
13
13
2
2
2
77
77
77
77
77
2
2
77
77
77
77
77
77
77
77
77
77
3
77
3
3
3
3
3
3
3
4
3
4
4
13
4
4
4
4
4
4
5
5
5
5
7
5
5
7
5
5
5
5
5
5
6
6
5
5
6
6
6
3
3
6
6
6
6
6
6
6
6
6
6
5
6
6
6
6
7
6
7
6
6
7
6
7
7
7
7
7
7
7
7
7
7
7
7
7
7
24
7
24
24
8
8
8
24
8
8
8
32
8
32
8
32
32
8
8
32
8
8
9
9
9
10
12
10
76
76
10
11
11
10
11
11
11
11
12
12
12
15
13
13
13
14
14
14
14
14
14
16
16
14
14
4
15
15
15
15
11
17
17
15
15
15
16
15
15
16
16
16
16
14
16
16
16
21
21
21
21
16
16
21
17
17
17
17
76
76
76
17
18
18
17
18
19
19
19
19
15
19
19
19
19
20
20
20
19
19
25
19
20
20
20
20
20
21
16
21
21
21
21
21
21
21
22
21
21
22
22
22
16
20
22
22
22
22
22
22
22
22
22
24
22
22
22
20
22
23
23
23
23
23
23
23
23
23
23
26
24
24
22
22
22
24
24
22
24
22
24
24
24
24
28
24
24
24
24
24
24
23
24
24
28
28
24
28
24
28
19
25
25
25
25
19
19
25
19
25
25
25
25
25
25
26
25
25
25
25
26
25
26
23
26
26
25
26
26
26
26
26
26
27
27
27
27
27
28
28
28
28
32
28
28
29
28
28
26
29
31
29
29
29
29
29
30
30
30
30
30
30
30
30
29
29
30
31
31
31
31
31
31
31
31
32
32
33
33
33
60
34
34
34
35
35
36
38
38
34
38
38
38
38
40
38
40
40
38
40
38
39
39
36
39
39
39
39
40
40
40
42
41
41
40
40
41
41
41
41
41
41
41
41
41
41
40
42
42
42
42
43
42
43
43
46
43
43
43
43
43
43
43
43
43
46
45
46
44
44
44
44
44
47
45
46
46
43
43
46
46
46
46
51
47
48
45
51
51
48
44
49
49
49
49
49
49
50
49
49
53
53
54
50
50
50
51
48
51
52
51
52
52
55
52
53
53
75
75
53
53
53
53
54
54
55
54
56
56
56
57
56
56
64
64
56
57
57
57
57
57
30
58
30
30
58
58
58
58
59
59
59
60
60
60
59
60
59
61
61
61
61
61
61
61
59
61
61
61
61
68
61
62
56
62
62
61
63
62
63
63
63
63
56
56
64
64
64
64
64
62
56
65
65
65
65
66
63
66
65
66
67
66
66
67
66
67
67
67
67
66
67
67
67
68
67
67
67
67
67
67
69
67
67
68
68
68
68
68
68
69
69
69
69
42
69
69
69
44
44
44
46
66
70
70
70
70
70
70
70
71
71
71
71
71
73
73
71
71
71
73
71
71
73
71
72
72
72
72
75
72
72
49
73
73
73
73
73
73
72
74
74
74
75
72
75
75
75
75
72
76
76
76
76
76
76
75
75
30
1
3
4
7
22
21
20
25
25
19
18
15
4
5
3
3
7
22
22
7
22
29
28
28
28
46
49
46
45
42
40
68
61
68
69
66
61
56
37
40
38
40
38
38
40
41
40
36
36
23
23
27
27
27
23
27
29
28
29
29
29
8
26
26
51
33
32
35
38
38
59
60
60
60
60
60
31
59
30
30
35
34
31
31
30
29
29
29
69
28
35
23
24
24
71
40
37
58
29
26
29
59
29
29
30
36
7
61
42
76
56
