1
1
1
1
1
1
1
1
1
1
1
2
2
2
2
2
2
2
2
2
2
4
2
4
2
77
77
77
77
77
1
1
77
77
77
77
77
77
77
77
77
4
3
3
3
3
3
3
3
3
3
3
3
4
4
4
4
4
4
4
14
4
4
5
5
5
5
5
5
5
5
5
5
5
5
5
6
6
6
6
6
6
6
6
6
6
6
6
6
6
6
6
6
6
5
5
6
6
6
7
6
6
6
6
6
7
6
7
7
7
7
7
7
7
7
7
7
7
7
7
7
7
7
7
7
8
8
8
8
7
8
8
8
8
8
8
8
32
8
8
32
8
8
9
9
9
10
10
10
9
10
10
10
12
10
11
11
11
11
12
12
12
12
13
12
2
14
14
14
14
14
16
14
14
14
14
14
16
15
15
15
11
15
15
15
15
19
15
15
15
16
16
16
14
16
16
14
16
16
16
16
16
16
20
16
17
17
17
17
17
76
17
17
18
18
17
18
19
19
15
17
19
19
19
19
19
19
20
19
19
19
19
19
20
20
20
20
20
21
21
21
21
21
21
21
21
21
22
22
21
22
22
22
22
22
20
22
22
22
22
22
22
22
22
24
24
22
22
22
22
23
23
23
25
23
23
23
23
23
23
23
22
24
22
22
24
24
24
24
24
24
24
24
24
24
24
24
24
24
24
24
24
24
24
28
28
28
28
24
24
24
25
25
25
25
25
25
25
25
25
25
25
25
25
25
23
25
25
25
25
25
25
25
26
23
26
26
25
26
26
26
27
26
27
27
27
27
29
29
28
28
28
28
28
28
28
28
28
28
29
29
29
29
29
29
30
30
29
30
30
30
30
29
30
29
29
30
30
31
31
31
31
31
31
31
31
32
32
32
33
33
34
35
34
34
35
35
35
35
35
35
36
36
38
34
38
38
38
38
38
38
38
39
39
39
39
41
39
39
40
40
40
40
41
41
41
41
41
41
41
41
41
41
41
42
42
42
40
42
42
42
42
42
42
43
43
69
43
43
43
43
43
46
43
43
46
69
44
44
44
44
44
44
47
49
45
46
46
46
46
46
46
46
46
46
47
48
47
51
48
48
44
49
49
49
49
49
50
49
50
49
49
49
49
49
50
50
51
51
51
52
52
55
52
52
55
49
53
53
53
53
53
53
53
54
54
55
55
57
57
56
56
56
56
56
56
56
57
57
57
57
57
30
58
57
58
58
58
58
61
58
59
61
59
60
60
60
60
61
61
61
61
61
61
61
67
61
61
67
61
61
68
61
62
62
56
62
63
63
63
63
63
63
66
64
56
64
64
64
64
64
62
65
65
65
65
65
66
66
66
65
66
66
66
66
66
66
68
67
61
67
67
67
67
67
67
67
67
67
67
67
67
67
67
66
68
67
68
68
68
68
68
67
68
69
69
69
69
68
68
69
69
69
71
70
70
70
70
70
70
70
71
68
67
71
71
71
71
71
44
71
71
71
71
71
71
72
72
72
72
75
72
72
73
73
73
73
73
73
73
73
74
74
74
75
75
75
75
75
75
75
76
76
76
76
76
76
53
75
30
1
3
5
22
22
21
22
25
25
19
18
15
13
5
6
6
22
22
22
7
7
28
28
28
28
46
49
43
45
42
40
68
68
68
68
66
63
56
37
68
38
38
38
36
40
41
41
36
36
23
24
27
27
27
27
27
27
28
28
28
28
8
29
29
51
32
32
33
35
35
60
60
60
60
34
60
59
59
30
30
33
33
31
31
29
29
29
30
69
28
35
23
8
7
44
68
61
58
28
29
30
31
29
29
30
38
5
68
42
76
56
