1
2
1
1
1
1
1
1
1
2
1
2
2
2
2
2
1
2
1
2
13
2
2
2
2
77
77
77
1
77
77
77
77
77
3
77
3
3
3
77
3
77
3
3
77
3
3
3
3
77
3
3
77
4
4
4
4
4
4
5
4
14
5
5
5
5
5
5
5
5
5
5
5
5
5
5
3
5
6
3
3
3
6
3
3
3
3
6
6
6
6
6
6
3
6
6
6
6
6
6
7
6
7
6
6
6
6
7
6
7
7
7
7
7
6
7
7
7
7
7
7
7
7
7
24
8
8
8
7
8
8
8
8
8
8
32
8
8
32
8
32
28
8
9
9
9
11
12
11
10
10
10
10
11
11
10
11
14
11
12
12
12
14
13
13
13
14
14
14
14
14
16
16
14
14
16
14
15
11
15
15
15
17
15
15
15
15
19
19
17
16
16
16
16
16
21
16
16
16
21
21
16
16
22
16
17
15
17
76
76
17
17
17
17
17
17
18
19
15
19
19
19
19
25
19
19
19
19
20
19
19
19
25
20
20
20
20
20
21
22
21
22
21
21
21
21
5
5
22
21
22
21
22
22
20
22
22
22
22
22
22
5
22
22
22
22
23
22
22
24
23
23
20
23
23
23
23
23
23
23
23
24
24
22
22
24
24
24
24
24
24
24
24
24
24
24
24
24
24
24
24
24
24
24
24
27
24
24
24
24
28
25
19
25
25
25
25
25
26
25
26
25
25
26
25
26
26
25
25
25
25
25
25
27
26
26
26
25
25
26
26
26
26
29
27
27
27
27
27
28
27
27
27
32
28
28
28
28
28
29
29
29
29
29
29
30
29
29
30
30
30
31
30
30
30
30
29
30
28
28
28
31
28
31
31
31
32
8
32
33
33
34
34
35
34
35
33
36
35
38
38
36
38
38
38
38
40
38
38
38
38
38
39
39
39
40
39
41
39
40
40
40
40
41
41
41
41
41
41
41
42
41
42
42
42
41
40
40
40
42
42
42
43
43
42
43
43
43
43
43
46
43
46
43
43
46
45
45
69
44
44
44
44
47
47
45
46
46
46
46
46
46
48
46
52
45
48
45
48
48
48
44
49
49
49
73
49
49
49
49
49
53
49
49
50
50
50
52
51
48
52
52
52
52
52
52
49
53
53
53
53
53
53
53
54
54
51
55
56
56
56
56
56
56
56
56
64
30
56
57
57
62
58
58
30
30
58
58
58
58
58
58
59
61
60
60
31
60
61
67
61
61
67
67
67
61
61
61
67
67
61
61
61
58
62
62
62
61
63
63
63
63
63
63
64
64
64
64
64
64
64
65
65
65
65
66
64
66
63
66
66
66
66
66
66
66
66
68
61
67
67
63
66
67
67
68
67
67
66
66
67
67
68
67
66
68
68
68
68
68
68
68
68
68
69
69
69
69
69
69
69
69
69
64
64
70
70
70
70
70
71
71
71
67
71
71
67
67
67
71
71
71
71
72
71
71
72
72
72
72
72
72
72
49
73
71
72
73
73
72
75
74
74
74
74
75
75
75
75
75
75
76
76
76
76
76
10
53
75
30
1
77
4
22
22
21
20
25
29
19
19
19
14
6
3
3
22
22
22
7
24
28
28
32
28
48
49
43
45
42
40
68
37
68
67
66
63
56
37
37
37
38
38
38
40
41
41
36
36
23
23
27
27
27
27
29
27
27
27
28
28
8
29
29
51
32
32
35
35
35
59
60
60
34
60
60
58
59
31
30
33
34
31
31
29
29
29
30
69
28
35
26
24
24
44
40
61
58
28
29
30
31
29
29
30
40
5
37
42
76
56
