1
2
2
1
1
1
1
1
1
1
1
2
2
2
2
2
2
2
2
13
2
4
2
4
2
77
77
77
77
1
77
77
77
77
77
77
77
77
3
77
3
77
4
3
3
3
3
3
3
3
3
4
3
4
4
4
4
4
4
4
4
5
5
5
5
5
5
5
5
5
5
5
5
5
5
5
3
5
5
6
3
6
6
6
6
6
6
6
6
6
6
6
7
6
5
5
5
5
7
7
7
6
6
7
7
6
7
7
7
7
7
7
7
7
7
5
5
22
22
7
7
8
7
8
22
8
8
8
8
8
8
8
32
8
8
8
8
8
32
32
8
32
8
9
9
9
10
10
10
10
76
10
10
11
11
11
11
13
11
12
12
12
13
13
13
13
14
14
14
14
14
14
14
14
14
14
14
15
11
11
15
11
15
15
15
15
15
21
15
15
16
16
16
16
16
16
16
5
5
21
21
21
16
21
21
17
17
17
17
76
17
17
17
17
17
17
18
19
21
19
18
18
19
19
19
19
19
19
19
25
19
19
19
20
20
20
20
20
21
21
21
21
21
22
21
21
21
22
22
21
22
22
22
22
22
22
22
22
21
22
22
22
22
22
22
22
22
22
22
24
22
23
22
23
23
23
23
23
23
23
23
24
24
24
24
24
24
24
24
24
24
24
28
28
28
24
24
24
28
24
24
24
23
28
24
28
24
28
24
28
28
25
25
18
18
18
25
25
23
23
25
25
25
25
25
23
25
25
25
25
25
26
26
26
26
26
25
26
26
26
26
27
25
27
27
27
27
27
27
28
28
28
28
32
27
28
28
28
28
29
29
29
29
29
29
30
30
30
30
31
31
31
30
30
30
30
30
30
32
28
28
31
28
28
31
28
8
8
32
32
33
34
34
34
34
35
35
35
36
38
35
36
38
38
38
38
38
38
38
38
38
38
36
39
39
40
39
39
39
40
40
40
68
41
39
40
41
41
41
41
42
42
42
42
42
42
42
42
68
42
42
42
43
43
43
43
43
43
43
46
43
43
46
43
43
46
69
44
69
44
44
44
44
44
44
45
46
46
46
43
46
46
46
46
46
47
48
48
48
48
48
44
49
49
49
49
49
49
49
49
49
53
49
49
50
50
50
46
51
51
52
52
52
52
52
52
53
53
53
53
53
53
53
53
54
54
55
55
57
56
56
56
56
56
56
56
56
57
57
57
57
57
58
58
57
57
58
58
58
58
58
59
59
59
60
31
59
31
61
61
61
68
61
61
61
61
61
61
61
61
61
61
68
62
62
62
62
66
63
63
63
63
63
63
64
56
56
64
64
64
64
65
65
65
65
65
65
66
66
66
66
66
66
66
66
70
66
67
67
67
67
66
66
66
67
67
67
67
67
67
67
67
67
67
67
68
68
68
68
68
68
71
68
68
69
69
69
68
68
49
69
69
69
70
70
70
70
70
70
70
70
71
71
71
71
71
49
49
49
49
71
71
71
71
71
71
72
72
72
72
72
72
75
73
73
73
73
73
49
73
49
74
74
74
75
75
75
75
75
75
75
76
76
76
76
76
76
53
75
30
1
3
4
22
24
21
20
23
25
18
18
15
13
5
7
3
22
22
22
5
22
28
28
28
28
46
49
43
45
42
40
68
68
68
67
66
66
56
37
37
38
38
38
40
40
41
41
36
36
23
23
27
27
27
28
27
27
28
27
28
28
32
29
29
51
32
32
35
35
36
60
60
60
60
60
60
59
59
30
30
33
34
31
31
29
29
29
30
69
32
35
23
8
24
44
68
61
58
28
29
29
31
29
29
31
40
5
68
42
76
56
