1
2
1
1
1
1
1
1
77
1
1
2
2
2
2
1
2
2
2
2
2
2
2
2
4
77
1
1
1
77
4
77
77
77
77
77
77
77
77
77
3
4
3
3
77
3
3
3
3
3
4
3
3
4
4
4
4
4
4
4
4
4
5
5
5
5
5
5
5
5
5
5
5
5
5
5
3
5
6
6
6
6
6
3
6
6
6
3
6
6
6
6
6
6
6
6
7
7
6
7
7
6
7
6
6
6
6
7
7
7
6
7
7
7
7
7
22
7
7
7
8
8
8
8
7
8
8
32
8
8
32
32
8
8
8
8
8
32
8
8
32
28
8
9
9
9
10
12
10
10
76
10
10
10
10
11
10
10
11
12
12
12
12
13
14
13
14
13
13
13
14
14
14
14
14
16
14
11
11
11
11
11
15
15
15
11
15
15
15
19
16
14
16
14
16
16
5
5
16
16
16
16
16
21
16
15
15
17
17
76
76
76
17
17
17
17
18
19
15
15
17
19
19
19
15
19
15
19
19
19
19
19
19
21
20
20
20
20
5
21
21
21
21
21
21
21
21
21
21
21
22
22
21
21
20
21
22
22
22
22
22
22
22
22
22
23
23
22
20
23
23
23
23
19
23
23
23
23
24
23
23
24
24
24
22
24
23
24
24
22
24
24
24
24
24
24
24
28
24
24
22
24
23
24
24
24
28
28
28
24
28
25
25
25
18
25
26
25
23
25
26
25
25
26
25
25
26
26
25
25
26
25
25
23
26
26
26
26
26
26
26
26
25
26
27
27
27
29
27
28
28
28
28
32
27
27
28
28
28
29
29
29
29
29
29
30
30
30
58
58
58
30
30
29
30
29
29
30
31
31
31
31
31
31
31
31
32
32
33
33
33
34
34
34
34
35
33
35
35
35
35
36
36
38
38
38
38
38
38
38
38
39
36
39
39
39
39
39
39
40
40
40
69
41
39
40
41
41
41
41
42
41
42
42
42
42
42
42
40
42
69
42
43
42
43
43
43
45
43
43
43
45
43
43
43
52
45
44
45
44
44
44
49
44
49
45
52
46
46
43
46
46
48
46
48
47
45
48
48
48
48
49
49
49
49
73
49
49
49
73
73
49
49
49
51
50
50
51
48
51
52
52
52
52
55
52
53
53
53
53
53
53
53
53
54
54
55
55
56
56
56
56
56
56
56
56
56
57
57
57
57
57
58
57
57
58
57
58
58
63
63
31
59
59
60
60
60
60
61
61
61
61
61
61
61
63
63
61
61
61
61
61
61
62
62
62
65
63
63
62
62
62
63
62
64
56
64
64
64
64
64
65
65
64
65
65
64
63
63
66
66
63
66
66
65
66
66
67
61
61
67
67
67
67
67
67
67
67
67
67
67
67
68
67
67
67
68
68
68
68
68
69
69
69
69
69
69
44
69
44
44
69
69
70
65
70
70
70
70
70
70
71
68
71
71
70
70
71
71
71
72
72
71
72
72
71
72
72
72
74
74
74
72
73
73
72
72
73
73
73
73
74
74
74
75
75
75
74
75
75
75
76
76
76
76
76
10
53
75
56
1
3
4
22
22
21
20
19
25
18
18
16
13
6
3
3
22
22
22
22
7
32
28
32
28
46
49
45
45
42
40
68
61
68
68
63
63
56
37
68
37
38
38
38
41
40
41
36
35
24
23
23
23
27
28
27
27
28
27
28
28
8
29
29
51
33
32
33
33
35
59
59
60
60
60
60
31
59
30
30
33
34
31
31
29
29
30
30
69
32
35
23
8
24
44
69
61
63
28
29
29
31
29
29
58
39
5
61
42
76
62
