1
2
1
1
1
1
1
1
1
1
1
2
2
2
2
2
1
13
2
2
13
2
2
2
4
77
77
77
77
77
77
77
77
77
77
77
77
77
77
77
77
77
3
3
3
3
3
3
3
3
3
3
3
4
4
4
4
4
4
4
4
14
4
4
4
5
5
5
5
5
5
5
5
5
5
7
6
6
6
6
6
6
6
6
6
6
6
6
6
6
6
6
6
6
6
6
6
6
6
6
6
6
6
7
6
6
7
7
7
7
7
7
7
7
7
7
7
7
7
7
7
7
7
7
7
8
8
8
7
8
8
8
8
8
8
8
8
8
8
8
8
8
8
9
9
10
10
10
10
10
10
10
11
11
11
11
11
11
11
12
12
12
12
13
13
13
14
14
14
14
14
14
14
14
14
14
14
15
15
15
15
11
17
15
15
15
19
15
15
15
16
16
16
16
16
16
16
16
16
16
16
16
16
16
16
17
17
17
17
17
17
17
17
17
19
17
18
19
19
19
19
19
19
19
19
19
19
20
19
19
19
19
19
20
20
20
20
20
21
21
21
21
21
21
21
22
21
22
22
21
22
22
22
22
22
22
22
22
22
22
22
22
22
24
22
23
22
22
20
23
23
22
23
23
23
23
23
23
23
23
23
22
24
24
24
24
24
24
24
24
24
24
24
24
24
24
24
28
24
24
24
24
24
24
24
24
28
24
24
24
24
25
19
25
25
25
25
25
25
25
25
25
25
25
25
25
25
25
25
25
25
25
25
23
26
23
25
26
26
26
26
29
26
27
27
27
27
27
29
28
28
27
27
28
28
28
28
28
28
29
29
29
29
29
29
30
30
30
30
30
30
30
30
30
30
30
30
30
31
28
31
31
31
29
31
31
32
8
33
33
60
34
34
34
34
35
35
36
35
35
35
36
38
38
38
38
38
38
38
38
38
38
39
39
39
39
39
39
39
40
40
40
40
41
41
41
41
41
41
41
41
41
42
42
42
42
42
42
42
42
69
42
43
43
43
43
43
43
43
43
43
43
43
43
43
43
44
44
44
44
44
44
44
44
44
45
43
46
46
46
46
46
46
46
46
47
48
48
48
48
48
49
49
49
49
49
49
50
49
49
49
49
49
49
50
50
50
51
51
51
52
52
52
52
52
51
53
49
53
53
53
53
53
53
54
54
55
55
56
56
56
56
56
56
56
56
56
57
57
57
57
62
58
58
58
58
58
58
58
58
58
61
59
59
60
60
31
60
61
61
61
61
61
61
61
61
61
61
61
61
61
61
61
62
62
62
62
63
58
63
63
63
63
63
56
56
64
64
64
64
56
65
65
65
65
65
65
66
63
66
66
66
67
66
66
66
70
61
67
67
61
67
67
67
67
67
67
67
67
67
67
67
67
67
66
61
68
68
67
68
68
68
71
69
69
69
69
69
69
68
69
69
69
70
70
70
70
70
70
70
70
71
71
71
71
71
71
71
71
71
71
71
71
71
71
71
72
72
72
72
72
72
72
73
73
73
73
73
49
73
73
74
74
74
75
75
72
75
75
75
75
76
76
76
76
76
10
53
75
57
1
3
4
22
22
21
20
23
26
19
18
15
4
5
6
3
22
22
22
7
7
28
28
28
28
46
49
43
45
42
40
68
61
68
67
66
63
56
37
37
37
38
38
38
38
41
41
36
36
23
23
27
27
27
27
27
27
28
28
28
28
8
29
29
51
33
33
35
35
35
60
60
60
60
60
60
59
59
30
30
35
60
31
31
29
29
29
29
69
31
35
23
8
22
44
69
61
58
29
29
29
31
29
29
30
38
5
61
42
76
56
