1
1
1
1
1
1
1
1
1
1
1
2
2
2
2
2
2
2
2
4
2
2
2
4
2
77
77
77
77
77
77
77
77
77
77
77
77
77
77
77
77
77
4
3
3
3
3
3
3
3
3
3
3
4
4
4
4
4
4
4
4
4
4
5
5
5
5
5
5
5
5
5
5
5
5
5
6
3
6
6
6
3
6
6
6
6
6
6
6
6
6
6
6
6
6
5
6
6
6
7
6
6
6
6
6
6
6
7
7
7
7
7
7
7
7
7
7
7
7
7
7
7
7
7
7
8
8
8
8
8
8
8
8
8
8
8
8
8
8
32
8
8
8
9
9
9
10
10
10
10
10
10
10
12
11
15
11
11
11
12
12
12
12
13
14
13
14
14
14
13
14
14
14
14
14
14
16
15
15
11
15
15
15
15
15
15
15
15
15
15
16
16
16
16
16
16
16
16
16
16
16
16
15
15
16
17
17
17
17
76
17
17
17
17
17
19
18
19
19
15
19
19
19
19
19
19
19
19
19
19
19
19
19
21
22
20
20
20
5
21
21
21
21
21
21
21
21
22
22
22
22
22
22
22
22
22
22
22
22
22
22
5
22
22
22
22
23
23
22
23
23
23
23
23
23
23
23
23
23
23
23
24
24
24
24
22
24
24
22
24
24
24
24
24
24
24
24
24
24
24
24
24
24
24
24
24
24
24
24
24
24
25
25
25
19
25
25
25
25
25
25
25
25
25
25
25
25
25
25
25
26
25
25
26
23
26
23
26
26
26
26
26
26
27
27
27
27
27
29
28
28
27
28
28
28
28
28
28
28
29
29
29
30
29
29
30
30
30
30
29
30
31
30
30
30
30
30
30
28
31
31
31
28
31
31
31
32
8
32
32
33
34
34
34
34
35
35
35
35
35
35
36
38
38
34
38
38
38
38
38
38
38
39
39
39
39
39
39
39
40
40
40
40
41
41
41
41
41
41
41
41
42
41
42
41
42
42
42
42
42
69
42
43
43
42
43
43
43
43
43
43
43
43
43
43
43
44
44
69
44
44
44
44
44
44
45
52
46
46
46
46
46
46
46
48
47
48
48
48
48
48
49
49
49
49
49
49
49
50
49
75
49
49
49
50
50
50
51
51
51
52
52
52
52
52
52
49
53
53
53
53
53
53
53
54
54
55
55
56
56
56
56
56
56
56
56
64
58
57
57
57
57
58
58
30
58
58
58
58
58
61
59
59
59
60
60
60
60
61
61
61
61
61
61
61
61
61
61
61
61
61
61
61
62
62
62
65
61
63
63
63
61
63
65
65
64
64
64
64
64
64
65
65
65
65
65
65
66
66
66
66
66
66
66
66
66
66
67
67
67
67
67
67
67
67
68
67
67
67
67
67
67
67
67
67
61
68
68
68
68
68
68
67
69
69
69
69
69
69
69
44
69
69
71
70
70
70
70
70
70
70
71
71
71
71
70
70
71
71
71
71
71
71
71
71
71
72
72
72
72
74
72
72
73
73
73
73
73
73
73
73
74
74
74
75
75
72
75
75
75
75
76
76
76
76
76
10
53
75
30
1
3
4
5
22
21
20
25
26
19
18
15
13
6
6
6
5
22
22
22
7
28
28
28
28
46
49
43
45
42
40
68
61
68
68
66
63
56
37
68
38
38
35
38
40
42
40
36
36
23
23
27
27
27
27
29
27
28
28
28
28
8
29
29
51
32
32
35
35
35
59
60
60
60
34
34
59
59
30
30
35
34
31
31
30
29
30
29
69
28
35
23
8
7
44
69
61
58
31
27
29
31
28
29
30
38
5
61
42
76
56
