1
1
1
1
1
1
1
1
1
1
1
2
2
2
2
2
4
2
2
4
2
4
2
4
4
77
77
77
77
77
77
4
77
77
77
77
77
77
77
3
77
77
3
3
3
3
3
3
3
3
3
3
3
4
4
4
13
4
4
4
4
4
4
5
5
5
5
5
5
5
5
5
5
5
5
5
6
6
5
6
3
6
6
6
6
6
6
6
6
6
6
6
6
6
6
6
6
6
6
6
6
6
7
6
6
6
6
7
7
7
7
7
7
7
7
7
7
7
7
7
7
7
7
7
7
7
8
7
8
8
8
8
8
8
8
8
8
8
8
8
28
8
8
9
9
9
11
10
10
10
76
10
10
11
11
11
11
11
11
12
12
12
13
13
13
13
14
14
14
14
13
14
14
14
14
14
14
15
15
15
15
15
15
15
15
15
15
15
15
15
16
16
16
16
16
16
16
16
16
16
21
16
16
21
16
17
17
17
17
17
17
17
17
17
17
17
18
19
19
19
19
19
19
19
19
19
19
19
19
19
19
19
19
20
20
20
20
20
21
21
21
21
21
21
21
21
21
21
21
21
22
21
22
22
20
22
22
22
22
22
21
22
22
22
22
23
22
22
20
23
23
23
20
23
23
23
23
23
23
23
23
24
22
24
24
24
24
24
24
24
24
24
24
24
24
24
24
24
24
24
24
24
24
24
24
24
24
24
24
24
24
25
25
25
19
25
25
25
23
25
25
25
25
25
25
23
25
25
25
25
25
25
26
26
26
23
26
26
26
26
26
27
29
27
27
27
27
27
29
28
24
28
28
28
27
28
28
28
28
29
29
29
29
29
29
30
30
30
30
30
30
31
30
30
30
30
30
30
31
31
31
28
31
31
31
31
28
8
33
32
33
34
34
34
34
35
35
35
35
35
35
36
38
38
38
38
38
38
38
38
40
38
39
36
39
39
39
39
39
40
40
40
42
39
39
40
41
41
41
41
41
41
41
42
42
41
42
42
42
42
42
42
43
43
43
43
43
43
43
43
43
43
43
43
43
43
44
44
69
44
44
44
44
44
44
45
46
46
46
46
45
43
46
46
48
47
48
48
48
48
48
49
49
49
73
49
49
49
49
49
49
49
49
49
50
50
50
48
51
51
46
52
52
46
55
52
53
53
53
53
53
53
53
53
54
54
55
51
57
56
56
56
56
56
56
56
56
57
57
57
57
57
58
58
58
58
58
58
58
58
58
59
59
59
60
60
60
60
61
61
61
61
61
61
61
61
61
61
61
61
61
61
61
62
62
62
62
63
58
62
62
63
63
63
64
56
64
64
64
64
64
65
65
65
65
65
65
66
63
66
66
66
66
66
66
65
65
67
67
67
67
67
67
67
67
68
67
67
67
67
67
67
67
67
67
68
68
68
68
67
68
68
71
69
69
69
69
69
69
69
69
69
69
70
70
70
70
70
70
70
71
71
71
71
71
71
71
71
71
71
71
71
71
71
71
71
72
72
72
72
74
72
75
49
73
73
73
73
73
73
73
74
74
74
74
75
75
75
75
75
75
76
76
76
76
76
10
53
74
30
1
3
4
22
22
21
20
25
25
19
19
15
13
6
6
6
22
7
22
7
7
28
28
28
28
46
49
69
45
42
40
61
61
68
67
63
63
56
37
40
38
38
38
38
40
41
41
36
36
23
23
23
23
27
27
27
27
28
27
28
28
8
29
29
51
33
28
35
35
35
60
60
60
60
60
34
59
59
30
30
35
34
31
31
29
29
29
30
69
28
35
23
8
24
44
69
61
58
28
29
29
28
29
29
30
38
22
61
42
76
56
