1
1
1
1
1
1
1
1
1
2
2
2
2
2
2
2
2
2
2
13
2
2
2
2
2
77
77
77
77
1
2
77
77
77
77
77
77
3
3
77
77
77
3
3
3
3
3
3
3
4
3
4
3
4
4
2
4
4
4
4
4
4
5
5
5
5
5
5
5
5
5
5
21
5
5
21
6
6
5
6
6
6
6
6
6
6
6
7
7
6
6
6
6
6
6
6
6
7
6
6
6
6
7
6
7
7
6
7
7
7
7
7
7
6
7
7
7
28
7
8
7
7
8
8
8
8
8
8
7
8
8
8
8
8
32
8
32
32
8
8
32
28
8
9
9
10
10
12
10
76
76
10
10
11
11
11
11
11
11
12
12
12
12
13
13
13
14
14
14
14
12
16
16
14
16
14
16
15
15
15
15
15
15
17
15
15
15
16
15
15
15
15
16
14
16
16
16
5
21
16
16
16
16
16
20
17
17
17
17
76
76
76
17
17
17
17
18
19
19
19
19
19
19
19
19
19
19
20
25
19
19
19
19
20
20
20
20
22
21
20
21
20
21
22
21
21
21
21
22
21
22
22
20
22
22
20
22
21
21
22
22
22
22
22
22
22
22
22
22
23
23
23
23
20
23
23
23
23
27
23
27
24
22
22
24
22
24
24
24
24
22
24
24
24
24
22
24
24
24
24
24
24
23
24
24
24
28
24
24
24
24
25
19
17
17
17
25
25
23
25
25
25
25
25
25
25
25
25
25
25
25
25
26
27
27
27
26
26
26
26
26
29
26
26
27
27
27
27
29
28
28
27
28
32
28
28
28
28
31
29
29
27
29
29
29
30
30
30
30
30
31
31
30
29
30
29
29
30
31
31
31
31
31
31
31
31
32
32
32
33
33
34
34
34
35
33
35
36
36
35
35
36
36
38
37
37
38
37
37
38
38
38
39
36
39
39
39
39
39
40
40
40
40
41
39
40
41
41
41
41
42
42
42
42
42
42
41
41
42
42
42
42
42
43
43
42
69
43
43
43
46
43
46
43
43
43
44
44
69
44
44
49
44
44
44
45
52
52
46
46
46
46
48
46
46
47
45
48
48
48
48
49
49
49
49
49
49
49
50
50
49
49
49
49
49
50
50
46
48
51
52
52
51
52
52
51
53
53
75
75
53
53
53
53
54
54
55
55
30
56
56
30
56
56
56
56
56
57
57
57
58
62
59
58
57
57
58
58
58
58
58
61
59
59
60
60
31
60
61
61
61
61
61
61
61
61
58
67
67
61
61
61
61
62
62
62
62
63
63
63
63
63
67
67
65
64
64
64
64
64
65
65
62
65
65
65
70
66
67
66
65
66
66
65
65
66
70
67
67
61
67
67
67
67
67
68
67
67
66
67
66
67
67
67
67
61
68
37
68
68
68
69
68
69
42
42
69
69
69
69
69
69
43
70
70
70
70
70
70
70
72
69
71
71
67
71
71
71
71
73
71
73
71
71
73
73
72
72
72
72
72
75
75
73
73
73
73
73
73
73
73
74
74
74
74
75
75
72
75
75
75
76
76
76
76
76
76
53
75
30
1
3
4
21
22
21
20
25
25
17
17
15
4
5
6
6
22
22
22
7
28
28
28
28
31
46
73
43
45
69
40
37
68
68
68
67
67
56
37
37
37
37
38
38
38
41
39
36
36
23
27
27
27
27
24
29
27
28
28
28
28
8
29
29
51
32
32
35
35
35
60
60
60
34
60
31
59
59
31
30
33
34
31
59
30
29
30
30
69
28
35
23
28
22
44
69
37
58
28
29
29
31
27
29
59
38
5
61
42
76
62
