1
1
1
1
1
1
1
1
1
2
1
2
2
2
2
1
1
2
2
4
2
4
2
2
2
77
77
77
77
1
77
77
77
77
77
77
77
77
77
77
77
77
77
3
3
3
3
3
3
3
3
3
3
4
4
4
4
4
4
4
4
14
4
5
14
14
5
5
5
5
5
5
5
5
5
7
6
6
6
6
6
6
6
6
6
6
6
6
6
6
6
6
6
6
6
6
6
6
7
6
7
6
6
6
6
6
7
7
7
7
7
7
7
7
7
7
7
7
7
7
7
7
7
7
7
8
8
8
8
8
8
8
8
8
8
8
8
8
32
8
8
8
8
9
9
9
10
9
10
10
10
10
10
12
11
11
11
11
11
12
12
12
12
13
12
4
14
14
14
14
14
14
14
14
14
14
14
15
15
15
15
11
15
15
15
15
15
15
15
19
16
16
16
16
16
16
16
16
16
16
16
16
16
16
16
15
17
17
17
17
17
17
17
17
17
17
18
19
19
19
19
19
19
19
19
19
19
19
19
19
19
19
19
20
20
20
20
20
5
20
21
21
21
21
21
22
22
22
22
22
22
22
22
21
20
20
20
20
22
22
22
22
22
22
24
22
22
22
23
23
23
23
23
23
23
23
23
23
23
23
23
24
24
24
24
24
24
24
24
24
24
24
24
24
24
24
24
24
24
24
24
24
23
23
24
24
24
24
24
24
24
25
25
25
25
25
25
25
26
25
25
25
25
25
25
26
26
25
25
29
25
25
25
27
26
26
26
26
26
26
26
29
26
27
27
27
27
29
27
28
28
28
28
28
28
28
28
28
28
29
29
29
29
29
29
30
30
30
30
30
30
30
30
30
30
30
29
30
31
28
28
28
31
31
31
31
32
8
34
34
33
34
35
34
34
35
35
35
35
35
35
36
35
35
35
38
38
38
38
38
38
38
39
36
39
39
39
39
39
40
40
40
40
41
41
41
41
41
41
41
41
41
42
42
42
42
42
42
42
42
42
42
43
43
43
43
43
43
43
43
43
43
43
43
43
43
45
44
44
44
44
44
44
44
44
45
46
43
46
43
46
46
46
46
46
47
48
48
48
48
48
49
49
49
49
49
49
49
49
49
49
49
49
49
50
50
50
52
51
51
46
52
52
46
52
52
53
49
75
53
53
53
53
53
54
54
55
55
56
56
56
56
56
56
56
56
56
57
30
57
58
57
58
58
58
58
58
58
58
58
58
59
59
59
60
60
60
60
61
61
61
61
61
61
61
61
58
61
61
61
61
61
61
62
62
62
62
63
63
63
66
63
66
63
64
56
56
64
64
64
64
65
65
64
65
65
65
66
66
66
66
66
66
66
66
67
66
67
67
67
67
67
67
67
67
67
67
67
67
67
67
67
67
71
67
67
68
69
68
68
68
68
68
69
69
69
69
69
69
69
69
69
69
70
70
70
70
70
70
70
71
71
71
71
71
71
71
71
71
71
71
71
71
71
71
71
72
72
72
72
75
72
72
73
73
73
73
73
49
73
73
74
74
74
74
72
75
75
75
75
75
76
76
76
76
76
10
53
75
30
1
3
4
7
22
21
20
25
29
19
18
15
13
6
6
6
7
22
22
7
7
28
28
28
28
46
49
43
45
42
40
68
68
68
67
63
63
56
37
37
38
38
38
38
40
41
41
36
36
23
23
27
27
27
27
27
27
23
28
28
28
8
29
29
51
28
32
35
35
35
60
60
60
60
34
60
59
59
30
30
34
34
31
31
29
29
30
30
69
28
35
26
8
24
44
69
61
58
29
29
29
31
29
29
30
38
5
61
42
76
56
