1
2
1
1
1
1
1
1
1
1
1
2
2
13
13
2
2
13
2
2
13
2
2
2
2
77
77
77
77
77
4
4
77
77
77
77
77
77
77
77
77
77
4
4
77
3
3
3
3
3
4
3
3
4
4
4
4
4
4
4
4
4
4
5
5
5
5
5
5
5
5
5
5
5
5
5
6
5
5
5
6
3
6
6
6
5
5
6
6
6
6
6
6
6
5
22
22
5
6
6
6
6
7
6
6
7
6
7
7
7
7
7
7
7
5
22
22
7
7
7
7
7
7
7
7
8
8
8
7
8
8
32
32
8
32
32
8
8
32
32
32
8
8
9
9
9
10
12
10
10
76
10
10
12
11
11
11
11
11
12
12
12
12
13
13
13
14
13
14
14
14
14
14
14
14
14
14
12
11
15
15
11
15
15
15
15
15
15
15
18
16
16
16
16
14
16
16
16
16
16
21
16
16
16
16
15
17
17
76
76
76
17
17
18
17
17
18
19
19
19
18
18
18
19
19
19
20
20
20
19
19
19
19
20
20
20
20
20
21
20
21
21
21
21
21
21
21
21
21
20
20
20
21
21
20
20
20
22
22
22
22
21
22
22
20
20
20
20
20
20
23
20
20
23
23
23
23
23
23
27
27
24
22
22
22
22
24
24
24
24
24
24
24
24
24
24
24
28
24
24
24
24
23
27
24
27
28
28
24
28
28
25
25
18
18
25
25
26
25
26
26
25
25
25
26
26
26
26
25
25
26
26
23
27
27
26
23
23
26
26
26
27
26
27
27
27
27
27
27
28
28
27
27
28
27
28
31
28
28
29
29
29
29
29
29
30
30
30
30
30
59
31
30
30
30
57
30
30
31
31
31
31
31
31
31
31
32
32
33
33
33
34
34
34
34
35
35
35
35
35
34
36
38
38
34
38
38
38
34
38
38
40
36
39
39
39
39
39
39
40
40
40
40
39
39
41
41
41
41
41
41
41
41
41
42
41
42
40
42
42
42
42
42
43
43
43
43
43
43
46
43
43
43
43
43
46
45
45
45
44
44
44
44
44
44
45
46
46
48
46
46
46
48
46
48
47
48
48
48
48
48
49
49
49
49
49
49
50
50
50
49
49
49
49
50
50
50
48
51
51
52
48
52
52
52
52
53
53
53
53
53
53
53
53
54
54
55
55
56
56
56
56
56
56
56
56
56
57
57
57
57
57
59
58
58
57
58
58
58
58
58
59
59
59
60
31
60
60
61
61
61
61
61
61
61
61
61
61
61
61
67
61
68
62
62
62
62
63
62
63
63
63
63
63
64
64
64
64
64
64
64
65
62
65
65
65
65
66
66
66
65
66
66
66
66
67
66
67
67
67
67
67
67
67
67
68
67
67
67
67
67
67
67
67
67
67
68
68
68
68
68
68
68
68
69
69
69
69
69
68
68
69
69
70
70
70
70
70
70
70
72
71
71
71
71
71
71
71
71
68
71
71
70
71
71
68
72
72
72
72
75
72
72
73
73
73
73
73
49
73
73
74
74
74
75
75
75
75
75
75
75
76
76
76
76
76
10
53
75
57
1
3
4
22
22
21
20
25
26
18
18
12
13
5
6
3
22
22
22
22
22
31
28
28
28
46
49
46
45
42
40
68
68
68
68
66
63
56
37
40
34
38
38
39
40
41
41
36
36
23
23
27
27
27
27
27
27
27
27
28
28
8
29
29
48
33
32
33
35
35
60
60
60
60
60
60
59
59
31
30
33
34
31
31
29
29
29
59
69
33
35
23
8
24
44
69
61
62
31
29
31
31
29
29
59
38
5
68
42
76
56
