1
1
1
1
1
77
1
1
77
2
1
1
1
1
2
2
2
2
2
4
2
4
2
2
2
77
1
1
1
77
2
4
4
77
77
77
77
77
77
77
77
3
3
77
77
3
3
3
3
3
3
3
3
4
4
4
4
5
4
5
16
16
5
5
5
16
5
5
5
5
5
5
5
5
5
21
6
6
5
6
3
6
6
3
3
6
6
6
6
6
6
6
7
6
6
5
5
6
6
7
6
7
6
7
6
6
7
7
7
7
7
7
7
7
7
5
7
7
7
7
8
8
7
7
7
8
8
8
8
7
8
8
8
32
8
8
32
32
32
32
32
8
8
9
9
9
11
10
10
9
76
10
10
10
11
11
15
11
11
10
12
13
12
13
13
4
14
13
14
14
12
12
14
14
14
14
14
11
11
15
15
11
17
15
15
15
15
15
15
17
12
16
16
16
16
16
14
16
16
16
21
16
15
16
16
17
17
17
17
76
76
17
17
17
18
17
18
16
19
19
19
19
19
19
19
19
19
20
19
19
19
19
19
16
20
20
20
20
21
16
21
21
21
21
21
21
5
22
22
22
21
21
20
20
19
22
22
22
22
22
22
22
22
22
22
22
23
22
19
23
23
22
23
23
23
23
23
23
23
26
26
24
22
24
22
24
22
23
24
22
24
28
24
24
24
24
24
24
28
24
24
24
23
24
28
28
24
28
28
28
28
19
25
19
18
25
25
25
23
25
25
25
25
25
25
25
26
26
25
25
25
26
26
26
26
26
26
26
29
26
26
29
29
29
27
27
29
27
27
32
28
29
29
32
28
28
28
31
28
29
29
29
30
30
29
30
30
30
30
30
30
31
30
57
30
30
30
57
31
28
31
31
28
28
28
29
32
32
33
33
33
34
34
34
38
34
35
35
35
38
38
35
36
38
38
38
38
38
38
38
38
40
39
36
39
39
39
39
39
41
41
41
40
41
39
40
41
41
41
41
42
42
41
42
42
41
42
40
40
42
42
42
42
43
43
69
43
43
43
43
46
43
46
46
43
46
45
45
44
45
44
44
44
47
44
45
52
46
46
46
45
46
46
52
48
47
48
45
47
48
48
44
47
49
49
49
49
49
49
49
49
49
53
49
51
50
50
48
51
48
52
52
51
52
52
51
49
53
53
53
53
53
53
54
54
54
55
55
56
56
56
56
56
56
56
56
56
58
57
57
57
57
58
31
31
58
58
62
58
58
58
59
59
61
60
60
60
60
61
61
61
68
61
61
61
61
61
67
61
61
61
61
68
62
56
62
62
67
63
63
63
63
66
63
64
64
64
64
64
64
64
66
62
64
65
65
65
66
66
66
66
66
67
67
66
65
65
67
67
67
61
67
67
67
68
68
67
67
67
67
67
71
68
71
67
68
68
68
68
68
68
71
68
68
69
42
69
69
69
69
44
69
45
70
65
70
70
70
70
70
71
71
68
71
67
71
71
68
71
44
71
71
71
71
71
44
72
72
72
74
74
72
72
44
73
73
73
73
44
73
72
74
74
74
74
72
75
75
75
75
49
76
76
76
76
76
76
53
75
57
1
3
4
5
22
21
19
25
25
18
18
15
13
5
6
6
22
24
22
7
24
31
32
31
28
48
49
69
45
42
40
68
68
68
67
66
67
56
37
40
38
38
38
39
40
41
41
36
36
23
23
26
23
27
23
27
29
28
28
31
28
8
27
29
51
31
32
35
35
35
59
60
60
60
60
31
58
59
30
30
34
34
29
31
29
29
29
30
69
31
38
23
7
28
44
69
61
62
28
29
29
31
29
29
31
39
21
68
42
76
64
