1
1
1
1
1
1
1
1
1
2
1
2
2
2
2
2
2
2
2
2
2
4
2
2
2
77
77
77
77
77
77
4
77
77
77
77
77
77
77
77
77
77
3
3
3
3
3
3
3
3
4
4
3
4
4
4
4
4
4
4
4
4
16
5
16
16
5
5
5
5
5
5
5
5
5
5
6
6
6
5
6
6
6
3
6
6
6
6
6
6
6
7
6
6
6
6
5
5
6
7
7
6
6
7
7
6
6
7
7
7
7
7
7
7
7
5
7
7
7
7
7
7
7
8
7
8
8
8
7
8
8
8
8
8
32
8
8
32
8
8
32
8
8
9
9
9
10
10
10
10
10
11
10
11
11
11
11
11
12
12
12
12
12
13
13
13
14
14
14
14
14
14
14
14
14
14
14
15
15
11
15
15
15
15
15
15
15
15
15
17
16
14
16
16
14
16
16
16
21
16
21
16
16
16
16
17
17
17
17
76
17
17
17
17
18
17
18
19
19
15
19
15
19
19
19
19
19
19
20
25
19
19
19
16
20
20
20
20
21
16
16
21
21
21
21
21
21
22
22
21
22
22
22
21
22
21
22
22
22
22
22
22
22
22
22
22
22
23
22
23
23
23
23
23
23
23
23
23
23
23
23
24
24
22
24
22
24
24
24
24
24
24
24
24
24
28
28
24
24
24
24
24
24
24
28
24
24
28
28
28
28
25
25
19
19
25
25
25
25
25
25
25
25
25
25
23
25
25
25
25
29
25
26
26
23
26
23
26
26
26
26
26
29
27
27
27
27
27
27
28
28
27
28
32
29
28
28
28
28
29
29
31
30
30
29
30
30
30
30
30
31
30
30
29
30
30
29
30
31
28
28
31
31
31
28
31
32
32
33
33
33
34
34
34
37
35
35
35
35
35
35
36
38
38
38
38
38
38
38
38
38
38
39
39
39
39
39
41
39
40
40
40
69
41
41
41
41
41
41
41
41
41
41
42
42
41
42
40
40
42
42
42
43
42
43
43
43
43
43
43
43
43
43
43
43
46
44
44
44
44
44
47
44
44
47
48
46
46
46
43
46
46
48
46
46
47
48
48
48
48
48
49
49
49
49
49
49
49
50
49
53
53
49
49
50
50
50
48
48
51
52
52
52
52
55
52
49
53
53
53
53
53
53
53
54
54
52
51
57
56
56
56
56
56
56
64
64
58
57
57
62
56
58
58
58
58
58
58
58
58
61
59
59
59
60
60
31
60
61
61
61
61
61
61
61
61
63
61
61
61
61
61
68
62
62
65
62
63
63
63
63
63
66
63
64
64
64
64
64
64
64
65
65
65
65
70
65
66
66
66
66
66
66
66
66
66
66
67
61
67
67
67
67
67
67
67
67
67
67
67
66
67
67
67
67
67
68
68
67
68
68
68
68
68
69
69
69
69
69
69
69
69
45
70
70
70
70
70
70
70
71
71
68
71
71
71
71
68
71
49
71
71
71
71
71
71
72
72
72
72
72
72
72
73
73
73
71
73
73
73
73
74
74
74
75
75
75
75
75
75
53
76
76
76
76
76
76
53
75
30
1
3
4
22
22
21
20
25
29
19
18
16
13
5
6
3
22
22
22
22
8
28
28
28
28
46
49
45
45
42
40
68
68
68
67
67
67
56
37
37
38
38
38
38
40
41
39
36
36
23
23
26
27
27
27
27
27
28
28
28
28
7
29
29
51
33
32
35
35
35
60
60
60
60
34
60
59
60
31
30
34
34
31
31
30
29
29
30
69
33
35
23
8
24
44
69
61
63
28
29
29
31
29
29
30
38
5
68
42
76
56
