1
2
1
1
1
1
1
77
1
1
1
2
2
13
2
1
1
2
2
4
13
2
2
2
2
77
77
1
1
77
2
2
77
77
77
77
77
77
77
3
77
77
3
3
77
3
3
3
3
3
4
3
3
4
4
4
4
4
4
4
14
4
4
5
5
5
5
5
5
5
5
5
5
5
5
5
6
6
5
5
6
3
3
3
6
6
6
6
6
6
6
6
6
6
6
5
5
6
6
7
6
6
6
6
7
6
7
7
7
7
7
7
7
7
7
7
7
7
7
7
7
7
7
7
7
7
8
8
7
8
8
8
8
8
8
8
8
8
32
8
28
28
28
9
9
9
10
12
10
10
10
11
10
12
11
11
11
11
11
12
12
13
12
13
12
13
13
13
14
14
12
14
14
14
14
14
14
15
15
11
15
15
15
17
15
15
15
15
15
15
16
14
16
16
14
16
16
16
16
16
21
16
16
20
20
15
17
17
17
76
76
76
17
18
17
17
18
19
19
19
19
15
19
19
19
19
20
20
19
19
19
25
19
20
20
20
20
20
21
20
21
21
21
21
21
21
22
22
22
21
22
22
22
22
20
22
22
22
22
22
22
22
22
22
22
23
22
22
22
23
23
23
23
23
23
23
23
23
27
23
27
24
22
22
22
24
22
24
24
24
24
24
22
24
24
24
24
22
24
24
24
24
23
24
24
24
24
24
24
28
24
23
25
25
18
25
25
25
23
25
25
25
25
25
25
25
25
25
25
25
25
26
25
27
26
26
25
26
26
26
26
27
26
27
27
27
27
27
27
28
24
28
28
32
28
28
28
28
31
29
29
29
29
29
29
30
30
29
30
30
30
30
29
30
30
29
30
30
28
28
31
31
31
31
31
31
32
32
32
32
33
60
34
34
34
34
34
35
35
38
34
36
38
35
38
38
38
40
38
40
38
38
39
39
39
41
41
39
39
40
40
40
69
41
41
41
41
41
41
42
42
41
41
42
42
42
42
42
69
42
42
69
42
43
43
43
43
43
43
43
43
43
43
46
43
46
69
44
69
44
44
49
44
44
47
45
46
46
46
46
46
46
46
46
46
47
45
48
48
48
48
49
49
47
49
49
49
49
50
49
75
49
49
53
50
50
50
52
51
51
52
52
52
52
55
52
53
53
53
53
53
53
53
53
54
54
55
51
30
56
56
56
56
56
56
56
56
57
57
57
57
57
58
30
58
58
58
58
58
59
59
61
59
59
60
60
60
60
61
61
61
61
61
61
61
61
58
61
61
61
61
61
61
63
62
62
62
61
61
63
63
63
63
66
64
64
64
64
64
64
64
65
64
65
65
65
65
66
63
66
65
66
66
66
66
66
66
68
67
67
67
67
67
67
67
67
67
67
67
67
67
67
67
67
71
68
68
68
68
67
68
68
68
68
69
69
69
69
68
71
69
69
69
66
70
70
70
70
70
70
71
71
67
71
71
70
71
71
71
71
71
71
71
71
71
71
72
72
72
72
72
75
72
73
73
73
73
73
73
73
72
74
74
74
74
75
75
75
75
75
75
76
76
76
76
76
10
53
74
30
77
3
4
22
22
21
20
23
26
18
18
16
13
6
6
3
22
24
22
7
8
28
28
28
28
46
49
46
45
42
40
68
68
68
67
66
67
56
37
68
38
38
38
38
40
41
41
36
36
23
23
27
23
27
23
27
27
28
28
28
28
8
29
29
51
32
32
34
35
35
59
60
61
60
34
60
59
59
29
30
34
34
29
31
29
29
30
30
69
28
34
26
8
24
44
69
61
58
28
29
30
31
29
29
30
38
5
68
42
76
56
