1
1
1
1
1
1
1
1
1
1
1
1
2
2
2
2
2
2
2
2
2
2
2
2
2
77
77
77
77
77
1
77
77
77
77
77
77
77
77
77
77
77
3
77
3
3
3
3
3
3
3
3
3
4
4
4
4
4
4
4
4
4
4
5
5
5
5
5
5
5
5
5
5
5
5
22
6
6
6
6
6
6
6
6
6
6
6
6
6
6
6
6
6
6
6
6
6
7
6
7
6
6
7
6
6
7
6
7
7
7
7
7
7
7
7
7
7
7
7
7
7
7
8
8
7
8
8
8
8
8
8
8
8
8
8
8
8
32
8
32
8
8
8
9
9
9
10
10
10
10
10
10
10
11
11
11
11
11
11
10
12
12
12
13
13
13
14
14
14
14
14
14
14
14
14
14
16
15
15
11
15
15
15
15
15
15
15
15
15
15
16
16
16
16
16
16
16
5
16
16
21
16
20
20
16
15
17
17
17
17
17
17
17
17
17
19
18
19
19
19
19
19
19
19
19
19
19
20
19
19
19
18
19
20
20
20
19
20
21
21
21
21
21
21
21
21
21
22
22
22
22
22
22
20
20
22
22
22
22
22
22
22
22
22
22
24
22
22
23
23
23
23
23
23
23
23
23
23
23
23
23
24
24
24
24
24
24
24
24
24
24
24
24
24
24
24
24
24
24
24
23
24
23
23
24
24
24
28
24
24
24
25
25
25
25
25
25
25
25
25
25
25
25
25
25
23
25
25
25
25
25
25
25
26
26
26
26
26
26
26
26
26
26
27
27
27
27
29
27
28
28
28
28
28
28
28
28
28
28
29
29
29
29
29
29
30
30
30
30
30
30
30
30
30
30
30
30
30
31
28
31
31
31
31
31
31
32
32
32
33
33
34
34
34
34
35
35
35
35
35
38
36
36
38
38
38
38
38
38
38
38
38
39
39
39
39
39
39
39
40
40
40
40
41
39
41
41
41
41
41
41
41
41
42
42
41
42
40
42
42
42
42
42
43
43
43
43
43
43
43
43
43
43
43
43
46
45
45
44
44
44
44
44
45
47
45
46
46
46
46
46
46
48
46
48
47
45
48
48
48
48
49
49
49
49
49
49
49
49
49
49
49
53
49
50
50
50
52
51
51
46
52
52
55
55
52
53
53
75
53
53
53
53
53
54
54
55
55
56
56
56
56
56
56
56
56
64
57
57
57
57
57
58
58
30
58
58
58
58
58
58
59
61
60
60
60
60
60
61
61
61
61
61
61
61
61
61
63
61
61
61
61
61
62
62
62
62
63
58
63
63
63
63
63
64
64
64
64
64
64
64
65
65
65
66
65
65
66
63
66
66
66
66
66
66
67
66
67
61
67
67
67
67
67
67
67
67
67
67
67
67
67
67
67
67
68
68
68
68
68
68
68
68
69
69
42
69
69
69
68
69
69
69
66
65
70
70
65
70
70
70
71
71
71
71
71
71
44
44
44
71
71
71
71
71
71
72
72
72
72
72
72
72
73
73
73
71
73
49
73
72
74
74
74
74
75
72
75
75
75
75
76
76
76
76
76
10
53
75
30
1
3
4
22
22
21
20
25
29
18
18
15
13
6
6
6
22
22
22
7
7
28
28
28
28
46
73
43
45
42
40
68
68
68
67
66
63
56
37
37
37
38
38
38
41
41
39
39
36
23
23
27
27
27
27
27
27
28
28
28
28
8
29
29
51
32
32
35
35
38
60
60
60
60
60
31
59
59
30
30
35
34
31
31
29
29
29
29
69
28
35
23
8
24
44
69
61
58
28
29
29
31
29
29
30
38
5
61
42
76
56
