1
2
1
1
1
1
77
77
1
2
1
2
2
2
4
2
2
13
4
13
13
4
4
4
2
77
77
77
77
77
77
77
77
77
77
77
77
77
77
3
77
77
3
3
3
3
3
3
3
3
3
3
3
4
4
4
4
4
4
4
4
4
4
5
5
16
5
5
5
5
5
5
5
5
5
5
3
6
6
6
6
3
6
6
6
6
6
6
6
6
6
6
6
6
6
6
6
6
6
7
6
6
6
7
7
6
6
7
7
7
7
7
7
7
7
7
7
7
7
7
7
7
7
7
8
8
8
7
7
7
8
8
32
8
32
32
32
8
32
8
8
24
24
9
9
10
10
10
10
10
76
10
10
11
10
11
11
11
11
12
12
12
12
12
14
13
14
14
14
14
12
14
14
14
14
14
14
15
15
15
15
15
17
15
15
15
15
15
15
15
14
16
16
16
14
16
16
16
5
16
16
16
16
16
16
17
17
17
17
17
76
17
17
17
17
19
18
19
19
15
19
19
19
19
19
19
19
20
20
19
19
19
19
20
20
20
20
20
5
16
16
20
16
20
5
5
5
5
5
5
22
22
20
20
20
20
22
22
22
22
22
22
22
22
23
23
23
23
23
23
23
23
23
23
23
23
23
23
23
23
27
24
24
24
24
24
24
23
24
24
24
24
24
24
24
24
24
24
24
24
24
24
24
23
24
24
24
24
24
24
28
25
19
25
25
25
19
25
23
25
19
25
25
25
25
23
25
25
25
25
29
29
29
29
29
23
25
29
23
26
29
29
29
29
27
27
27
27
27
32
28
27
27
32
28
28
28
28
28
29
29
29
29
29
29
30
30
30
30
30
30
30
30
30
30
30
30
30
28
28
28
31
31
28
28
31
32
8
28
33
34
34
35
34
34
35
35
35
35
35
35
36
38
38
34
38
38
38
38
38
38
38
39
39
39
39
39
39
39
40
40
40
40
41
41
41
41
41
41
41
41
41
42
42
42
42
42
42
42
42
42
42
42
43
43
69
43
43
43
43
43
43
43
43
43
43
45
44
44
44
69
44
44
44
47
45
46
46
46
46
46
46
46
46
52
47
48
48
48
48
48
49
49
49
49
49
49
50
49
49
49
49
49
49
50
50
50
52
48
51
52
52
52
52
52
55
49
49
53
53
49
53
53
53
54
54
54
54
30
56
56
56
56
56
56
56
56
57
57
57
62
57
58
30
58
58
58
58
58
58
58
59
59
59
60
60
60
60
61
61
61
61
61
61
61
61
58
67
61
67
61
61
61
62
62
62
62
58
62
62
63
63
63
62
64
64
64
64
64
64
64
65
65
65
65
65
65
66
66
66
66
66
66
66
66
70
66
67
67
67
67
67
67
67
67
68
67
67
67
67
67
67
67
71
67
67
68
68
68
67
68
67
67
69
69
69
69
69
69
69
69
69
69
70
70
70
70
70
70
70
70
71
71
71
71
71
71
71
71
71
71
71
70
71
71
71
72
72
72
72
72
75
72
73
71
73
72
73
73
73
73
74
74
74
72
72
75
72
75
75
75
76
76
76
76
76
10
53
72
30
1
3
4
5
22
21
20
23
29
19
25
16
13
6
6
6
5
22
23
22
7
28
28
32
28
52
73
43
45
42
40
68
61
61
67
66
58
56
37
40
38
38
38
39
40
41
39
36
36
23
23
27
27
27
23
27
27
27
28
28
28
8
29
29
51
28
32
35
35
35
59
60
60
60
60
31
58
59
30
30
35
34
29
30
29
29
29
30
69
28
34
23
8
24
44
40
61
58
28
29
29
31
29
30
30
38
5
61
42
76
64
