1
1
1
1
1
1
1
1
1
2
1
2
2
13
2
2
2
13
13
13
13
2
2
2
2
77
77
77
1
77
4
4
77
77
77
77
77
77
77
77
77
77
4
4
4
3
3
3
3
3
4
4
3
4
4
4
4
4
4
4
4
4
4
5
5
5
5
5
5
5
5
5
5
5
5
5
4
4
5
6
6
3
6
6
6
5
5
5
6
6
6
6
6
5
5
5
5
5
5
5
6
6
6
7
6
7
7
7
7
7
7
7
7
7
7
21
22
7
7
7
7
7
8
8
22
8
8
8
7
8
8
32
32
8
32
33
33
33
33
32
32
8
8
9
9
9
10
12
10
10
76
10
10
11
10
11
11
11
11
12
12
12
12
13
12
13
13
14
14
14
14
14
14
14
14
14
14
11
11
11
15
15
15
15
15
15
20
15
15
15
16
16
16
16
16
16
16
16
16
16
21
16
16
16
16
17
17
17
17
76
76
17
17
18
17
17
18
20
20
20
18
18
18
19
20
19
20
20
20
19
19
18
19
20
20
20
20
20
21
21
21
21
21
21
21
21
21
21
21
22
22
21
21
21
20
20
22
21
22
22
21
21
22
22
22
22
22
22
20
23
23
23
23
23
23
23
23
23
23
27
27
22
22
22
24
22
22
24
24
24
24
24
24
24
24
28
24
24
24
24
24
24
23
23
23
28
28
28
28
28
24
19
19
19
18
25
25
25
23
25
26
25
25
26
25
23
26
26
25
25
27
27
26
27
27
26
23
26
26
26
27
27
27
27
27
27
27
27
27
28
28
31
31
28
27
27
31
28
28
29
29
29
29
29
29
30
30
30
30
30
30
31
30
31
30
31
31
31
31
31
31
31
31
31
31
31
32
33
33
33
33
34
34
34
34
35
33
35
35
35
35
36
38
38
34
38
38
40
38
40
38
38
36
36
39
39
39
39
39
40
40
40
40
41
41
40
41
41
41
41
41
42
41
42
42
40
40
40
40
42
42
42
43
43
43
43
43
43
45
43
45
43
45
43
43
46
45
45
45
44
44
44
44
44
44
45
46
46
46
46
46
46
46
46
48
47
48
48
48
48
48
49
49
49
49
49
49
50
50
49
75
75
49
49
50
50
50
51
51
51
52
52
52
52
52
50
53
53
75
53
53
53
53
53
54
54
55
55
56
56
56
56
56
56
56
56
56
57
57
57
57
57
59
58
31
57
58
58
58
58
58
59
59
59
60
32
60
60
61
61
61
68
61
61
61
61
57
61
61
61
61
61
68
62
62
62
62
57
63
63
63
63
63
63
64
64
64
64
64
64
64
65
65
65
65
65
65
66
66
66
65
66
66
65
66
66
66
67
67
67
67
67
67
67
67
68
67
67
67
67
67
67
67
67
67
68
68
68
68
68
68
68
68
68
69
69
69
69
69
68
44
69
69
70
70
70
70
70
70
70
72
71
71
71
70
71
71
71
71
68
71
71
71
71
49
49
72
72
72
72
74
72
72
73
73
73
73
73
73
73
75
74
74
74
74
75
75
75
74
75
75
76
76
76
76
76
10
53
74
31
1
3
4
21
22
21
20
25
27
18
18
11
13
5
5
3
22
22
22
21
22
31
28
28
28
46
49
45
45
42
40
68
68
68
67
66
57
56
37
68
40
38
38
40
40
41
41
36
36
23
23
27
27
27
27
27
27
28
31
31
31
8
29
29
50
33
32
33
35
35
60
60
60
60
60
60
59
59
31
30
33
34
31
31
29
29
29
30
69
32
35
23
8
24
44
69
61
57
31
29
31
32
29
29
31
40
5
68
42
76
56
