1
1
1
1
1
2
2
1
2
2
1
2
13
13
4
2
2
4
4
13
13
13
4
4
2
77
1
1
1
2
2
77
77
77
77
77
77
77
3
77
3
4
4
3
77
3
3
77
77
3
4
3
3
4
14
4
4
14
4
14
14
14
4
5
5
5
16
5
5
5
16
5
5
5
5
5
3
6
6
3
3
6
6
3
3
6
6
6
6
6
6
6
6
6
5
5
5
5
7
7
6
6
6
6
7
7
7
7
6
7
7
7
7
7
7
7
5
5
5
7
7
7
24
7
24
8
8
8
7
24
8
8
8
8
8
32
8
8
32
32
8
32
24
9
9
10
10
10
10
76
10
10
11
11
11
11
11
11
11
11
12
12
12
13
12
13
14
14
12
14
12
12
12
14
14
14
14
15
11
15
15
11
17
15
15
15
19
15
19
15
16
16
16
14
16
14
16
16
16
16
16
16
20
20
20
17
15
17
17
76
76
17
17
17
17
17
18
19
15
19
19
15
19
19
19
19
15
19
19
19
19
19
18
20
20
20
20
20
21
20
20
20
16
20
22
16
16
16
22
22
20
20
20
20
20
20
22
22
22
22
22
22
22
22
24
24
22
20
20
20
20
20
20
23
23
23
23
23
23
23
23
24
24
22
24
24
24
23
24
24
24
22
24
24
24
24
24
24
24
24
24
24
24
24
28
28
24
28
28
28
28
19
18
18
18
25
25
25
25
25
26
25
25
26
26
25
25
26
25
25
26
26
26
27
27
27
25
26
27
27
29
29
27
27
29
27
27
27
29
28
28
28
28
32
27
27
28
27
27
29
29
30
29
29
29
29
30
29
30
29
29
30
30
30
30
29
30
30
28
28
28
31
31
27
27
30
32
8
32
33
28
34
34
34
34
36
35
36
35
35
35
35
36
35
35
38
38
40
40
40
38
38
36
39
36
40
39
39
39
41
40
41
40
39
39
40
41
41
41
39
41
41
41
41
42
41
41
42
40
42
42
69
42
42
43
69
69
43
43
42
43
43
43
43
43
46
45
45
69
69
44
44
69
69
47
45
52
43
52
43
48
45
48
52
52
47
51
51
51
48
48
47
49
49
49
73
49
51
49
49
49
49
49
49
47
51
54
51
51
51
52
52
51
52
50
51
49
53
75
75
53
53
53
54
54
54
55
54
56
56
56
56
56
56
56
56
64
57
56
57
57
57
58
58
57
57
57
58
58
61
63
59
61
60
60
60
59
60
61
61
61
61
61
63
63
63
63
61
61
61
61
68
68
57
62
62
62
63
62
62
63
63
63
62
62
64
64
64
64
64
62
65
62
62
65
65
65
65
65
65
65
70
67
70
70
67
70
61
61
67
67
61
61
67
67
67
67
67
61
67
67
67
67
67
71
61
67
68
68
68
71
71
68
68
69
69
69
69
71
69
69
69
69
70
65
65
70
70
70
70
72
71
71
71
71
71
71
71
71
49
49
71
72
73
71
71
72
72
75
75
75
75
75
71
73
73
73
73
73
73
73
74
74
74
74
75
75
75
74
75
49
76
76
76
76
76
76
75
74
56
2
77
4
5
22
16
20
19
27
19
18
16
14
6
6
3
22
5
22
5
5
27
28
28
27
48
49
43
45
42
40
61
68
68
67
66
63
56
37
40
40
38
35
35
40
41
41
36
36
23
27
23
27
29
27
29
27
28
27
28
28
8
29
29
51
32
32
36
36
36
59
60
60
60
60
60
59
59
30
30
35
34
30
59
29
29
29
29
69
28
35
23
24
24
44
69
61
62
27
29
27
28
27
29
30
40
16
61
42
76
64
