1
1
1
1
77
1
1
77
77
1
1
1
1
1
2
1
1
2
1
2
2
4
1
4
77
77
77
77
77
77
77
77
77
77
77
77
3
3
3
77
77
77
3
3
3
3
3
3
3
3
3
3
3
4
4
4
4
4
4
4
4
4
4
4
4
4
16
4
7
7
16
16
16
7
7
7
6
6
6
6
6
6
6
6
6
6
6
6
6
6
6
6
6
6
6
6
6
6
6
6
6
6
6
6
6
6
6
7
7
7
7
7
7
7
7
7
7
7
7
7
7
7
7
7
8
8
8
8
8
8
8
8
8
8
8
8
8
8
8
8
8
8
8
9
10
10
10
10
10
10
10
10
10
11
15
15
15
11
15
12
12
12
12
2
13
2
14
14
14
14
14
14
16
14
14
14
14
15
15
15
15
15
15
15
15
15
19
19
19
19
16
16
16
16
14
16
16
16
16
16
16
16
16
16
16
17
17
17
17
17
17
17
17
18
17
17
18
19
19
19
19
19
19
19
19
19
19
19
19
25
25
25
19
19
20
20
20
20
16
21
21
20
21
21
16
21
21
21
21
21
22
21
22
20
22
22
23
22
22
22
22
22
22
24
22
22
22
23
22
23
23
23
23
25
23
23
23
23
23
23
23
24
22
24
24
24
24
24
24
24
24
24
24
24
24
24
24
24
24
24
24
24
24
24
24
24
24
24
24
24
24
25
25
25
19
25
25
25
23
25
25
25
25
25
25
25
25
25
25
25
25
25
25
23
23
23
25
29
26
26
26
27
29
27
27
27
27
27
27
28
28
27
28
28
28
28
28
28
28
29
29
29
29
29
29
30
30
30
30
30
30
30
30
30
30
30
30
30
28
28
28
31
31
28
28
28
8
32
8
33
34
34
34
34
34
35
35
35
35
35
35
36
38
38
38
35
38
38
38
38
40
38
39
39
39
41
39
39
39
40
40
40
69
41
41
41
41
41
41
41
41
41
41
42
42
42
42
42
69
42
42
42
43
43
42
43
43
43
43
43
43
43
43
46
43
43
44
44
44
44
44
44
44
44
44
45
46
46
46
46
46
46
46
46
46
50
48
47
47
48
51
49
44
49
49
49
49
49
49
49
49
49
49
49
50
51
51
51
51
51
46
52
52
46
46
52
53
53
53
53
53
53
53
53
54
53
52
55
56
56
56
56
56
56
56
56
56
57
57
57
57
57
58
58
58
58
58
58
58
59
58
59
59
59
60
60
59
60
58
61
61
61
61
61
58
58
61
61
61
61
61
61
68
62
62
62
62
63
58
62
58
63
63
63
64
64
64
64
64
64
64
65
64
65
65
66
65
63
63
66
66
66
66
66
66
66
66
67
67
67
67
67
67
67
67
67
67
67
67
67
67
67
67
67
67
68
67
67
67
67
67
69
67
69
69
69
69
69
69
69
69
69
69
70
70
70
70
70
70
70
70
69
71
71
71
70
71
71
71
71
71
71
71
71
71
71
73
73
72
72
72
72
72
73
73
73
73
73
73
73
73
75
74
74
74
73
73
75
75
75
75
76
76
76
76
76
10
53
75
30
77
3
3
7
22
21
20
25
25
19
19
15
2
5
6
6
22
7
22
7
7
28
28
28
28
51
49
43
43
42
40
40
68
67
67
66
63
56
37
37
38
38
35
38
40
41
41
36
36
23
23
27
27
27
28
27
27
28
28
28
28
8
29
29
51
8
8
35
35
35
60
60
60
60
60
34
59
59
30
30
35
34
30
59
29
29
29
30
69
28
35
23
8
24
44
69
61
58
28
29
30
31
29
29
30
38
16
61
42
76
56
