1
1
1
1
1
1
1
1
1
1
1
2
2
2
13
2
2
13
2
4
13
2
2
4
4
77
77
77
77
77
77
77
77
77
77
77
77
77
77
77
77
77
3
77
77
3
3
3
3
3
3
3
3
4
4
4
4
4
4
4
4
4
4
5
5
5
5
5
5
5
5
5
5
5
5
22
3
5
6
6
3
3
6
6
6
6
6
6
6
6
6
6
7
6
5
5
6
6
6
7
6
6
6
6
6
7
6
7
7
7
7
7
7
7
7
7
7
7
7
7
7
7
7
7
7
7
8
8
8
7
8
8
8
8
8
8
8
8
8
8
8
8
8
9
9
10
10
9
10
10
10
10
10
11
11
11
11
12
11
12
12
12
12
13
12
13
14
14
14
14
14
16
14
14
14
14
14
15
15
15
15
11
15
17
15
15
15
15
15
15
16
16
16
16
16
16
16
16
16
16
16
16
16
16
16
17
17
17
17
76
17
17
17
17
17
15
18
20
19
19
19
19
19
19
19
19
19
19
19
19
19
19
19
20
20
20
20
20
21
16
21
21
22
22
22
5
5
22
22
22
22
22
22
20
20
20
20
20
22
22
22
22
22
22
22
22
22
22
22
23
23
23
23
23
23
23
23
23
23
23
23
24
24
24
22
24
24
24
24
24
24
24
24
24
24
24
24
24
24
24
24
24
24
24
24
24
24
24
24
24
24
25
19
25
18
25
25
25
23
23
23
25
25
25
25
23
25
25
25
25
25
25
26
27
26
26
26
26
26
26
26
27
29
27
27
27
27
27
29
28
27
27
28
28
27
29
29
28
31
29
29
29
29
30
29
30
30
29
30
30
30
30
30
30
30
30
30
30
28
31
28
28
31
31
31
31
32
8
33
34
34
34
35
34
38
34
35
36
35
35
38
36
38
35
38
38
38
38
38
40
38
38
39
39
39
39
39
39
39
40
40
40
42
41
39
41
41
41
41
41
41
41
42
42
42
41
42
42
42
42
42
42
43
42
43
43
43
43
43
43
43
43
46
43
43
46
44
44
44
44
44
44
44
44
44
45
46
43
46
43
46
46
46
46
46
47
48
48
48
51
48
49
49
49
49
49
49
49
49
49
49
49
49
53
50
50
50
48
48
51
52
52
51
52
52
51
53
53
53
53
53
53
53
53
54
51
55
54
56
56
56
56
56
56
56
56
56
57
56
57
58
57
58
58
58
57
58
58
58
59
58
59
59
60
60
60
60
34
61
61
61
61
61
61
61
61
61
61
67
61
67
61
61
62
56
62
62
63
63
63
63
63
63
62
56
64
64
64
64
64
65
65
65
65
65
65
65
66
63
63
66
66
66
66
66
66
66
67
67
67
67
67
67
67
67
68
67
67
67
67
67
67
67
67
67
68
68
68
68
67
68
68
71
69
69
69
69
69
69
69
44
69
69
70
70
70
70
70
70
70
70
71
71
71
71
70
71
71
71
44
71
71
70
72
71
49
72
72
72
72
74
74
72
73
73
73
72
73
73
73
73
74
74
74
74
75
75
74
75
75
75
76
76
76
76
76
10
53
75
30
2
3
4
22
22
21
20
25
29
19
18
15
13
6
6
6
22
24
22
7
7
28
28
28
28
46
49
43
45
42
40
69
68
68
67
66
66
56
37
61
38
38
38
38
40
41
41
38
36
23
23
27
27
29
27
29
29
27
28
28
29
8
29
29
51
33
8
35
35
35
60
60
60
60
60
34
59
60
30
30
34
34
59
59
29
29
29
30
69
28
34
23
7
24
44
69
61
58
29
29
29
28
29
29
30
38
5
61
42
76
56
