1
1
1
1
1
1
1
1
1
1
1
2
2
2
2
2
2
2
2
4
2
4
2
4
2
77
77
77
77
77
77
4
77
77
77
77
77
77
77
77
77
77
4
3
3
3
3
3
3
3
4
4
3
4
4
4
4
4
4
4
4
4
4
5
4
5
5
5
5
5
5
5
5
5
5
5
6
6
5
5
6
6
6
6
3
6
6
6
7
6
6
6
6
6
5
5
5
6
6
6
6
6
7
6
6
6
6
7
7
7
7
7
7
7
5
5
7
7
7
7
7
7
7
7
7
8
8
8
8
8
32
8
8
8
32
8
8
32
8
32
32
8
8
9
9
9
10
12
10
10
76
10
10
11
10
11
11
11
11
12
12
12
12
12
13
13
14
13
14
14
14
14
14
14
14
14
14
15
11
11
15
15
15
15
15
15
15
15
15
15
16
16
16
16
16
16
16
16
5
5
16
16
16
16
21
17
17
17
17
76
17
17
17
18
17
17
18
20
19
19
17
19
19
19
19
19
19
20
19
19
19
19
19
20
20
20
20
20
21
21
21
21
21
21
21
21
21
21
21
22
21
21
22
20
20
22
22
22
22
22
22
22
22
22
22
22
22
22
22
23
23
23
23
23
23
23
23
23
23
23
26
24
22
24
22
22
24
24
24
24
24
24
24
24
24
28
24
24
24
24
24
24
24
23
24
24
24
24
28
28
28
23
19
25
18
25
25
25
25
25
25
25
25
25
26
26
26
25
25
25
26
26
26
26
23
26
26
26
26
26
26
26
26
26
27
27
27
27
27
28
28
27
27
28
27
28
28
28
28
29
29
29
29
29
29
30
30
30
30
30
30
31
30
30
30
30
30
30
31
31
31
31
31
31
31
31
32
32
32
32
33
34
34
34
34
35
33
35
35
38
35
36
38
38
35
38
38
38
38
38
38
40
36
39
39
39
39
39
39
40
40
40
40
41
40
40
41
41
41
41
42
41
41
42
42
41
42
40
42
42
42
42
43
42
43
43
43
43
43
42
43
43
46
43
43
43
45
45
44
44
44
44
44
44
44
45
46
46
46
46
46
46
46
46
46
47
48
48
48
48
48
44
49
49
49
49
49
50
49
49
49
53
49
49
50
50
50
51
51
51
52
52
52
52
52
52
53
53
75
53
53
53
53
53
54
54
55
55
56
56
56
56
56
56
56
56
56
57
57
57
57
57
58
58
58
58
58
58
58
58
58
59
59
59
60
60
60
60
61
61
61
68
61
61
61
61
61
61
61
61
61
61
68
62
62
62
62
63
63
63
63
63
63
63
64
64
64
64
64
64
64
65
65
65
65
65
65
66
63
66
66
66
67
66
66
66
66
67
67
67
67
67
67
67
67
67
67
67
67
67
67
67
67
67
67
67
68
68
68
68
68
68
68
40
69
69
69
69
69
69
69
69
69
70
70
70
70
70
70
70
72
71
71
71
71
71
71
71
71
71
71
71
70
71
71
71
72
72
72
72
75
72
72
73
73
73
73
73
49
73
73
74
74
74
74
75
75
75
75
75
75
76
76
76
76
76
10
53
75
58
1
3
4
5
22
21
20
23
26
19
18
16
13
5
3
3
22
22
22
7
7
28
28
28
28
46
49
43
45
42
40
40
68
68
67
66
63
56
37
40
38
38
38
38
40
41
40
36
36
23
23
27
27
27
23
27
27
28
28
28
28
8
27
29
51
32
32
33
35
35
60
60
60
60
60
60
59
59
31
30
33
34
31
31
29
29
29
29
69
28
35
23
8
24
44
40
61
58
28
29
29
31
29
30
30
40
5
61
42
76
56
