1
1
1
77
77
1
1
77
1
2
1
1
1
1
2
2
1
13
2
2
13
2
2
4
4
77
77
77
77
77
77
77
77
77
77
77
77
77
77
3
77
77
3
3
3
3
3
3
3
3
3
3
3
4
2
2
2
2
4
14
14
5
5
4
4
5
5
5
5
5
5
5
5
5
5
22
6
6
6
6
6
6
6
6
6
6
6
6
6
6
6
6
6
6
6
6
6
6
6
6
6
6
7
6
6
6
6
7
7
7
7
7
7
7
7
7
7
7
7
7
7
7
7
7
7
8
8
8
7
8
8
8
8
8
8
8
8
8
32
8
32
8
8
9
9
12
10
12
10
10
10
10
10
10
10
11
11
11
11
12
12
12
12
13
14
13
2
14
14
14
14
16
14
14
14
14
14
15
15
15
15
11
15
15
15
15
15
15
19
15
16
16
16
16
16
16
16
16
16
16
16
16
16
21
16
17
17
17
17
17
76
17
17
17
17
19
18
19
19
19
19
15
19
19
19
19
19
20
20
19
19
19
19
21
20
20
20
20
21
21
21
22
21
22
21
22
21
21
22
22
22
22
22
20
20
20
22
22
22
22
22
22
22
22
24
22
22
22
22
23
23
23
20
23
23
23
23
23
23
23
23
24
24
24
24
24
24
24
24
24
24
24
24
24
24
24
24
24
24
24
24
24
23
24
28
24
24
24
24
24
24
25
19
25
19
25
25
25
23
23
25
25
25
25
23
25
25
25
25
25
25
25
26
27
23
23
25
26
23
23
27
26
26
26
27
27
27
27
27
28
28
27
28
28
28
28
28
28
28
29
26
29
29
30
29
30
30
30
30
30
30
30
30
30
30
30
30
30
28
28
28
28
60
28
60
31
32
8
32
33
35
34
34
34
35
35
35
35
35
35
35
36
39
39
35
38
38
38
38
40
38
38
39
39
39
41
41
39
39
40
40
40
40
41
39
40
41
41
41
41
42
42
41
42
41
42
42
42
40
42
42
42
42
43
43
43
43
42
42
43
43
43
43
43
43
52
44
44
69
69
44
44
44
44
49
45
52
46
46
43
46
46
46
52
48
47
48
48
48
48
48
49
49
49
49
49
49
50
50
49
49
53
49
49
50
50
50
51
48
50
52
51
52
52
52
52
49
53
53
53
53
53
53
53
54
54
51
55
56
56
56
56
56
56
56
56
56
30
57
57
57
57
59
58
58
58
58
58
58
58
61
59
59
61
60
60
60
60
61
61
61
61
61
61
61
61
57
61
61
61
61
61
61
57
62
62
62
61
63
63
63
63
66
66
56
64
64
64
64
64
64
65
56
64
65
65
70
66
66
66
65
66
66
66
65
66
65
67
67
67
67
67
67
67
67
67
67
67
67
66
67
67
67
67
67
68
67
68
68
67
68
68
68
69
69
69
69
69
69
71
69
69
44
71
70
70
70
71
70
70
70
71
71
67
71
71
71
67
71
71
71
71
71
71
71
71
72
72
72
72
74
74
74
73
73
73
73
73
73
73
73
74
74
74
75
75
75
75
75
75
75
76
76
76
76
76
10
53
75
30
1
3
4
22
22
21
20
23
25
19
18
15
13
6
6
6
22
22
22
7
7
28
28
28
28
52
49
44
45
42
61
61
68
68
67
63
63
56
37
40
38
38
38
39
40
41
41
36
36
23
23
27
27
27
28
27
27
28
28
28
28
7
29
29
51
32
32
35
35
35
60
60
60
60
34
60
59
59
30
30
35
34
59
59
29
29
29
29
69
28
35
23
8
24
71
69
61
57
28
26
29
60
29
29
30
39
5
61
42
76
56
