1
1
1
1
1
1
1
1
1
1
1
1
2
2
2
2
2
2
2
13
2
4
4
2
2
77
77
77
77
77
77
77
77
77
77
77
77
77
77
77
77
77
77
3
3
3
3
3
3
3
3
3
3
4
4
4
4
4
4
4
4
4
4
5
4
4
5
5
5
5
5
5
5
5
5
21
3
5
6
6
6
6
6
6
6
6
6
6
6
6
6
6
6
6
6
6
6
7
6
6
6
6
7
6
6
6
6
7
7
7
7
7
7
7
7
7
7
7
7
7
7
7
7
8
8
8
8
8
8
8
8
8
8
8
8
8
8
8
8
8
32
8
8
9
9
9
10
10
10
10
10
10
10
11
11
11
11
11
11
12
12
12
11
13
13
13
14
13
14
14
14
14
14
14
14
14
14
16
15
15
15
15
15
15
15
15
15
19
15
15
16
16
16
16
16
16
16
16
16
16
16
16
16
16
16
17
17
17
17
17
17
17
17
17
17
17
18
19
19
19
19
19
19
19
19
19
19
19
19
19
19
19
19
20
20
20
20
20
21
16
16
21
21
21
21
22
21
22
22
22
22
22
22
22
22
22
22
22
22
22
22
22
22
22
22
22
22
22
22
23
23
23
23
23
23
23
23
24
23
23
23
24
24
22
24
24
24
24
24
24
24
24
24
24
24
24
24
24
24
24
24
24
24
24
24
24
24
24
24
24
24
25
25
25
19
25
25
25
23
25
25
25
25
25
25
25
25
25
25
25
25
25
26
23
23
26
26
26
26
26
26
29
26
26
27
27
27
27
27
28
28
27
27
28
27
28
31
28
28
29
29
29
29
29
29
30
30
30
30
30
30
30
30
30
30
30
30
30
31
28
31
31
31
31
28
28
32
8
32
33
31
34
34
34
34
35
35
35
35
35
35
36
36
35
35
38
38
38
38
38
40
38
39
39
39
39
39
39
39
41
40
40
40
41
41
41
41
41
41
41
41
41
41
42
42
42
42
42
42
42
42
42
43
43
43
43
43
43
43
43
43
43
43
43
43
43
44
44
69
44
44
44
44
44
44
45
46
46
46
46
46
46
46
46
52
47
48
48
48
48
48
44
49
49
49
73
49
49
49
49
49
49
49
49
50
50
50
48
51
51
52
51
51
52
52
52
53
53
75
53
53
53
53
53
54
54
55
54
56
56
56
56
56
56
56
56
56
57
57
57
57
57
59
58
58
58
58
58
58
58
58
59
59
59
60
60
60
60
61
61
61
61
61
61
61
61
61
61
61
61
61
61
61
62
62
62
62
63
63
63
63
63
63
63
64
64
64
64
64
64
64
65
65
65
66
65
65
66
63
66
66
66
66
66
66
66
66
67
67
67
67
67
67
67
67
67
67
67
67
66
67
67
67
67
67
67
67
68
68
68
68
71
71
69
69
69
69
69
71
69
69
69
69
70
65
70
70
70
70
70
70
69
71
71
71
71
71
71
71
71
71
71
71
71
71
71
72
72
72
72
72
72
75
73
73
73
73
73
73
73
73
74
74
74
75
75
75
75
75
75
75
76
76
76
76
76
10
53
75
30
1
3
3
21
22
21
23
25
25
19
18
16
13
6
6
6
22
22
22
7
7
31
28
28
31
46
49
46
45
69
40
69
68
68
67
66
63
56
37
69
38
38
38
38
40
41
41
36
36
23
23
23
23
27
27
27
27
28
28
31
28
8
27
29
51
32
32
35
35
35
60
60
60
60
60
60
59
59
30
30
35
35
28
30
29
29
29
30
69
31
35
23
8
22
44
69
61
58
28
29
29
31
29
29
30
39
4
61
42
76
56
