1
2
2
1
1
1
1
1
1
1
1
2
2
2
13
2
2
13
2
13
13
13
4
4
1
77
77
77
77
77
77
77
77
77
77
77
77
77
3
77
77
77
3
3
3
3
3
3
3
3
3
3
3
4
4
13
4
4
4
4
4
4
4
4
5
5
5
5
5
5
5
5
5
5
5
5
3
6
6
6
6
6
6
6
6
6
6
6
6
6
6
6
6
6
6
6
6
6
6
6
7
6
6
6
6
7
6
7
7
7
7
7
7
7
7
7
7
7
7
7
7
7
7
7
7
8
8
8
8
8
8
8
8
7
8
8
8
8
8
8
32
32
8
9
9
9
10
10
10
9
10
10
10
11
11
11
11
11
11
12
12
12
12
13
12
13
14
14
14
14
14
14
14
14
14
14
14
15
15
15
15
15
17
15
15
16
15
15
15
15
16
16
16
16
16
16
16
5
16
16
16
16
16
16
16
17
17
17
17
17
17
17
17
17
17
17
18
19
19
19
19
19
19
19
19
19
19
19
19
19
19
19
19
20
20
20
20
20
21
22
21
21
22
21
22
22
21
21
22
22
22
22
22
22
20
22
22
23
22
22
22
22
22
22
22
22
23
22
22
23
23
23
23
23
23
23
23
23
23
23
23
24
22
24
24
24
24
24
24
24
24
24
24
24
24
24
24
24
24
24
24
24
24
24
24
24
24
28
24
24
24
19
25
25
25
25
25
25
23
25
25
25
25
25
25
23
25
25
25
25
25
25
25
26
26
26
23
25
26
26
26
26
26
29
29
27
27
27
29
28
28
29
28
28
29
29
28
28
28
29
29
29
29
29
29
30
29
30
30
30
30
30
30
30
30
30
30
30
31
31
28
31
31
28
31
31
8
8
31
33
34
34
34
34
34
35
35
35
35
35
35
36
38
38
38
38
38
38
38
38
38
40
39
39
39
39
39
39
39
40
40
40
69
39
39
41
41
41
41
41
41
41
41
42
42
42
42
42
42
42
42
69
42
43
42
43
43
43
43
43
43
43
43
43
43
43
44
44
44
44
44
44
47
47
44
45
46
46
46
46
46
46
46
46
52
47
48
47
48
48
48
49
49
49
49
49
49
49
49
49
49
49
49
49
50
50
50
52
51
51
52
52
51
52
52
52
53
53
53
53
53
53
53
54
54
54
55
51
56
56
56
56
56
56
56
56
56
57
30
57
62
56
58
30
57
58
58
58
58
58
58
59
59
59
60
60
60
60
58
61
61
61
61
61
61
61
61
61
61
61
61
61
61
62
62
62
62
63
63
58
63
63
63
63
64
64
64
64
64
64
64
65
65
65
66
65
65
66
66
66
66
66
66
66
66
66
66
67
67
67
67
67
67
67
67
67
67
67
67
67
67
67
67
71
70
61
68
68
67
68
68
69
67
69
69
69
69
69
69
69
69
69
69
70
65
70
70
70
70
70
70
71
71
71
70
71
71
71
71
69
71
71
71
71
71
49
72
72
72
72
72
72
75
49
73
73
73
73
73
73
73
74
74
74
74
75
75
75
75
53
49
76
76
76
76
76
9
53
74
30
1
3
4
22
22
21
20
25
29
19
18
16
13
6
6
6
22
24
24
7
7
28
28
28
28
52
49
43
45
42
40
68
68
68
67
66
63
56
37
37
38
38
38
39
40
41
41
38
36
23
23
26
27
29
27
27
29
29
28
29
28
8
29
29
51
31
32
35
35
35
60
60
60
60
34
60
58
59
31
30
35
34
31
31
29
29
29
30
69
31
35
23
8
24
44
69
61
58
28
29
29
31
29
29
30
38
5
61
42
76
56
