1
1
1
1
1
1
1
1
1
1
1
2
2
2
2
2
2
13
13
13
13
2
2
2
2
77
77
77
77
77
2
77
77
77
77
77
77
77
77
77
77
77
3
3
3
3
3
3
3
3
3
3
3
4
4
4
4
4
4
4
4
4
4
4
5
5
5
5
5
5
5
5
5
6
5
5
3
6
6
6
6
6
6
6
6
6
6
6
6
6
6
6
6
6
6
6
6
7
7
6
7
6
6
6
6
6
7
7
7
7
7
7
7
7
7
7
7
7
7
7
7
7
7
7
7
8
8
8
8
8
8
8
8
8
8
8
8
8
8
8
8
8
8
9
9
9
11
12
10
10
10
10
10
11
11
11
11
11
11
12
12
12
12
12
14
13
14
14
14
14
14
14
14
14
14
14
14
15
15
11
15
11
15
17
15
15
19
15
15
15
16
16
16
16
16
16
16
16
16
16
16
16
16
16
16
15
17
17
17
17
17
17
17
17
17
17
18
19
19
19
19
19
19
19
19
19
19
19
19
19
19
19
19
20
20
20
20
20
21
22
21
21
21
22
21
22
21
21
22
21
22
22
22
22
23
22
23
22
22
22
22
21
22
22
22
22
22
23
20
23
23
23
23
20
23
23
23
23
23
23
23
24
22
24
24
24
24
24
24
24
24
24
24
24
24
24
24
24
24
24
24
24
24
24
24
24
24
24
24
24
24
25
19
25
18
25
25
25
23
25
25
25
25
25
25
25
25
25
25
25
25
25
25
27
27
23
26
26
23
26
26
27
26
27
27
27
27
27
27
31
27
27
27
31
27
27
27
28
28
29
29
29
29
29
29
30
30
30
30
30
30
30
30
30
30
30
30
30
31
31
28
28
28
28
31
31
32
8
32
32
33
34
34
34
34
35
35
36
35
35
35
38
38
38
38
38
38
38
38
38
38
40
39
39
39
39
39
39
39
40
40
40
40
41
41
41
41
41
41
41
41
41
41
42
42
42
42
42
42
42
42
42
42
43
42
43
43
43
43
43
43
43
43
43
43
46
44
44
44
44
44
44
44
44
44
45
46
46
46
43
46
46
46
46
46
47
48
48
48
48
48
49
49
49
49
49
49
49
49
49
49
49
49
49
50
50
50
51
51
51
51
51
51
52
52
51
49
53
53
53
53
53
53
53
54
54
55
54
56
56
56
56
56
56
56
56
56
57
56
57
57
57
58
58
57
58
58
58
58
58
58
61
61
59
60
60
60
60
61
61
61
61
61
61
61
61
61
61
61
61
61
61
61
62
62
62
62
63
63
63
63
63
67
63
64
64
64
64
64
64
64
65
65
65
65
65
65
66
66
66
66
66
66
66
65
67
65
67
67
67
67
67
67
67
67
67
67
67
67
67
67
67
67
67
67
67
67
69
68
68
68
71
68
69
69
69
69
69
69
69
69
69
43
70
70
70
70
70
70
70
70
71
71
71
71
71
71
71
71
71
71
71
70
73
71
71
72
72
72
72
74
72
72
73
73
73
73
73
73
73
73
74
74
74
74
75
75
75
75
75
75
76
76
76
76
76
10
53
75
30
2
3
4
22
22
21
20
25
25
19
18
15
13
6
6
6
22
7
22
7
7
28
31
31
31
46
49
43
45
42
40
68
67
68
67
66
67
56
37
37
37
38
38
38
40
41
41
38
36
23
23
27
27
27
27
27
27
27
28
28
27
8
29
29
54
32
32
35
35
35
59
60
60
60
60
60
59
59
30
58
35
34
31
31
29
29
29
30
69
31
35
23
8
24
44
42
61
58
28
29
29
31
29
29
58
38
22
61
42
76
56
