1
2
2
1
1
1
1
1
1
1
1
2
2
2
2
2
2
4
2
2
2
2
4
4
2
77
1
1
1
77
2
77
77
77
77
77
77
77
77
77
77
77
4
4
4
3
3
3
3
3
4
4
3
4
14
4
13
14
4
14
13
14
14
16
16
16
5
16
16
5
5
5
5
5
5
5
16
16
16
16
3
3
6
6
5
5
5
5
6
6
6
6
5
5
5
5
22
5
6
6
6
6
7
6
7
7
6
7
6
7
7
7
7
7
5
22
22
22
22
22
7
7
22
22
22
8
8
8
8
24
8
32
32
8
8
8
8
32
32
32
32
32
24
9
9
9
10
9
10
10
76
10
76
9
10
11
11
10
11
9
12
12
12
13
13
13
13
13
14
14
13
13
13
14
13
14
14
12
15
11
11
11
11
17
15
12
12
15
15
17
12
12
16
16
14
16
14
16
16
16
21
15
15
15
21
11
17
17
17
76
76
17
17
17
18
17
17
15
15
15
17
18
18
18
15
19
19
19
19
19
19
18
19
20
20
20
19
19
21
20
20
20
21
21
21
21
21
21
21
21
20
20
20
20
20
20
20
20
20
21
22
22
22
24
21
21
21
23
20
23
23
23
23
19
23
23
26
26
26
26
26
24
24
24
24
24
23
23
24
27
27
27
27
24
27
28
28
28
27
27
27
24
23
27
27
27
27
27
28
28
28
25
19
19
18
25
25
25
19
25
25
25
25
26
23
19
23
26
25
25
26
26
26
26
26
26
23
26
26
29
29
29
29
27
31
29
29
27
29
28
27
31
31
33
31
31
31
59
59
29
29
29
30
30
29
29
30
30
30
30
30
31
56
30
56
29
29
30
59
33
59
59
31
31
31
59
33
33
33
33
34
34
34
34
34
35
34
36
35
35
34
36
38
38
34
38
38
40
34
40
40
38
36
36
39
39
39
39
39
41
40
40
40
41
41
41
39
41
41
41
42
41
41
42
41
41
40
40
40
42
42
42
42
43
43
69
69
43
43
43
69
69
43
43
43
46
69
47
44
44
47
47
44
47
47
48
46
48
48
43
45
45
48
46
46
47
48
45
48
48
48
47
49
49
49
73
49
50
49
73
53
53
53
53
50
50
50
46
51
51
52
46
55
52
52
55
53
53
75
75
53
54
53
54
54
54
55
55
56
56
56
57
56
56
56
64
56
57
57
57
57
57
30
57
57
57
57
58
58
58
58
61
59
61
60
60
60
60
61
61
61
68
61
61
61
61
58
58
61
61
61
61
68
62
62
62
62
58
63
58
63
63
63
62
62
64
64
64
64
64
64
65
62
64
65
65
65
66
63
66
65
66
67
66
66
66
65
67
67
63
63
63
63
63
67
68
67
67
67
67
67
67
67
67
67
61
68
68
68
68
68
68
67
68
42
42
69
69
69
44
44
44
69
70
65
70
70
70
70
72
72
71
71
67
70
70
67
71
71
49
71
71
71
71
73
49
72
72
72
72
74
74
75
73
73
73
71
73
73
72
53
74
74
74
74
75
74
74
75
75
75
76
76
76
76
76
76
75
75
56
1
3
14
21
24
21
20
19
25
18
18
15
13
5
5
6
22
22
23
22
24
59
28
28
59
46
49
45
45
42
40
40
68
68
67
66
63
56
37
40
34
40
38
38
40
41
39
36
36
26
23
23
27
31
27
29
31
27
31
31
31
24
29
30
51
33
32
35
36
35
59
60
60
60
60
60
59
59
30
30
35
34
31
31
30
30
29
29
69
33
35
23
24
24
44
40
61
58
31
29
29
59
29
29
30
40
5
68
42
76
62
