1
2
1
1
1
1
1
1
1
1
1
2
2
2
2
2
2
2
2
13
13
13
2
4
2
77
77
77
77
1
77
77
77
77
77
77
77
77
77
77
77
77
77
3
3
3
3
3
3
3
4
3
3
4
4
4
4
4
4
4
4
4
4
5
5
5
5
5
5
5
5
5
5
5
5
5
6
6
6
3
3
6
6
6
3
3
3
6
6
6
6
6
6
6
6
5
5
5
6
7
7
6
6
6
6
7
7
7
7
7
7
7
7
7
7
5
22
22
7
7
7
7
7
32
32
8
8
8
8
32
8
8
8
8
8
8
32
32
8
32
32
32
32
9
9
9
10
10
10
10
76
10
11
11
10
11
11
11
11
12
12
12
13
13
13
13
4
14
14
14
14
14
14
16
14
16
14
15
11
11
15
11
15
15
15
15
15
15
15
15
16
16
16
16
16
16
16
5
21
16
21
16
16
16
21
15
15
17
17
76
17
17
17
18
17
17
18
19
19
19
19
19
19
19
19
19
19
20
19
19
19
18
19
20
20
20
20
22
21
21
21
21
21
21
21
21
21
22
22
21
22
22
22
22
22
22
22
22
22
22
22
22
22
22
24
22
22
22
23
24
22
22
23
23
23
23
23
23
23
23
23
24
24
24
24
24
24
24
24
24
28
28
24
32
32
24
24
24
28
24
24
24
23
28
24
28
24
28
24
32
32
18
18
18
18
18
18
25
23
25
25
25
25
25
25
23
25
25
25
25
25
26
26
27
27
26
25
26
26
26
26
27
25
27
28
28
27
27
27
28
28
27
27
32
28
28
28
28
28
29
29
29
29
29
29
30
30
30
30
30
30
30
30
30
30
30
29
30
31
28
28
31
31
31
31
28
32
32
32
32
33
34
34
34
34
35
35
35
36
38
35
36
38
38
34
38
38
38
38
40
38
38
39
39
39
40
39
39
39
40
40
40
40
39
39
40
41
41
41
41
42
42
42
42
42
42
42
42
40
42
69
42
42
43
43
43
43
43
43
46
43
43
46
43
43
46
69
44
69
44
44
44
44
44
49
45
46
46
46
46
46
46
46
46
46
47
48
48
48
48
48
44
49
49
49
49
49
49
50
49
49
49
49
49
50
50
50
46
51
51
52
46
46
52
52
55
53
53
75
53
53
53
53
53
54
54
55
55
30
56
56
56
56
56
56
56
56
57
57
57
57
57
58
58
57
57
58
58
58
58
58
59
59
59
60
31
31
31
61
61
61
61
61
68
68
61
61
61
61
68
68
61
68
62
62
62
62
63
63
63
63
63
63
63
64
56
56
64
64
64
64
65
65
65
65
65
65
66
66
66
65
66
66
65
66
67
66
68
67
67
67
67
68
68
67
68
68
68
68
67
67
68
71
68
67
61
68
68
68
68
68
71
68
68
69
69
69
69
69
69
69
69
69
70
70
70
70
70
70
71
71
71
71
68
71
71
71
68
68
71
71
71
71
71
49
49
72
72
72
72
74
72
75
73
73
73
71
73
75
75
49
74
74
74
75
75
75
75
75
75
49
76
76
76
76
76
76
53
75
30
1
3
4
22
24
21
20
25
25
19
18
16
13
6
3
3
22
22
22
7
22
28
28
28
28
46
49
69
45
42
40
68
68
68
71
66
63
56
37
68
38
38
38
40
40
41
41
36
36
24
23
28
28
27
28
27
27
28
28
28
28
8
29
29
51
32
32
33
35
35
60
60
60
60
60
60
31
59
30
30
33
34
31
31
29
29
29
30
69
28
35
23
32
32
44
68
61
58
28
29
29
31
29
29
30
40
5
68
42
76
56
