1
1
1
1
1
1
1
77
1
1
1
2
2
2
2
1
2
13
2
4
13
2
2
4
2
77
77
77
77
77
77
77
77
77
77
77
77
77
77
77
77
77
3
3
3
3
3
3
3
3
3
3
3
4
4
4
4
4
4
4
4
4
4
5
5
4
5
5
6
5
5
5
5
5
5
7
6
6
6
6
6
6
6
6
3
6
6
6
6
6
6
6
6
6
6
6
7
7
6
6
7
6
6
6
6
6
6
7
7
7
7
7
7
7
7
7
7
7
7
7
7
7
7
7
7
8
8
8
8
8
8
8
8
8
8
8
8
8
8
8
8
8
8
9
9
9
11
10
10
10
10
10
10
11
11
11
11
12
11
12
12
12
12
13
13
13
14
14
14
14
14
14
14
14
14
14
14
15
15
15
15
15
15
17
15
15
15
15
15
15
16
16
16
16
16
16
16
16
16
16
16
16
16
16
16
17
17
17
17
17
17
17
17
17
17
17
18
19
19
19
19
19
19
19
19
19
19
19
19
19
19
19
19
20
20
20
20
20
16
22
21
21
21
21
21
5
5
5
21
22
22
22
22
22
22
20
22
22
22
22
22
22
22
22
22
22
22
22
22
23
23
23
23
23
23
23
23
23
23
23
23
24
24
24
24
24
24
24
24
24
24
24
24
24
24
24
24
24
24
24
24
24
24
24
24
24
24
24
24
24
24
25
25
25
19
25
25
25
25
25
25
25
25
25
25
25
25
25
25
25
25
25
25
27
23
23
23
26
26
26
26
26
25
27
27
27
27
27
27
28
27
27
27
32
27
27
27
28
28
29
29
30
29
29
29
30
30
30
30
30
30
30
30
30
30
30
30
30
31
31
31
31
31
28
31
31
32
8
32
33
28
34
34
34
35
35
35
36
35
35
35
36
38
38
38
38
38
38
38
38
38
38
39
39
39
40
41
41
39
40
40
40
40
39
41
41
41
41
41
41
41
41
42
42
42
42
42
42
42
42
42
42
43
43
43
43
43
43
43
43
43
43
43
43
43
43
44
44
44
44
44
44
44
44
44
45
52
46
46
43
46
46
46
46
51
47
48
48
48
48
48
49
49
49
49
49
49
49
49
49
73
49
49
49
50
50
50
51
51
48
52
52
52
52
52
52
54
53
53
53
53
53
53
53
54
54
54
54
56
56
56
56
56
56
56
56
56
57
57
57
57
57
58
58
58
58
58
58
58
58
58
59
59
59
60
60
60
60
61
61
61
61
61
61
61
61
61
61
61
61
61
61
61
62
62
62
62
63
63
63
63
63
63
63
64
64
64
64
64
64
64
65
65
65
65
65
65
63
63
66
66
66
66
66
66
66
66
67
67
67
67
67
67
67
67
67
67
67
67
67
67
67
67
67
67
61
61
68
68
67
68
71
67
69
69
69
69
69
69
69
69
69
69
70
70
70
70
70
70
70
70
71
71
71
71
71
71
71
71
71
71
71
71
71
73
71
72
72
72
75
75
75
72
73
73
73
73
73
73
73
73
74
74
74
74
72
75
75
75
75
75
76
76
76
76
76
10
53
75
30
1
3
4
22
22
21
20
25
25
19
18
15
13
6
6
3
22
22
22
7
7
28
28
28
28
46
49
43
45
42
40
68
61
61
67
66
63
56
37
38
38
38
38
38
40
40
41
36
36
23
23
27
27
27
23
27
27
27
28
28
27
8
27
29
55
32
32
35
35
35
60
60
60
60
60
60
59
59
30
30
35
34
28
31
29
29
29
30
69
28
35
23
8
24
44
69
61
58
28
29
29
31
29
29
30
40
5
61
42
76
56
