1
1
1
1
1
1
1
1
1
1
1
1
2
2
2
2
2
2
2
13
2
4
4
4
2
77
77
77
77
77
77
77
77
77
77
77
77
77
77
77
77
77
3
3
3
3
3
3
3
3
3
3
3
4
4
4
4
4
4
4
4
4
4
5
5
5
5
5
5
5
5
5
5
5
5
5
6
6
5
6
6
6
6
6
6
6
6
6
6
6
6
6
6
6
7
6
6
7
6
6
7
6
6
6
6
6
6
7
7
7
7
7
7
7
7
7
7
7
7
7
7
7
7
7
7
8
8
8
8
8
8
8
8
8
8
8
8
8
8
8
8
8
8
9
9
9
10
9
10
10
76
10
10
11
11
11
11
11
11
12
12
12
12
12
13
13
14
14
14
14
14
14
14
14
14
14
14
15
15
15
15
15
15
15
15
15
15
15
15
15
16
16
16
16
16
16
16
16
16
16
16
16
16
16
16
17
17
17
17
17
17
17
17
17
17
17
18
19
19
19
19
19
19
19
19
19
19
19
19
19
19
19
19
20
20
20
20
20
16
20
21
21
21
21
21
21
21
21
22
21
22
21
22
22
20
20
22
22
22
22
22
21
22
22
24
23
23
23
20
23
23
23
23
23
23
23
23
23
23
23
23
24
24
24
24
22
24
24
24
24
24
24
24
24
24
24
24
24
24
24
24
24
24
24
24
24
24
24
24
24
24
25
25
25
25
25
25
25
25
23
25
25
25
25
23
23
25
25
25
25
25
25
25
23
23
26
26
26
26
26
26
29
26
27
27
27
27
29
29
28
28
28
28
28
28
28
28
28
28
29
29
29
29
29
29
30
30
30
30
30
30
30
30
30
30
30
30
30
31
31
28
28
28
28
31
31
32
8
33
32
32
34
34
34
35
35
34
35
35
35
35
36
38
38
35
38
38
38
38
38
38
38
39
39
39
39
39
39
39
40
40
40
40
41
39
41
41
41
41
41
41
41
41
42
42
42
41
42
42
42
42
42
43
43
43
43
43
43
43
43
43
43
43
43
43
43
44
44
69
44
44
44
44
44
44
45
46
46
43
43
46
46
46
46
46
47
48
45
48
48
48
49
49
49
49
49
49
50
49
49
49
49
49
49
50
50
50
51
51
51
46
51
51
52
54
55
54
53
53
53
53
53
53
54
54
54
54
54
30
56
56
56
56
56
56
56
56
57
57
57
57
57
58
58
58
58
58
58
58
58
58
59
59
61
60
60
60
60
61
61
61
61
61
61
61
61
63
61
61
61
61
61
61
62
62
62
62
63
63
63
63
63
63
65
64
64
56
64
64
64
64
65
65
65
65
65
65
66
66
66
66
66
66
66
66
66
66
67
67
67
67
67
67
67
67
67
67
67
67
67
67
67
67
67
67
68
68
68
68
68
68
68
67
68
69
69
69
69
69
69
69
69
69
70
70
70
70
70
70
70
70
71
71
71
71
71
71
71
71
71
71
71
71
71
71
71
72
72
72
72
75
72
72
49
73
73
73
73
73
73
73
74
74
74
75
75
75
75
75
75
75
76
76
76
76
76
10
53
75
30
1
3
4
21
22
21
20
25
25
19
19
15
13
6
6
6
22
7
22
7
7
28
28
28
28
46
49
43
45
42
40
61
61
68
67
66
63
56
37
37
38
38
38
38
40
41
41
36
36
23
23
27
27
27
27
27
27
28
28
28
28
8
29
29
51
32
32
35
35
35
60
60
60
60
60
60
59
59
30
30
35
34
29
59
29
29
29
30
69
28
35
23
7
24
44
69
61
58
28
29
29
31
29
29
30
40
5
61
42
76
56
