1
1
1
1
1
1
1
1
1
2
1
2
2
2
2
2
2
2
2
2
2
2
4
4
2
77
77
77
1
77
2
77
77
77
77
77
77
77
77
3
77
3
3
3
77
3
3
3
3
3
4
6
3
4
4
4
4
4
4
4
14
4
4
4
5
16
5
5
5
5
5
5
5
5
5
5
6
6
5
6
3
6
6
7
6
6
6
6
6
6
6
7
6
5
5
5
7
5
7
6
7
6
6
6
6
6
7
7
7
7
7
7
7
7
7
7
22
22
22
7
7
7
7
7
24
8
8
8
8
7
28
8
8
8
8
8
8
32
8
32
32
28
28
9
9
10
10
10
10
10
76
11
76
12
11
11
12
11
12
12
12
12
12
13
13
13
14
13
13
14
14
14
14
14
13
14
14
12
11
11
15
11
15
15
15
15
15
15
15
17
14
16
16
16
16
21
16
16
16
21
21
21
16
20
16
17
17
17
17
76
76
17
17
17
18
17
18
19
15
15
19
19
19
19
15
19
19
19
19
19
19
19
25
20
20
20
20
22
16
16
21
21
21
22
21
21
21
21
22
21
22
22
22
21
23
22
23
22
22
22
22
21
22
22
24
22
23
23
22
22
23
23
23
20
20
23
23
23
23
23
27
22
24
24
22
22
24
24
22
24
24
28
28
24
24
24
24
24
28
24
24
24
24
24
24
28
28
28
24
24
24
25
19
25
25
25
25
25
23
25
25
25
25
25
25
23
26
26
25
25
25
25
25
27
26
26
26
26
26
26
26
29
26
29
28
27
29
29
27
28
28
27
28
28
27
27
27
28
31
29
29
29
29
29
29
30
30
30
30
31
31
31
30
30
30
29
29
29
31
31
31
31
31
31
28
31
32
32
32
33
33
34
34
34
34
35
35
36
35
38
35
38
38
38
38
38
36
38
38
61
38
38
36
39
36
39
39
39
39
40
40
40
40
39
41
40
41
41
41
41
41
42
42
41
42
42
42
40
40
42
42
42
42
42
43
43
43
43
43
43
43
43
46
43
43
46
45
44
44
44
69
44
44
44
49
45
46
46
46
46
46
46
46
48
48
47
48
48
48
48
48
73
49
49
49
49
49
50
49
49
49
49
49
49
50
50
50
48
51
51
52
52
52
52
52
52
49
53
75
75
53
53
53
53
54
54
51
55
30
56
56
57
56
56
56
56
56
57
57
57
58
57
58
58
58
57
57
58
58
58
58
58
59
58
60
31
60
60
58
61
61
61
61
61
61
61
61
67
61
61
61
61
61
62
62
62
62
61
61
63
63
63
63
63
65
64
64
64
64
64
65
65
65
65
65
66
65
63
66
63
66
66
67
66
66
66
66
68
68
67
67
67
67
67
67
67
67
67
67
67
66
67
67
67
67
68
68
68
68
67
68
68
67
68
68
42
69
69
69
68
69
69
69
66
70
70
70
70
70
70
72
71
68
71
71
70
71
71
71
71
73
71
71
71
73
71
72
72
72
74
74
72
72
73
73
73
71
73
49
73
75
74
74
74
74
75
72
75
75
75
75
76
76
76
76
76
76
53
74
30
2
3
4
22
24
21
20
19
26
18
18
15
13
6
7
6
22
22
22
22
24
28
28
31
31
48
73
69
45
42
40
61
61
61
68
66
66
56
37
61
61
38
38
36
40
41
41
36
36
23
23
27
27
28
28
27
27
28
27
28
27
28
29
29
51
32
32
35
35
35
60
60
60
60
60
60
58
59
30
58
33
34
31
31
29
29
29
30
69
32
35
23
7
24
44
68
61
58
28
29
29
31
29
29
58
38
5
61
42
76
64
