1
2
1
1
77
1
77
1
1
2
1
2
2
2
2
2
2
2
2
2
2
2
2
2
1
77
77
77
77
77
77
77
77
77
77
77
77
77
3
77
77
77
3
3
3
3
3
3
3
3
3
3
3
4
4
4
4
4
4
5
4
4
5
4
5
5
5
5
5
5
5
5
5
5
5
5
6
5
5
6
6
3
6
6
6
6
6
6
6
6
6
6
6
6
6
6
6
6
6
6
6
6
7
6
6
7
6
7
7
7
7
7
7
7
7
7
7
7
7
7
7
7
7
7
7
8
8
8
8
8
32
32
8
8
32
8
8
32
8
8
32
28
8
9
9
9
10
10
10
10
10
10
11
11
10
11
11
11
11
12
12
12
12
13
12
13
14
14
14
14
14
14
14
14
14
14
14
15
15
15
15
11
15
17
15
19
19
19
15
19
16
16
16
14
16
16
16
16
5
16
16
16
16
16
16
17
17
17
17
17
17
17
17
18
18
17
18
19
19
19
19
19
19
19
19
19
19
19
19
25
19
19
25
20
20
20
20
20
21
21
21
21
21
21
21
21
21
21
22
22
22
22
22
21
20
20
20
22
22
22
22
22
22
22
22
22
22
22
22
23
23
23
23
20
23
23
23
24
23
23
23
22
24
24
24
22
23
24
24
24
24
24
24
24
24
24
24
24
24
24
24
24
24
24
24
24
24
24
24
28
28
25
25
25
25
25
25
25
25
25
25
25
25
25
25
23
25
25
25
25
29
26
26
26
26
26
26
26
26
26
26
26
26
29
27
27
27
29
29
28
28
28
28
28
29
28
28
28
28
29
29
29
29
30
29
30
29
30
30
30
30
30
30
30
30
29
29
30
31
31
31
31
31
31
28
31
32
32
33
33
33
34
34
34
34
35
35
35
35
35
35
36
36
38
34
38
38
38
38
38
38
38
39
39
36
39
39
39
39
40
40
40
40
41
39
41
41
41
41
41
41
42
42
42
42
41
42
42
42
42
42
42
43
42
43
43
43
43
43
43
43
46
46
43
43
43
45
44
44
44
69
44
44
44
47
45
46
46
46
46
46
46
46
46
46
47
45
48
48
48
48
47
49
49
49
49
49
49
50
49
49
49
53
49
50
50
50
51
51
51
52
51
52
52
55
52
53
53
53
53
53
53
53
53
54
54
55
55
56
56
56
56
56
56
56
56
56
30
30
57
57
57
58
58
30
30
58
58
58
58
58
61
59
60
60
60
60
60
61
61
61
61
61
61
61
61
58
67
61
61
61
68
61
62
62
62
62
58
63
63
63
66
63
62
64
64
64
64
64
64
64
65
65
65
65
65
65
66
66
66
66
66
66
66
66
66
66
61
67
61
61
67
67
67
67
67
67
67
67
67
67
67
67
67
67
68
67
68
68
68
68
68
68
68
69
69
69
69
68
68
69
69
69
70
70
70
70
70
70
70
72
71
71
71
71
71
70
70
71
71
71
71
70
71
71
49
72
72
72
72
72
72
72
73
73
73
73
73
73
73
73
74
74
74
75
73
75
72
75
75
75
76
76
76
76
76
10
53
75
30
1
3
4
22
22
21
20
25
29
19
18
15
4
6
6
6
22
22
22
7
8
28
28
28
28
46
49
46
45
42
40
68
68
68
67
66
66
56
37
40
38
38
38
38
40
41
41
36
36
23
23
26
29
27
27
27
27
28
29
28
28
8
29
29
51
32
32
35
35
35
60
60
60
60
60
60
59
59
31
30
35
34
31
31
29
29
29
29
69
28
34
23
8
24
44
69
37
58
28
29
29
31
29
29
31
40
5
61
42
76
56
