1
1
1
1
1
1
1
77
1
1
1
2
2
2
2
1
2
4
2
4
4
4
4
2
4
77
77
77
77
77
77
77
77
77
77
77
77
77
77
77
3
77
77
3
3
3
3
3
3
3
3
3
3
4
4
4
4
4
4
4
4
4
4
5
5
5
5
5
5
5
5
5
5
5
5
5
6
6
5
5
6
6
6
6
6
6
6
6
6
6
6
6
6
6
6
5
5
6
6
6
6
6
6
7
6
7
6
7
7
7
7
7
7
7
7
7
7
7
7
7
7
7
7
7
7
7
8
8
8
8
8
8
8
8
8
8
8
8
28
28
8
28
8
9
9
10
10
12
10
10
10
10
10
11
11
11
11
11
11
12
12
12
12
12
14
13
14
14
14
14
14
14
14
14
14
14
14
11
15
15
15
11
15
15
15
15
15
15
15
17
16
16
16
16
16
16
16
5
16
16
21
16
16
16
16
15
17
17
17
76
76
17
17
17
18
17
18
20
19
19
17
19
19
19
19
19
19
20
20
19
19
19
19
16
20
20
20
20
21
16
21
21
22
22
21
21
5
5
22
22
22
22
20
20
22
20
20
22
22
22
22
22
5
22
22
22
22
22
22
23
23
23
22
23
23
23
23
23
23
23
23
24
24
24
24
24
24
24
24
24
24
24
24
24
24
24
24
24
24
24
24
24
24
24
24
24
24
28
24
24
24
25
19
25
19
25
25
25
25
25
25
25
25
25
25
26
26
25
25
25
26
26
26
27
23
26
26
25
26
23
26
26
26
26
27
27
27
29
29
28
28
28
28
28
28
28
28
28
28
29
29
29
29
29
29
30
30
30
30
30
30
30
30
30
30
30
30
30
28
31
31
31
31
31
31
31
32
32
32
33
28
34
34
34
34
34
35
35
35
35
34
36
38
38
38
38
38
38
38
38
38
38
36
39
39
39
39
39
39
40
40
40
40
41
39
41
41
41
41
41
41
41
41
42
42
42
42
42
42
42
42
42
42
43
43
43
43
43
43
43
43
43
43
43
43
43
44
45
44
44
44
44
44
44
47
45
52
46
46
43
46
46
46
52
46
47
45
48
48
48
48
49
49
49
73
49
49
49
49
53
49
49
53
49
50
50
50
48
51
51
52
52
51
52
52
52
53
53
75
53
53
53
53
53
54
54
55
51
56
56
56
56
56
56
56
56
56
57
57
57
57
57
58
58
57
58
58
58
58
58
58
59
61
59
60
31
60
60
61
61
61
61
61
61
61
61
61
67
67
61
61
61
61
57
62
62
62
63
63
63
63
63
63
66
64
64
64
64
64
64
64
65
65
65
65
65
65
66
63
66
66
66
66
65
65
65
65
67
67
61
67
67
67
61
67
67
67
67
67
67
67
67
67
67
67
68
68
68
67
67
68
69
67
69
69
69
69
69
69
44
69
44
69
71
70
70
70
71
70
70
70
71
71
71
71
71
71
71
71
71
71
71
71
71
71
71
72
72
72
72
74
74
72
73
73
73
73
73
73
73
73
74
74
74
74
75
75
74
74
75
75
76
76
76
76
76
10
53
74
56
2
3
4
5
22
21
20
23
25
19
18
16
12
6
6
3
22
22
22
7
7
28
28
28
28
46
49
45
45
42
40
69
61
68
67
66
63
56
37
37
38
38
38
39
40
41
40
36
36
23
23
27
27
29
27
27
27
28
28
28
28
8
29
29
51
32
28
35
35
38
60
60
60
60
60
60
59
59
30
30
34
34
31
30
29
29
29
30
69
28
35
23
28
24
44
69
61
58
29
29
29
31
29
29
30
38
5
61
42
76
56
