1
1
1
1
1
77
77
1
77
1
1
2
2
2
2
1
2
2
2
2
2
13
2
2
2
77
77
77
77
77
2
2
77
77
77
77
77
77
3
77
3
4
3
3
77
3
3
3
3
3
4
4
3
4
4
13
13
4
4
4
4
5
5
5
5
5
5
5
5
5
5
5
5
5
5
5
5
5
5
6
6
3
6
6
6
6
6
6
6
6
6
7
6
7
6
6
6
6
7
6
7
6
7
7
7
7
6
7
7
7
6
7
7
7
6
5
7
7
7
7
7
7
7
8
8
8
8
8
8
8
28
8
8
8
8
8
8
8
8
32
32
28
8
9
9
9
11
11
10
9
10
10
10
12
11
11
11
11
11
12
12
12
12
13
14
13
14
14
14
14
14
14
16
16
16
16
14
15
15
15
15
11
15
15
15
16
15
15
15
17
14
16
16
16
16
21
14
5
21
21
21
16
16
16
16
17
15
17
76
76
17
17
17
17
17
17
18
20
19
19
17
17
17
19
19
19
19
19
19
19
19
25
19
20
20
20
19
20
21
20
21
21
21
21
22
21
21
22
21
22
22
21
22
22
20
22
22
22
22
22
22
22
22
22
23
23
22
22
20
23
23
22
22
23
23
23
23
23
27
23
27
22
22
24
24
23
23
24
24
24
24
24
24
24
24
24
24
24
24
24
24
24
23
27
24
24
24
24
24
24
24
19
19
25
25
25
19
25
23
25
19
25
25
25
25
25
26
26
25
25
25
25
25
26
26
26
26
26
26
26
26
26
26
26
27
27
27
27
29
32
28
28
28
28
28
28
28
31
28
29
26
31
29
29
29
30
30
29
30
29
29
29
30
30
30
29
30
30
31
28
31
31
28
28
31
31
32
8
32
33
33
34
34
34
35
36
35
36
35
38
35
36
38
35
37
38
38
38
38
37
40
38
39
39
39
41
39
41
39
40
40
40
40
41
41
41
41
42
42
42
42
42
41
42
42
41
40
40
42
42
42
42
43
43
43
43
43
43
43
43
43
43
46
43
43
46
45
44
45
44
44
49
44
44
47
45
46
46
46
43
46
46
48
48
46
47
45
45
48
48
48
49
49
50
49
49
49
50
50
49
49
49
49
49
50
50
50
51
51
51
51
51
52
52
52
52
53
49
53
53
53
53
53
53
54
54
55
55
57
56
56
57
56
56
56
64
56
57
57
57
57
57
58
30
58
58
30
30
58
58
61
59
59
59
60
60
60
60
59
61
61
61
61
61
61
61
61
63
63
67
61
61
67
62
57
62
62
63
63
58
63
63
63
62
64
56
64
64
64
64
64
62
65
65
65
65
65
66
63
63
65
66
66
66
66
66
65
67
61
67
66
66
67
67
67
67
67
67
67
67
67
67
68
71
67
61
67
68
68
67
68
68
67
69
69
69
69
68
68
69
69
69
69
66
70
70
70
70
70
70
70
71
68
71
71
71
68
68
71
69
71
71
71
71
71
71
72
72
72
72
72
72
72
73
73
73
73
73
73
73
75
74
74
74
74
75
75
72
75
75
49
76
76
76
76
76
76
53
75
30
1
3
4
5
22
21
20
19
26
18
18
16
13
6
6
6
5
22
23
7
7
31
28
28
28
46
49
69
45
42
40
68
67
67
67
66
66
56
37
40
37
38
38
38
40
41
41
36
36
23
23
27
27
27
23
27
27
27
27
28
28
28
29
29
51
32
32
35
35
35
60
60
60
60
60
60
58
31
31
30
33
34
31
31
30
29
29
29
69
33
35
23
8
28
44
69
61
58
31
26
29
31
29
29
30
38
5
68
43
76
64
