1
1
1
1
77
1
77
1
1
1
1
2
2
2
13
2
2
13
2
13
13
2
2
4
2
77
77
77
77
77
77
77
77
77
77
77
77
77
77
77
3
77
3
3
3
3
3
3
3
3
3
3
3
4
4
4
4
4
4
4
4
4
4
4
5
4
5
4
5
5
4
4
5
5
7
5
6
6
6
6
3
6
6
6
6
6
6
6
6
6
6
6
6
6
6
6
6
6
6
6
6
6
6
7
7
6
6
7
7
7
7
7
7
7
7
7
7
7
7
7
7
7
7
7
7
8
8
8
8
7
8
7
8
7
8
8
8
8
8
8
8
8
8
9
9
10
10
10
10
10
10
10
10
11
11
11
11
11
11
12
12
12
12
13
13
13
14
14
14
14
14
16
14
14
14
14
14
15
15
15
15
15
15
15
15
15
19
15
15
15
16
16
16
16
16
16
16
16
16
16
16
16
16
16
16
17
17
17
17
17
17
17
17
17
17
17
18
19
19
19
19
19
19
19
19
19
19
19
19
19
19
25
19
20
20
20
20
20
21
16
16
16
21
21
21
5
5
22
21
21
23
22
22
22
22
22
23
22
22
22
22
22
22
22
22
23
23
23
20
23
23
23
23
23
23
23
23
23
23
23
23
24
24
24
24
24
24
24
24
24
24
24
24
24
24
24
24
24
24
24
24
24
24
24
24
24
24
24
24
24
24
25
19
25
18
25
19
25
25
25
25
25
25
25
25
25
26
25
25
25
25
25
25
26
26
26
26
25
25
26
26
29
26
27
27
27
27
27
27
28
28
28
28
28
28
28
28
28
28
29
29
29
29
29
29
30
30
30
30
30
30
31
30
30
30
30
30
30
31
28
31
31
31
31
31
31
32
32
32
32
33
34
34
34
34
35
35
35
35
35
34
36
38
38
38
38
38
38
38
38
41
38
39
39
39
39
41
39
39
40
40
40
42
41
41
41
41
41
41
41
41
41
41
42
42
42
42
42
42
42
42
42
43
42
43
43
69
43
43
43
43
43
43
46
43
43
69
69
44
44
44
44
44
44
44
45
46
46
46
46
46
46
46
46
46
47
48
48
48
48
48
49
49
49
49
49
49
49
49
49
49
49
49
49
50
50
50
52
51
51
52
52
52
52
55
52
53
53
53
53
53
53
53
53
54
54
51
51
56
56
56
56
56
56
56
56
56
57
57
57
57
57
59
58
58
57
58
57
58
59
58
59
59
60
60
60
31
60
61
61
61
61
61
61
61
61
61
61
61
61
67
61
61
62
62
62
62
63
63
63
63
63
63
63
64
64
64
64
64
64
64
65
65
65
65
65
65
66
66
66
66
66
66
66
66
66
70
67
67
67
67
67
67
67
67
67
67
67
67
67
67
67
71
67
67
68
68
68
68
68
68
68
71
69
69
69
69
69
69
69
69
69
69
70
70
70
70
70
70
70
70
71
71
71
70
71
71
71
71
71
71
71
71
71
73
71
72
72
72
72
75
72
75
73
73
73
73
73
73
73
73
74
74
74
75
75
75
75
75
75
75
76
76
76
76
76
10
53
75
30
1
3
4
5
22
21
20
19
25
19
18
16
13
5
6
6
22
22
22
7
7
28
28
28
28
46
49
43
45
42
40
69
61
68
67
66
63
56
37
38
38
38
38
38
41
42
41
36
36
23
23
27
27
27
27
27
27
28
28
28
28
7
29
29
51
28
28
35
35
35
60
60
60
60
60
60
59
59
30
30
35
34
31
31
29
29
29
30
69
28
35
23
8
24
44
69
61
58
28
29
29
31
29
29
30
41
4
61
42
76
56
