1
2
1
1
1
1
1
1
1
1
1
2
13
13
2
2
2
13
2
4
13
2
2
2
2
77
77
77
77
77
77
4
4
77
77
77
77
77
77
77
77
77
77
3
3
3
3
3
3
3
3
3
3
4
4
4
4
4
77
4
4
4
5
5
5
5
5
5
5
5
5
5
5
5
5
5
3
6
6
6
6
3
6
6
6
6
6
6
6
6
6
6
7
6
5
5
6
6
6
7
6
7
7
6
6
7
6
7
7
7
7
7
7
7
7
6
7
7
8
7
7
7
8
8
8
8
8
8
7
8
8
8
8
8
32
32
32
8
32
32
32
8
8
9
9
9
10
12
10
10
76
76
76
11
11
10
10
12
12
12
12
13
12
13
13
13
14
14
14
14
14
14
14
14
16
16
14
12
15
15
15
10
15
17
15
15
15
15
17
17
16
14
16
16
16
5
16
5
5
16
16
16
16
20
21
15
17
17
76
76
76
17
17
17
17
17
18
20
15
19
17
17
19
19
19
19
15
19
19
19
19
19
19
20
20
20
20
20
21
20
20
20
20
21
21
21
21
22
22
22
22
22
20
20
20
20
22
22
22
22
22
22
22
22
22
23
23
22
22
23
23
22
22
23
23
23
23
23
23
26
23
24
22
24
22
22
22
22
24
24
24
24
22
22
24
24
24
24
24
24
24
24
23
23
24
28
24
24
28
28
24
19
19
25
25
25
19
25
25
25
25
25
25
25
26
25
26
25
25
25
25
25
25
26
26
26
26
26
26
27
27
26
26
27
27
27
27
27
27
24
28
27
27
28
27
31
28
31
31
29
29
29
29
30
29
30
30
30
30
30
31
31
30
30
30
29
30
30
31
31
31
31
31
31
31
31
32
32
32
32
33
34
34
34
34
35
34
36
36
38
34
36
38
38
34
38
38
38
38
38
38
40
36
39
36
40
39
39
39
40
40
40
69
41
41
40
41
41
41
42
42
41
41
42
41
42
41
41
42
42
42
42
43
43
42
43
43
43
43
43
43
46
43
43
43
43
45
47
44
44
44
44
44
44
49
45
52
46
46
46
46
46
48
46
51
47
45
48
48
48
48
44
49
49
49
73
49
49
49
49
53
53
53
49
50
50
50
51
51
51
52
51
51
52
52
52
53
53
53
53
53
53
53
54
54
54
55
54
56
56
56
57
56
56
56
56
56
57
57
57
57
57
30
58
30
58
58
62
58
58
58
59
59
60
60
60
60
60
61
61
61
61
61
61
61
61
62
63
61
61
61
61
61
62
62
62
62
63
63
62
62
62
63
63
64
56
64
64
64
64
64
65
65
64
65
65
65
66
66
66
66
66
66
66
65
66
65
67
61
67
61
61
67
67
67
67
67
67
67
67
66
67
67
67
67
68
67
69
68
68
68
68
67
69
69
69
69
44
68
68
44
44
69
70
65
65
70
70
70
70
70
71
71
67
71
71
71
67
71
71
71
71
71
72
72
49
72
72
72
72
74
74
72
73
73
73
72
73
73
73
73
74
74
74
74
75
75
75
75
75
75
76
76
76
76
76
10
53
75
30
1
3
4
22
22
21
20
25
26
19
18
16
4
6
7
6
22
24
22
24
7
28
28
28
28
52
49
46
45
42
69
69
68
68
67
66
63
56
37
40
38
38
38
36
40
41
40
36
36
22
23
26
27
27
28
27
27
28
28
28
31
8
29
29
52
31
32
35
36
36
59
60
60
60
60
60
58
59
30
30
33
34
31
31
30
29
30
30
69
31
35
26
8
24
44
69
61
62
31
29
29
31
29
29
30
38
5
61
42
76
62
