1
1
1
1
1
1
1
1
1
1
1
1
2
2
2
2
2
2
2
13
2
2
2
2
2
77
77
77
1
1
77
77
77
77
77
77
77
77
77
77
3
77
4
3
3
3
3
3
3
3
4
3
6
2
4
4
4
4
4
4
14
14
14
4
5
5
5
5
5
5
5
5
5
5
5
5
6
5
5
6
3
3
3
6
3
6
6
3
6
6
6
6
6
6
6
6
6
6
7
7
6
6
6
7
6
6
7
6
7
7
7
7
7
7
7
7
7
7
8
7
7
8
7
7
8
8
8
8
7
7
8
8
32
8
32
8
8
8
32
8
32
32
8
9
9
9
10
10
10
10
76
10
11
10
11
11
11
11
11
12
12
12
12
13
14
13
4
4
14
14
16
16
14
14
4
14
14
15
15
15
15
15
15
17
17
17
15
15
15
17
15
16
16
16
16
16
14
5
5
21
16
16
15
21
16
15
17
17
17
17
76
76
76
18
17
17
18
19
19
19
17
19
19
19
19
25
19
20
20
19
25
25
25
20
20
20
20
20
21
21
21
20
21
21
21
21
21
22
21
21
22
22
20
20
22
20
20
22
21
21
21
22
22
22
22
22
22
22
22
23
23
23
23
23
23
23
23
24
27
23
27
24
24
22
22
24
24
24
24
22
24
24
22
24
24
24
24
24
24
24
24
24
23
23
28
24
28
24
24
24
28
19
19
25
25
25
19
19
25
25
25
25
25
26
26
23
26
25
25
25
25
26
26
26
26
26
26
26
26
26
26
26
26
29
27
27
27
27
29
28
28
28
28
32
27
28
28
28
28
29
29
29
29
29
29
30
29
30
29
30
30
30
30
29
30
30
30
30
28
31
31
31
31
27
27
31
32
8
32
33
33
34
35
34
38
35
35
35
35
35
38
36
38
35
38
35
38
38
38
37
37
38
36
39
39
38
39
39
39
40
40
40
40
41
41
39
41
41
41
41
41
41
41
41
42
42
41
40
42
42
42
42
43
43
42
43
43
43
43
43
46
46
46
43
43
43
45
45
44
44
44
44
44
44
49
45
46
46
46
46
46
46
48
48
48
47
48
48
48
48
48
49
49
47
49
73
49
50
49
49
49
49
53
53
51
50
50
48
48
47
46
52
52
52
52
52
53
53
75
75
53
53
53
53
54
54
52
55
56
56
56
56
56
56
56
56
56
57
57
57
62
57
58
30
57
57
30
58
58
58
58
59
59
59
60
60
31
60
58
61
61
68
61
61
61
61
61
61
61
61
61
67
68
62
57
57
62
63
63
62
63
63
66
66
64
64
64
64
64
64
64
65
65
65
65
66
64
66
66
66
65
66
66
65
66
66
70
67
61
67
67
63
67
67
67
67
67
67
67
66
67
67
67
67
67
67
68
68
68
68
68
68
67
69
69
69
69
69
69
71
69
44
45
70
70
70
70
70
70
70
72
71
71
71
71
71
71
71
71
49
71
71
71
72
72
49
72
72
72
72
74
72
49
73
73
73
72
73
73
73
49
74
74
74
75
75
75
75
75
75
75
76
76
76
76
76
10
53
75
56
1
3
4
22
22
21
22
25
25
19
19
15
4
5
6
6
22
24
22
24
24
28
28
28
28
48
49
43
45
42
40
69
68
68
67
66
63
56
37
37
38
38
35
38
40
41
39
36
36
23
23
27
27
27
28
27
27
28
27
28
28
8
29
29
51
32
32
33
33
35
31
60
60
37
34
60
59
31
27
30
33
34
27
31
29
29
29
29
69
28
35
23
8
24
44
69
61
58
27
29
29
31
27
30
30
38
5
68
42
76
56
