1
2
1
1
1
1
1
1
1
1
1
2
2
2
2
2
2
2
2
2
2
4
2
4
2
77
77
77
77
77
77
77
77
77
77
77
77
77
77
77
4
77
4
4
3
3
3
3
3
3
3
3
3
4
4
4
4
4
4
4
4
4
4
5
5
5
5
5
5
5
5
5
5
5
5
5
6
6
5
5
6
6
6
5
5
5
5
5
6
6
5
6
5
5
5
5
6
6
6
6
6
6
6
7
7
7
7
7
7
7
7
7
7
7
7
22
28
28
28
28
7
7
7
7
7
8
8
8
8
8
8
8
8
8
8
8
8
32
8
32
32
8
8
9
9
9
10
10
10
10
76
10
10
11
11
11
11
11
11
12
12
12
12
13
13
13
14
14
14
14
14
14
16
14
14
14
14
11
11
11
15
11
15
15
15
15
15
15
15
15
16
16
16
16
16
16
16
16
5
16
16
16
16
16
16
17
17
17
17
76
17
17
17
18
17
17
18
19
19
19
17
19
19
19
19
19
19
19
19
19
19
25
19
20
20
20
20
20
21
21
21
21
21
22
22
21
21
22
22
22
22
22
22
22
22
22
22
22
22
22
22
22
22
22
22
22
22
22
23
22
23
23
23
23
23
23
23
23
26
26
26
24
24
24
24
24
24
24
24
24
24
24
24
24
24
28
24
24
28
24
24
24
23
28
24
28
24
24
24
28
28
25
25
25
25
25
25
23
23
23
25
25
25
25
25
25
25
25
25
25
25
26
26
26
23
26
26
26
26
26
26
27
26
27
27
27
27
27
27
28
24
27
27
28
27
28
28
28
28
29
29
29
29
29
29
30
30
30
31
31
31
31
30
30
30
56
29
30
31
31
28
31
28
31
31
31
8
32
32
32
33
34
34
34
34
35
35
35
36
38
35
36
38
36
38
38
38
38
38
38
38
38
39
39
39
39
41
39
39
40
40
40
40
39
41
40
41
41
41
41
42
41
42
42
42
42
42
42
42
42
42
42
42
43
43
43
43
43
43
43
46
43
46
43
43
43
44
44
68
44
68
44
44
44
49
45
52
46
46
52
46
46
46
46
46
47
48
48
48
48
48
44
49
49
49
49
49
49
49
49
49
49
49
49
50
50
50
46
51
51
52
52
55
52
52
55
53
53
75
53
53
53
53
53
54
54
55
55
56
56
56
56
56
56
56
56
56
57
57
57
57
57
31
58
56
58
58
58
31
58
58
31
31
59
60
31
31
31
61
61
61
61
61
61
61
61
61
61
61
68
68
61
68
62
62
62
62
63
63
63
63
63
66
63
65
64
64
64
64
64
64
65
65
65
65
65
65
66
66
66
65
66
66
65
66
67
66
68
68
68
68
67
67
67
67
68
68
68
68
67
67
68
68
67
67
68
68
68
68
68
68
68
68
69
69
69
69
68
69
68
68
69
69
70
70
70
70
70
70
70
70
71
71
71
71
71
71
71
71
71
71
71
71
71
49
49
72
72
72
72
75
72
75
73
73
73
73
73
49
73
73
74
74
74
75
75
75
75
75
75
75
76
76
76
76
76
76
53
75
56
77
3
4
22
22
21
20
23
25
19
18
11
4
5
5
6
22
22
22
7
28
28
28
28
28
46
49
46
45
42
40
68
68
68
68
66
63
56
37
68
38
38
38
38
40
41
41
36
36
23
23
23
27
27
27
27
27
28
28
28
28
8
29
29
51
32
32
33
35
35
60
31
60
60
60
60
31
31
30
30
33
34
31
31
29
29
29
30
69
31
35
23
8
28
44
69
61
58
28
29
30
31
29
29
30
39
5
61
42
76
56
