1
1
1
1
1
1
1
77
1
1
1
2
2
2
2
2
1
2
2
4
2
4
2
2
2
77
77
77
77
77
77
77
77
77
77
77
77
77
77
77
77
77
3
3
3
3
3
3
3
3
3
3
3
4
4
4
4
4
4
4
4
4
4
5
5
5
5
5
5
5
5
5
5
5
5
5
6
6
5
6
6
3
6
6
6
6
6
6
6
6
6
6
6
6
6
5
6
6
6
6
6
6
6
6
6
6
6
7
7
7
7
7
7
7
7
22
7
7
7
7
7
7
8
8
7
8
8
8
8
8
8
8
8
8
8
8
8
8
8
8
8
8
8
9
9
9
10
10
10
10
10
10
10
11
11
11
11
11
11
12
12
12
12
13
13
13
14
14
14
14
14
14
14
14
14
14
14
15
11
15
15
11
15
15
15
15
15
15
15
15
16
16
16
16
14
16
16
16
16
16
16
16
16
16
16
17
17
17
17
17
76
17
17
17
17
17
18
19
19
19
19
19
19
19
19
19
19
19
19
19
19
19
19
20
20
20
19
20
21
21
21
20
20
20
21
22
21
21
22
21
22
20
22
20
20
20
22
22
22
22
21
22
22
22
22
22
22
23
23
23
23
23
23
23
23
23
23
23
23
23
23
24
24
22
24
24
24
23
24
24
24
24
24
24
24
24
24
24
24
24
24
24
24
24
24
24
24
24
24
24
28
25
25
25
25
25
23
23
23
23
25
25
25
25
25
25
25
25
25
25
25
25
25
27
27
23
23
26
26
26
26
29
29
27
27
27
27
27
29
28
24
27
28
28
29
29
28
28
28
29
29
29
29
29
29
30
30
30
30
30
30
30
30
30
30
30
30
30
31
31
31
31
31
31
31
31
32
8
34
34
33
60
34
34
34
35
35
35
35
35
35
36
38
38
38
38
38
38
38
38
38
40
39
39
39
39
41
39
39
40
40
40
42
41
41
41
41
41
41
41
41
41
41
42
42
42
42
42
42
42
42
42
43
43
43
43
43
43
43
43
43
43
46
43
43
43
44
45
44
44
44
44
44
44
49
45
46
46
46
46
46
46
46
46
46
47
48
48
48
48
48
49
49
49
73
73
49
49
49
49
49
53
49
49
50
50
50
48
51
51
46
46
51
46
55
52
54
53
53
53
53
53
53
53
54
54
55
54
56
56
56
56
56
56
56
56
64
56
56
57
58
57
58
58
58
58
58
58
58
58
58
59
59
59
60
60
60
60
61
61
61
61
61
61
61
61
61
61
61
61
61
61
61
62
62
62
62
61
63
58
63
63
63
63
64
64
64
64
64
64
64
65
65
65
65
65
65
66
63
66
66
66
66
66
66
66
66
67
67
67
67
67
67
67
67
68
67
67
67
67
67
67
67
71
67
68
68
68
68
68
68
69
68
69
69
69
69
69
69
69
69
69
69
70
70
70
70
70
70
70
70
69
71
71
71
71
71
71
71
71
71
71
70
71
71
71
72
72
72
72
75
72
72
73
73
73
73
73
73
73
73
74
74
74
74
75
75
75
75
75
53
76
76
76
76
76
76
53
75
30
1
3
4
22
22
21
20
23
25
19
18
15
4
6
6
6
22
22
22
7
7
28
28
28
28
46
73
43
45
42
40
61
68
68
67
66
63
56
37
37
38
38
38
38
40
41
41
36
36
23
23
23
23
27
23
27
27
24
28
28
29
8
29
29
51
33
32
35
35
35
60
60
60
60
34
60
59
59
30
30
34
34
31
31
29
29
29
30
69
28
35
23
8
24
44
69
61
58
28
29
29
34
29
30
30
38
5
61
42
76
56
