1
1
1
1
1
1
1
1
1
1
1
2
2
13
2
1
2
2
2
2
13
2
2
4
2
77
77
77
1
77
1
77
77
77
77
77
3
77
77
3
77
4
3
3
3
3
3
3
3
3
3
4
3
4
4
4
4
4
4
4
4
5
4
5
5
5
5
5
5
5
5
5
5
5
5
5
6
6
5
6
6
6
6
6
6
6
6
6
6
6
6
6
6
6
6
5
6
6
6
6
7
6
6
7
6
7
6
7
7
7
7
7
7
7
7
7
7
22
7
7
7
7
7
7
7
8
7
8
8
8
8
8
8
8
8
8
8
8
32
8
32
8
8
9
10
10
10
11
10
10
10
10
10
11
11
11
11
11
11
12
12
12
12
13
12
13
13
14
14
14
14
14
14
14
14
14
14
16
15
15
15
11
15
15
15
15
15
15
17
17
16
16
16
16
14
16
16
16
16
21
16
16
16
16
16
17
17
17
17
17
76
17
17
17
17
17
18
19
19
19
19
19
19
19
19
19
19
19
19
19
19
19
19
20
20
20
20
20
21
21
21
21
21
21
21
22
5
5
22
22
23
22
22
22
22
22
23
22
22
22
22
22
22
22
22
22
22
23
22
23
23
23
23
23
23
23
23
23
23
23
23
24
24
22
22
23
23
24
24
24
24
24
24
24
24
24
24
24
27
24
24
24
24
24
24
27
28
28
24
28
28
19
25
25
19
25
25
25
23
25
25
25
25
25
25
25
25
25
25
25
25
25
26
27
26
26
26
26
26
26
26
26
26
27
27
27
27
27
29
28
28
27
28
32
28
28
28
28
28
29
29
29
29
29
29
30
30
30
30
30
30
30
30
30
30
30
29
30
33
31
28
31
28
31
31
31
32
32
33
33
33
60
34
34
34
35
35
35
36
38
35
36
36
38
34
38
38
38
38
38
38
40
39
39
39
39
41
41
39
40
40
40
69
39
41
41
41
41
41
41
42
41
41
42
42
41
41
41
40
42
42
42
43
43
43
43
43
43
43
43
43
43
43
46
43
46
45
44
44
44
44
49
44
44
44
45
46
46
46
46
46
46
46
46
46
47
48
47
48
48
48
49
49
50
49
49
49
49
50
49
75
75
49
49
50
50
50
46
51
51
52
52
52
52
52
52
53
53
53
53
53
53
53
53
54
54
55
54
56
56
56
56
56
56
56
56
56
58
57
57
57
57
30
58
58
58
58
58
58
30
63
61
59
59
60
31
60
60
61
61
61
61
61
61
61
61
63
61
61
61
61
61
61
62
56
65
62
63
63
62
63
63
63
62
64
64
56
64
64
64
64
65
65
65
65
65
65
65
66
65
65
66
67
66
66
66
70
67
67
67
67
67
67
67
67
68
67
67
67
67
67
67
67
67
67
67
67
68
67
68
68
69
68
69
69
69
69
69
69
69
69
69
69
70
70
70
70
71
70
70
71
71
71
71
70
71
71
71
71
69
71
71
71
71
71
71
72
72
72
72
72
72
72
73
73
73
72
73
73
73
73
75
74
74
74
75
72
72
75
75
75
76
76
76
76
76
10
53
75
58
1
3
4
22
22
21
20
25
26
19
18
15
13
5
6
6
22
22
22
22
22
28
28
28
28
46
49
43
45
42
69
61
68
68
68
66
66
56
37
61
38
39
38
39
40
41
41
36
36
23
23
27
27
29
27
27
27
27
28
28
28
8
29
29
51
32
32
34
35
38
60
60
60
60
34
60
59
59
30
58
34
34
31
59
29
29
30
30
69
33
35
23
8
24
44
69
61
58
28
29
29
31
28
29
30
39
5
61
42
76
56
