1
2
2
1
1
1
1
1
1
1
1
2
2
13
13
2
2
13
2
13
13
2
2
4
2
77
77
77
77
2
2
77
77
77
77
77
77
77
77
77
77
77
4
4
4
3
3
3
3
3
4
3
3
4
4
4
4
4
4
4
4
4
4
4
5
5
5
5
5
5
5
5
5
5
5
21
4
4
4
5
5
3
6
6
5
5
5
6
6
6
6
6
6
6
6
5
5
5
5
7
7
6
6
7
6
7
7
7
7
7
7
7
7
7
7
5
5
22
22
7
7
7
7
7
7
8
8
8
7
8
8
8
8
8
8
8
8
32
32
32
32
8
8
9
9
9
10
10
10
10
76
10
10
11
11
11
11
11
11
12
12
12
12
13
13
13
14
13
14
14
14
14
14
14
14
14
14
12
12
15
15
15
17
15
15
15
19
15
15
19
16
16
16
16
16
16
16
16
16
16
16
16
16
16
16
17
17
17
17
76
17
17
17
17
17
17
18
19
19
19
17
19
19
19
19
19
19
20
20
19
19
19
19
20
20
20
20
20
21
21
21
21
21
21
21
21
21
21
21
21
21
21
22
21
20
22
22
22
22
22
22
21
22
22
22
22
23
22
22
23
23
23
23
23
23
23
23
23
23
26
26
24
22
22
24
22
24
24
24
24
24
24
24
24
24
24
24
24
24
24
24
24
24
24
27
27
27
28
28
28
28
19
19
25
25
25
25
19
25
25
25
25
25
26
26
26
26
26
25
25
26
26
26
26
26
26
26
26
26
26
26
26
26
27
27
27
27
27
27
28
27
28
28
28
27
28
28
28
28
29
29
29
29
29
29
30
30
30
30
31
30
31
30
30
30
30
30
56
31
32
31
31
31
31
31
31
32
32
33
33
33
34
34
34
34
35
34
35
36
36
36
36
38
38
40
38
38
38
38
40
38
38
36
36
39
39
39
39
39
40
40
40
40
41
41
40
41
41
41
41
41
41
41
42
42
41
42
42
42
42
42
42
42
43
43
43
43
43
42
43
42
43
43
43
43
46
45
45
44
44
44
44
44
44
44
45
46
46
46
43
46
46
46
46
48
47
48
48
48
48
48
49
49
49
49
49
49
50
49
49
49
49
49
49
50
50
50
51
51
51
52
52
52
52
52
52
53
53
75
53
53
53
53
53
54
54
55
55
56
56
56
56
56
56
56
56
56
57
57
57
57
57
58
58
58
57
58
58
58
58
58
59
59
59
60
31
60
60
61
61
61
61
61
61
61
61
63
61
61
61
61
61
61
62
62
62
62
63
63
63
63
63
63
63
64
64
64
64
64
64
64
65
65
65
65
65
65
66
66
66
65
66
66
66
66
65
65
67
67
67
67
67
67
67
67
67
67
67
67
67
67
67
67
67
67
68
68
68
68
68
68
68
68
69
69
69
69
69
69
69
69
69
45
70
70
70
70
70
70
70
70
71
71
67
71
71
71
71
71
71
71
71
71
71
71
49
72
72
72
72
72
72
72
73
73
73
73
73
73
73
73
74
74
74
75
75
75
75
75
75
75
76
76
76
76
76
10
53
75
56
1
3
4
21
22
21
20
25
25
19
18
12
13
5
6
5
22
22
22
5
22
28
28
28
28
48
49
43
45
42
40
40
68
68
67
66
63
56
37
40
40
38
38
38
40
41
40
36
36
23
23
27
27
27
27
27
27
27
28
27
28
8
27
29
51
32
32
33
35
36
60
60
60
60
60
60
59
59
30
30
33
34
31
31
29
29
29
30
69
32
35
23
22
24
44
69
61
58
28
29
29
31
29
29
31
40
5
40
42
76
56
