1
1
1
1
1
1
1
1
4
1
4
1
2
2
2
2
2
13
2
4
13
2
2
2
4
77
77
1
1
4
77
77
77
77
77
77
77
77
77
77
77
77
3
3
3
3
3
3
3
3
3
3
3
4
4
2
4
4
4
5
4
14
5
5
5
5
5
5
5
5
5
5
5
5
5
5
6
6
6
6
3
6
6
6
6
3
6
6
6
6
6
6
6
6
6
6
6
7
7
6
6
6
6
7
7
6
6
7
7
7
7
7
7
7
7
5
7
7
7
7
8
8
7
7
7
8
8
8
8
8
8
8
32
8
32
32
8
8
32
32
8
24
8
9
9
9
11
9
10
10
10
10
10
9
11
15
11
11
12
12
12
12
12
13
13
13
14
14
13
13
14
14
14
14
14
14
14
15
11
11
11
15
15
15
11
15
15
15
15
15
16
16
16
14
5
16
5
16
5
16
16
16
16
21
16
17
15
17
17
17
17
17
17
18
17
17
18
15
19
15
19
19
19
15
15
15
19
20
20
19
19
19
19
20
20
20
20
20
21
21
21
21
21
22
21
21
22
22
21
22
22
22
22
22
20
20
22
22
22
21
21
22
22
22
22
22
22
22
22
22
23
23
20
23
23
23
23
23
23
23
23
24
24
22
22
24
24
23
24
24
24
22
24
24
24
24
24
28
24
24
28
24
24
28
28
28
28
28
24
28
28
19
25
19
19
25
25
25
25
25
25
25
25
26
25
25
26
25
25
25
25
25
25
26
26
26
26
26
26
26
27
29
29
27
27
27
27
27
27
28
28
27
27
32
27
28
28
28
28
29
29
29
29
29
29
29
29
30
30
30
31
30
30
30
30
29
29
30
31
31
28
31
31
31
31
31
32
32
32
33
33
34
34
34
34
35
35
35
36
35
35
36
38
38
38
38
39
38
38
40
38
40
39
36
39
39
39
39
39
40
40
40
40
39
41
41
41
41
41
41
41
42
42
42
42
42
41
41
42
42
42
42
42
43
43
43
45
43
43
43
46
43
46
43
43
43
44
47
44
44
44
49
44
44
47
45
52
52
46
46
46
46
46
46
46
47
45
45
48
48
48
49
49
49
49
49
49
49
50
49
49
49
53
49
50
50
50
51
51
51
52
52
52
52
52
52
53
53
75
53
53
53
53
53
54
54
55
55
56
56
56
56
56
56
56
56
64
57
56
57
57
57
58
58
30
30
58
58
58
58
58
59
59
59
60
31
59
59
61
61
61
61
61
61
61
61
58
61
61
61
67
67
61
56
56
62
65
61
63
58
63
63
63
63
56
64
64
64
64
64
65
65
65
65
65
66
65
66
66
66
65
65
66
65
66
66
66
67
67
67
67
61
67
67
67
67
67
67
67
67
67
67
71
67
67
68
68
68
68
68
68
68
68
69
69
69
69
69
69
44
69
69
69
66
70
70
70
70
70
66
70
71
71
71
71
66
71
71
71
71
71
71
71
73
71
71
72
72
72
72
72
75
72
73
73
73
73
73
73
73
73
74
74
74
75
75
75
72
75
75
75
76
76
76
76
76
76
53
75
30
4
3
5
22
24
21
20
19
29
19
18
16
13
6
6
3
22
22
22
7
22
28
28
32
28
46
49
45
45
42
40
68
68
68
67
66
66
56
37
37
37
38
38
39
40
41
41
36
36
23
23
27
27
27
27
27
27
27
28
28
28
8
29
29
55
33
32
35
35
35
60
60
61
60
34
59
31
59
30
30
33
34
31
31
29
30
30
30
69
33
35
26
7
24
44
69
61
58
28
29
29
31
29
29
31
39
5
68
42
76
56
