1
1
1
1
1
1
1
1
1
1
1
2
2
2
2
2
2
2
2
4
4
4
4
2
2
77
77
77
77
77
77
77
77
77
77
77
77
77
77
77
77
77
3
3
3
3
3
3
3
3
3
3
3
4
4
4
4
4
4
4
4
4
4
5
4
5
5
5
5
5
5
5
5
5
7
5
6
6
6
6
6
6
6
6
6
6
6
6
6
6
6
6
6
6
6
6
6
6
6
6
6
6
6
6
6
6
6
7
7
7
7
7
7
7
7
7
7
7
7
7
7
7
7
7
7
8
7
8
8
7
8
8
8
8
8
8
8
8
8
8
8
8
8
9
9
10
10
10
10
10
10
11
10
11
11
11
11
11
11
12
12
12
11
13
14
13
14
14
14
14
16
14
14
14
14
14
14
15
15
15
15
15
15
15
15
15
15
15
15
17
16
16
16
16
16
16
5
16
16
16
16
16
16
16
16
17
17
17
17
76
17
17
17
17
17
17
18
19
19
19
17
19
19
19
19
19
19
19
19
19
19
19
19
20
20
20
20
20
21
21
21
21
21
21
22
22
22
22
22
22
22
21
22
20
22
20
22
22
22
22
22
22
22
22
24
22
22
23
22
23
23
23
23
23
23
23
23
23
23
23
26
24
22
24
24
24
24
24
24
24
24
24
24
24
24
24
24
24
24
24
24
24
24
28
24
24
24
24
24
24
24
25
25
25
25
25
25
19
23
25
25
25
25
25
25
25
26
25
25
25
25
25
25
26
23
23
26
26
26
26
26
26
26
27
27
27
27
27
27
28
28
28
28
28
28
28
28
28
28
29
29
29
29
29
29
30
30
30
30
30
30
30
30
30
30
29
30
30
28
28
31
31
31
31
31
31
32
32
32
33
34
34
34
34
34
35
35
35
38
35
35
35
38
38
38
38
38
38
38
38
38
38
39
39
39
39
39
39
39
40
40
40
40
39
41
41
41
41
41
41
42
41
41
42
42
42
42
42
42
42
42
69
43
43
43
43
43
43
43
43
43
43
43
43
43
43
44
47
44
44
44
44
44
44
44
45
46
46
46
46
46
46
46
46
46
47
48
48
48
48
48
49
49
49
49
49
49
49
49
49
49
49
49
49
50
50
50
52
48
51
46
52
52
52
52
51
53
49
53
53
53
53
53
53
54
54
51
55
56
56
56
56
56
56
56
56
56
57
57
57
57
62
30
58
58
58
58
58
58
58
58
59
59
59
60
60
59
60
61
61
61
61
61
61
61
61
61
61
61
61
61
61
61
62
62
62
62
61
63
63
63
63
63
63
64
56
64
64
64
64
64
65
65
65
65
65
64
66
63
66
65
66
66
66
66
66
66
67
67
67
67
67
67
67
67
68
67
67
67
67
67
67
67
67
67
67
68
68
68
68
68
69
68
69
69
69
69
69
69
69
69
69
69
70
70
70
70
70
70
71
70
71
71
71
71
71
71
71
71
71
71
71
71
71
71
71
72
72
72
72
75
72
72
73
73
73
73
73
49
73
73
74
74
74
75
75
75
75
75
75
75
76
76
76
76
76
10
53
75
30
1
3
4
5
22
21
20
19
26
19
18
15
13
6
6
6
5
22
22
7
7
28
28
28
28
46
49
43
45
42
40
68
67
68
67
66
63
56
37
37
38
38
38
38
41
41
41
36
36
23
23
26
26
27
27
27
28
28
28
28
28
7
29
29
51
28
32
35
35
35
60
60
60
60
60
60
59
59
30
30
35
34
30
59
29
29
29
30
69
28
35
23
8
24
44
69
61
58
28
29
29
59
29
29
30
38
5
61
42
76
56
