1
1
1
1
1
1
1
1
1
2
1
1
2
2
2
2
2
2
2
2
2
2
2
2
2
77
77
77
77
77
77
77
77
77
77
77
77
77
3
77
77
77
3
3
3
3
3
3
3
3
3
3
3
4
4
4
4
4
4
4
4
4
4
5
5
5
5
5
5
5
5
5
5
5
5
5
6
6
6
6
6
6
6
6
6
6
6
6
6
6
6
6
6
6
6
6
7
6
7
6
6
6
6
7
7
6
6
7
7
7
7
7
7
7
7
7
22
22
7
7
7
7
7
7
7
8
7
8
8
7
8
8
8
8
8
8
8
8
8
8
8
8
8
9
9
9
10
12
10
10
10
10
10
11
11
11
11
12
11
12
12
12
12
13
13
13
13
14
14
14
14
14
16
14
14
14
14
15
15
11
15
11
15
15
15
15
15
15
15
15
14
16
16
16
14
16
16
16
16
21
21
21
16
16
16
15
17
17
17
17
76
17
17
17
17
19
18
19
19
19
19
19
19
19
19
19
19
19
19
25
19
19
19
20
20
20
20
20
5
21
21
21
21
21
21
21
21
21
22
22
22
21
22
22
23
22
23
22
22
22
22
22
22
22
22
22
22
23
23
22
23
23
23
23
23
23
23
23
23
23
23
24
24
24
24
24
22
24
24
24
24
24
24
24
24
24
24
24
24
24
24
24
24
28
24
24
28
24
24
24
24
25
19
25
18
25
25
25
23
25
25
25
25
25
25
23
25
25
25
25
25
25
25
23
23
26
25
26
26
26
26
26
25
27
27
27
27
27
27
28
28
28
28
28
29
28
28
28
31
29
27
29
29
30
29
30
30
29
30
30
30
31
29
30
30
30
30
30
31
31
31
31
31
28
31
31
32
32
32
32
33
34
34
35
34
35
35
35
35
35
35
36
38
38
35
38
38
38
38
61
38
61
39
39
39
39
39
41
39
40
40
40
40
41
41
40
41
41
41
41
42
41
41
42
41
41
42
42
40
42
42
69
43
43
42
43
43
42
42
43
43
43
43
43
43
43
44
44
44
44
44
44
44
44
44
45
46
46
46
46
46
46
46
46
51
47
48
48
48
48
48
49
49
49
49
49
49
49
49
49
49
75
49
53
50
50
50
51
51
51
52
52
51
52
52
52
53
53
53
53
53
53
53
53
55
54
55
55
56
56
56
57
56
56
64
64
56
57
57
57
57
57
58
58
57
57
58
58
58
58
58
61
61
59
60
60
60
60
61
61
61
61
61
61
61
61
61
61
61
61
61
61
61
57
62
62
62
61
63
63
63
61
63
63
64
64
64
64
64
64
64
65
62
65
65
65
65
66
63
63
66
66
67
66
66
66
66
67
67
67
61
63
61
67
67
67
67
67
67
67
67
67
67
71
67
67
67
68
68
68
68
69
69
69
69
69
69
69
69
69
44
69
69
70
65
70
70
70
70
70
70
71
71
71
71
71
71
71
69
69
71
71
71
71
71
71
72
72
72
72
74
72
72
73
73
73
73
73
73
73
73
74
74
74
74
49
75
75
75
75
75
76
76
76
76
76
10
53
75
30
1
3
5
22
24
21
20
25
25
19
18
16
13
5
6
6
22
22
22
7
22
28
28
28
28
46
71
46
45
42
40
69
68
68
67
66
63
56
37
61
38
38
35
38
61
41
41
36
36
24
27
27
27
27
27
27
27
28
28
28
28
7
29
29
51
32
32
35
35
35
60
60
60
34
60
31
59
59
30
30
32
34
31
31
29
29
30
30
69
28
35
23
8
24
44
69
34
58
28
27
29
31
29
29
30
38
5
61
42
76
56
