1
2
1
1
1
1
1
1
1
1
1
2
2
2
2
2
2
2
2
2
2
2
2
4
2
77
77
77
77
77
2
77
77
77
77
77
77
77
3
77
77
77
3
3
3
3
3
3
3
3
3
3
3
4
4
4
4
4
4
4
4
4
4
5
5
5
5
5
5
5
5
5
5
5
5
7
6
5
6
6
6
6
6
6
6
6
6
6
6
6
6
6
6
6
6
5
7
6
6
6
7
6
6
6
6
7
7
7
7
7
7
7
7
7
7
7
32
7
7
7
7
7
7
8
7
8
7
8
7
8
8
8
32
8
8
8
8
8
32
32
8
32
32
9
9
10
11
10
10
10
10
10
10
11
11
11
11
12
11
12
12
12
12
13
13
13
13
13
14
14
14
14
14
14
14
14
14
15
15
15
15
15
15
15
19
15
15
15
19
15
14
16
16
16
14
16
16
16
5
16
16
21
16
16
21
17
17
17
17
17
17
17
17
17
17
17
18
20
19
19
19
19
19
19
19
19
19
19
19
19
19
19
19
20
20
20
19
20
21
21
21
22
21
21
21
21
21
22
21
21
22
22
22
22
20
22
22
22
21
22
22
22
22
22
22
22
22
22
22
23
23
22
23
20
23
23
23
23
23
23
23
22
24
24
24
24
24
24
24
24
24
24
24
24
24
28
24
24
24
24
24
24
24
24
24
24
24
24
28
28
24
19
25
25
25
25
25
19
25
25
25
25
25
25
25
25
25
25
25
25
25
25
26
26
26
26
26
26
26
26
29
26
26
29
27
27
27
27
27
28
28
28
28
28
28
28
28
28
28
29
29
30
29
29
29
30
30
30
30
30
30
30
30
30
30
30
30
30
31
31
28
31
31
31
31
31
32
32
32
32
33
34
34
34
35
36
35
36
35
35
38
36
38
38
38
38
38
38
38
38
38
38
39
39
39
39
39
39
39
40
40
40
40
41
41
41
41
41
41
41
41
41
41
41
42
42
41
42
42
42
42
42
43
42
42
43
43
43
43
42
43
43
43
43
43
43
44
44
69
44
44
44
44
44
47
45
52
46
52
52
46
46
46
46
52
47
45
48
48
48
48
49
49
49
49
49
49
49
50
49
49
49
49
49
50
50
50
48
48
51
52
52
52
52
52
52
49
53
53
53
53
53
53
53
54
54
55
55
56
56
56
56
56
56
64
64
56
57
57
57
62
56
59
58
57
58
58
58
58
58
58
59
61
59
60
60
60
60
61
61
61
61
61
61
61
61
63
61
61
61
61
61
61
62
56
62
62
61
63
63
63
63
63
63
64
56
64
64
64
64
64
66
65
65
65
65
65
66
66
66
66
66
66
66
66
66
65
68
67
67
61
67
67
67
67
68
67
67
67
67
67
67
71
71
67
68
68
68
68
68
68
68
68
69
69
69
69
69
69
69
69
69
44
65
65
70
70
70
70
65
70
71
71
71
71
71
71
71
69
69
71
71
71
71
71
71
72
72
72
72
75
72
75
73
73
73
72
73
73
73
73
74
74
74
74
75
75
75
74
75
75
76
76
76
76
76
10
53
74
30
1
3
4
5
24
21
20
25
25
19
18
15
13
6
6
6
22
22
22
7
32
28
28
28
28
46
71
45
45
42
40
68
68
68
67
66
63
56
37
38
37
38
38
39
41
41
39
36
36
24
23
27
27
27
23
27
27
28
28
28
28
8
29
29
51
32
32
35
36
35
60
60
60
60
60
34
59
59
30
30
33
34
31
31
29
29
29
30
69
31
35
23
32
24
44
69
61
63
29
29
30
31
29
29
30
38
5
68
42
76
56
