1
2
1
1
1
1
1
1
1
1
1
2
2
2
2
2
2
2
2
2
2
4
4
2
2
77
77
77
77
1
4
4
77
77
77
77
77
77
77
77
77
77
3
77
77
77
3
3
3
3
3
3
3
4
4
4
4
4
4
5
4
4
4
5
4
5
5
5
5
5
5
5
5
5
5
5
6
6
6
6
3
3
6
6
3
6
6
6
6
6
6
6
6
6
6
6
7
7
7
6
7
6
6
6
7
6
7
7
7
7
7
7
7
7
7
22
22
7
7
7
7
7
7
7
7
8
8
8
8
8
8
8
8
7
7
8
8
8
8
32
32
32
8
9
9
10
10
11
10
76
76
10
10
11
10
11
11
11
11
12
12
12
12
13
12
13
14
14
14
16
16
16
16
14
14
14
14
12
11
11
15
15
15
15
15
15
15
19
17
17
19
16
16
16
14
16
16
16
5
16
21
16
16
16
16
15
17
17
17
17
76
17
17
17
17
17
18
19
19
19
19
19
18
18
19
19
19
19
20
25
19
19
19
20
20
20
20
20
21
21
21
21
21
21
22
21
21
21
22
22
22
22
22
21
22
22
22
22
22
22
22
22
22
24
22
22
22
23
23
22
23
23
23
23
23
23
23
23
23
26
26
22
22
24
24
24
22
24
24
24
24
24
24
24
28
24
24
24
24
24
24
24
23
24
24
24
24
24
24
24
28
25
19
18
18
25
25
25
25
26
26
25
25
26
26
25
26
26
25
25
25
26
26
26
26
26
26
26
27
27
27
26
26
27
27
27
27
27
29
28
28
28
28
28
28
28
28
28
28
29
29
29
29
30
29
30
30
30
30
30
30
56
30
29
30
29
29
30
31
31
28
31
31
31
28
31
32
8
32
33
33
60
34
34
34
35
35
35
35
38
34
36
38
35
34
38
38
38
38
38
38
38
39
39
39
40
41
39
39
40
40
40
40
39
39
40
41
41
41
41
41
42
41
69
42
41
42
42
42
42
42
42
43
43
43
43
45
45
43
43
43
43
45
43
45
43
44
47
44
44
44
44
44
44
44
48
46
46
43
43
46
46
46
46
46
47
48
48
48
48
51
49
49
50
49
73
49
49
49
49
73
49
49
49
50
50
50
46
46
51
52
52
52
52
52
51
53
53
75
75
53
53
53
53
54
54
55
55
56
56
56
56
56
56
56
56
56
57
57
57
57
57
58
58
58
57
58
58
58
58
58
59
59
61
60
31
60
31
58
61
61
68
61
61
61
61
58
61
61
67
61
61
61
62
56
65
62
63
58
63
63
58
63
62
64
64
56
64
64
64
64
65
65
65
65
66
66
66
65
65
66
66
66
66
66
70
66
67
67
67
67
63
67
67
67
68
67
67
66
66
66
67
67
67
67
68
68
68
68
68
68
68
68
69
69
69
69
69
68
69
69
69
69
70
66
66
70
70
70
70
70
71
71
71
71
70
70
70
71
71
71
71
71
71
71
73
72
72
72
72
75
72
75
73
73
73
72
73
73
72
72
74
74
74
74
75
75
75
75
75
75
76
76
76
76
76
76
53
74
56
1
3
5
22
22
21
20
25
25
18
18
19
14
5
6
6
22
22
24
22
7
28
28
28
28
46
49
45
45
42
40
68
68
68
67
63
63
56
37
68
37
38
38
38
40
41
41
36
36
23
23
24
27
27
24
29
27
27
27
28
28
8
29
29
51
32
32
34
35
38
60
60
60
60
60
31
59
59
30
30
34
34
31
31
29
29
30
30
69
28
35
23
8
28
49
40
61
58
28
29
29
31
29
29
56
40
5
68
69
76
64
