1
1
1
1
1
1
1
1
1
2
1
2
2
2
2
2
2
2
2
4
12
4
4
2
4
77
77
77
77
1
1
77
77
77
77
77
77
77
77
77
77
77
3
3
3
77
3
3
3
3
3
3
3
4
4
4
13
4
4
4
14
14
14
5
5
5
5
5
5
5
5
5
5
5
5
5
6
5
5
6
3
3
6
6
3
3
6
6
6
6
6
6
6
6
6
5
5
6
6
7
7
6
7
6
6
7
6
7
7
7
7
7
7
7
7
7
22
7
7
7
7
7
7
7
7
8
8
8
8
8
8
8
8
8
8
32
8
8
32
8
8
24
24
9
9
9
10
9
10
9
10
11
10
11
10
11
11
11
12
12
12
12
12
12
12
13
13
13
14
13
12
14
14
14
14
14
14
15
15
15
15
15
15
17
15
19
15
19
15
15
16
16
14
16
16
16
16
5
16
16
16
16
16
16
21
15
17
15
17
76
17
17
17
17
17
17
18
19
19
19
19
15
19
15
19
19
19
19
20
19
19
19
19
21
20
20
20
20
21
21
21
21
21
21
21
21
21
22
22
21
22
21
22
21
20
22
20
22
22
22
22
22
22
22
22
22
22
22
20
24
23
22
22
20
23
23
23
23
27
23
26
24
24
22
24
24
24
24
24
24
24
24
22
22
22
22
24
24
24
24
24
24
24
24
28
24
28
24
24
24
24
19
19
18
18
25
25
25
23
25
25
25
25
25
25
23
25
25
25
25
25
25
25
26
23
26
23
25
26
26
26
27
26
27
27
27
27
27
26
24
28
28
28
32
29
28
28
28
28
26
29
29
29
29
29
29
30
30
30
30
30
31
30
30
30
30
29
30
31
31
31
31
31
31
31
31
32
32
32
32
33
34
34
34
34
35
33
35
35
35
35
38
38
38
38
38
38
38
38
40
38
38
39
39
39
39
39
39
39
40
40
40
42
39
39
41
41
41
41
41
42
42
42
42
42
42
42
40
40
42
42
42
43
43
43
42
43
43
43
43
43
43
46
46
43
46
44
44
69
44
44
44
44
44
47
45
46
46
46
46
46
46
46
46
46
47
48
48
48
48
48
49
49
49
49
49
49
49
49
53
49
49
53
53
50
50
50
46
51
52
52
52
52
52
52
55
53
49
75
53
53
53
53
53
55
54
55
55
56
56
56
56
56
56
56
56
56
57
57
57
58
57
31
58
58
58
58
58
58
58
58
61
59
60
60
59
59
60
61
61
61
61
61
61
61
61
61
63
61
61
61
61
61
62
62
62
62
63
63
63
63
63
67
63
64
64
56
56
64
64
64
65
65
64
65
65
65
66
65
65
65
66
66
66
66
66
65
67
67
61
61
67
67
67
67
68
68
68
67
66
67
67
67
67
66
67
68
68
68
67
68
68
68
68
69
69
69
69
69
71
44
69
44
71
65
70
70
70
70
70
70
71
71
67
71
71
67
67
71
71
71
71
71
72
71
71
72
72
72
72
72
72
72
71
73
73
73
73
49
73
75
72
74
74
74
75
72
75
75
75
75
76
76
76
76
76
76
53
72
30
1
3
4
5
24
21
20
25
25
17
18
16
13
6
6
3
22
22
22
22
22
28
28
28
28
46
49
43
45
42
40
68
61
68
67
67
67
56
37
61
40
38
38
38
40
41
39
36
36
27
27
27
27
27
27
26
27
28
28
28
28
7
29
29
52
32
32
35
35
35
60
60
60
60
34
60
59
59
31
30
33
33
31
31
30
29
30
30
69
32
34
23
7
24
44
42
61
58
29
26
29
32
29
29
31
38
5
61
42
76
56
