1
1
1
1
1
1
1
1
1
1
1
2
2
13
2
2
1
13
2
2
13
2
2
2
2
77
77
77
77
77
2
77
77
77
77
77
77
77
77
77
77
77
3
3
3
3
3
3
3
3
4
4
3
2
4
4
4
4
4
4
14
4
4
5
5
5
5
5
5
5
5
5
5
5
5
5
3
6
6
6
6
6
6
6
6
6
6
6
6
6
6
6
6
6
5
5
6
6
6
6
7
7
6
6
6
7
6
7
7
7
7
7
7
7
7
6
7
7
7
7
7
7
7
7
7
7
8
8
8
8
32
8
8
7
8
8
8
8
8
32
32
8
8
9
9
9
10
10
10
10
10
10
10
11
11
10
11
11
12
12
12
12
12
13
14
13
4
13
14
14
14
14
14
14
13
14
14
12
15
11
15
15
15
17
15
15
19
15
15
15
16
16
16
16
16
16
14
16
5
16
16
16
16
20
16
17
17
17
17
17
17
17
17
18
17
17
18
19
19
15
19
19
19
19
19
19
19
19
19
19
19
19
19
20
20
20
20
20
21
21
21
21
21
21
21
21
21
22
22
22
22
21
22
22
22
20
22
22
22
22
22
22
22
24
22
22
23
22
22
23
23
23
23
23
23
23
23
23
23
23
23
24
22
24
24
23
23
24
24
24
24
24
24
24
24
24
24
24
28
24
24
24
24
24
28
28
24
28
28
24
28
19
19
25
25
25
25
19
25
25
25
25
25
25
25
23
25
25
25
25
25
25
25
26
23
26
26
26
26
26
26
26
29
27
27
27
27
27
27
24
24
28
28
28
29
28
29
28
28
29
29
29
29
30
29
30
30
29
30
58
30
30
30
30
30
30
30
30
28
31
31
31
31
31
31
31
32
32
32
33
33
34
34
34
34
33
35
35
35
35
35
36
38
35
38
38
38
38
38
38
38
38
39
39
39
39
39
39
39
40
40
40
40
39
41
41
41
41
41
41
42
41
41
42
42
42
42
42
42
42
42
42
43
43
43
43
69
43
43
43
43
43
43
43
43
43
44
44
69
44
44
44
44
44
44
45
43
46
46
46
46
46
46
46
46
47
48
48
48
48
48
49
49
49
73
49
49
50
50
49
49
53
49
49
50
50
50
51
51
51
46
52
52
52
55
52
53
53
53
53
53
53
53
53
54
54
55
55
30
56
56
56
56
56
56
56
56
30
57
57
57
56
58
58
58
58
58
58
61
61
61
59
59
59
60
60
59
60
61
61
61
37
61
61
61
61
61
61
67
61
61
61
61
62
62
65
62
63
58
58
63
63
63
62
64
56
64
64
64
64
64
65
65
65
65
66
65
66
66
65
65
65
66
66
66
66
70
67
67
61
67
67
67
67
67
67
67
67
67
67
67
67
71
67
66
68
67
68
68
67
68
68
71
69
69
69
69
69
69
69
69
69
45
70
70
70
70
70
70
70
70
71
71
71
71
70
71
71
71
71
71
71
71
71
73
49
72
72
72
72
75
72
72
49
73
73
73
73
73
73
73
74
74
74
74
75
75
75
75
75
75
76
76
76
76
76
76
53
74
30
1
3
4
21
22
21
20
25
29
25
18
15
13
6
6
6
22
22
22
7
7
28
28
28
28
46
49
43
45
69
40
68
68
68
67
66
63
56
37
37
38
38
38
38
40
41
40
38
36
23
24
26
27
27
27
27
27
28
28
28
28
8
27
29
55
32
32
35
35
35
59
59
60
60
60
60
31
59
31
30
33
34
31
31
29
29
30
30
69
28
35
23
8
24
44
69
61
58
29
29
29
31
29
29
58
38
5
37
42
76
56
