1
1
1
1
1
1
1
1
1
1
1
2
2
2
2
2
2
2
2
4
4
4
2
2
2
77
77
77
77
1
1
77
77
77
77
77
77
77
77
3
77
4
3
3
3
3
3
3
3
3
4
3
3
4
4
4
4
4
4
4
4
4
4
5
5
5
5
5
5
5
5
5
5
5
5
5
6
6
6
6
6
6
6
6
6
6
6
6
6
6
6
6
6
6
6
5
6
6
7
6
6
6
6
6
7
6
7
7
7
7
7
7
7
7
7
7
7
7
7
7
7
7
7
7
8
8
8
8
8
8
8
8
8
8
8
8
8
8
32
8
8
8
8
9
9
9
10
10
10
10
10
10
10
11
11
11
11
11
11
12
12
12
12
13
13
4
13
14
14
14
13
14
14
14
14
14
14
15
15
11
17
11
17
15
15
15
15
15
15
17
16
16
16
16
16
16
16
16
21
16
16
16
16
16
16
17
15
17
76
76
17
17
17
17
17
17
18
19
19
19
19
19
19
19
19
19
19
20
19
19
19
19
19
20
20
20
20
20
21
21
21
21
21
21
21
21
21
22
21
22
22
22
22
21
22
21
22
22
22
22
22
22
22
22
22
22
23
23
22
23
23
23
23
23
23
23
23
23
23
23
23
22
22
24
24
24
22
24
24
24
24
24
24
24
24
24
24
24
24
28
24
24
24
24
28
24
28
24
24
24
24
25
19
25
25
25
25
25
23
25
25
25
25
25
25
25
25
25
25
25
25
25
25
26
26
26
26
26
26
26
26
27
26
27
27
27
27
29
27
28
28
28
28
28
28
28
28
28
28
29
29
29
29
29
29
30
29
30
30
30
30
30
30
30
56
30
30
56
31
31
31
31
31
31
31
31
32
32
32
33
33
34
34
34
34
35
34
35
35
35
35
36
38
38
38
38
38
38
38
38
38
38
39
36
39
39
39
39
39
40
40
40
40
41
41
41
41
41
41
41
41
41
42
42
42
42
42
42
42
42
69
42
42
43
43
69
69
43
43
43
43
43
43
46
43
43
44
44
44
44
44
44
44
44
44
45
52
46
46
46
46
46
46
46
46
47
48
45
48
48
48
49
49
49
49
49
49
49
49
49
49
49
49
53
50
50
50
51
48
51
52
52
52
52
52
52
53
53
75
53
53
53
53
53
54
54
55
54
56
56
56
56
56
56
64
64
56
56
57
57
57
57
58
58
58
58
58
58
58
61
58
61
59
59
60
60
60
60
61
61
61
61
61
61
61
61
61
61
61
67
61
61
61
58
62
62
62
63
63
63
63
63
63
63
64
64
64
64
64
64
64
65
65
65
65
65
65
66
66
66
66
66
66
66
66
70
66
68
67
67
67
67
67
67
67
67
67
67
67
67
67
67
67
67
67
68
68
68
68
67
68
68
68
69
69
69
69
69
69
69
69
69
69
70
65
70
70
70
70
70
70
71
68
68
71
71
71
71
71
69
71
71
71
73
71
71
72
72
72
74
74
75
73
73
73
73
73
73
73
73
73
74
74
74
74
75
75
75
75
75
75
76
76
76
76
76
76
53
75
56
1
3
4
22
22
21
20
25
25
19
18
15
13
6
6
6
22
22
22
22
7
28
28
28
28
46
49
43
45
42
40
68
61
68
67
66
63
56
37
37
38
38
38
38
40
41
41
36
36
23
23
27
27
27
27
27
27
28
28
28
28
8
29
29
51
32
32
35
35
35
60
60
60
60
34
60
59
59
30
30
35
34
31
31
29
29
29
30
69
31
35
23
8
22
44
69
61
58
28
29
29
31
29
29
30
40
5
61
42
76
64
