1
1
1
1
1
1
1
1
1
1
1
2
2
2
2
2
2
2
2
4
2
4
2
2
2
77
77
77
77
1
2
4
1
77
77
77
77
77
77
77
77
4
3
77
3
3
3
3
3
3
3
3
3
4
4
4
4
4
3
4
4
4
5
5
5
5
5
5
5
5
5
5
5
5
7
22
6
6
5
6
3
3
6
6
3
6
6
6
6
6
6
6
6
6
5
5
7
6
6
6
7
6
6
6
6
7
6
7
7
7
7
7
7
7
7
7
7
7
7
7
8
8
7
7
7
8
8
8
7
7
8
8
8
8
8
8
8
32
8
8
8
32
32
9
9
9
10
10
10
9
10
10
10
11
10
11
11
11
11
12
12
12
11
13
12
13
14
14
14
13
14
16
14
16
14
14
14
15
11
11
15
15
15
15
15
15
16
16
15
19
14
16
16
16
16
16
5
16
16
16
16
16
16
16
16
15
17
17
17
76
17
17
17
17
17
17
18
25
19
15
19
19
19
19
19
19
19
25
25
19
19
19
25
20
20
20
20
20
21
20
21
22
21
21
21
21
21
22
22
22
22
21
22
22
22
22
22
22
22
22
22
22
22
24
24
22
22
22
20
23
23
22
23
20
20
23
23
23
23
23
27
24
22
24
22
24
24
24
24
22
22
24
24
24
24
24
24
24
24
24
24
24
24
24
28
24
24
28
24
28
28
19
25
25
25
25
25
25
23
25
25
25
25
25
25
25
26
25
25
25
25
26
26
26
26
23
23
26
26
26
26
26
26
26
27
27
27
27
27
28
28
28
28
28
29
31
28
31
28
29
29
31
29
29
29
29
30
30
30
30
30
31
30
30
30
30
30
30
31
31
28
28
31
31
31
31
32
32
33
33
33
34
34
34
34
33
35
35
35
35
34
38
38
35
34
38
38
38
38
38
38
40
39
36
39
39
39
39
39
40
40
40
40
41
39
41
41
41
41
41
42
42
41
42
42
42
42
40
42
42
42
42
42
42
43
69
46
43
43
46
43
46
46
43
43
46
44
44
69
44
44
44
44
47
47
45
46
46
46
43
46
46
46
46
52
47
48
48
51
48
51
44
49
49
49
49
49
49
50
49
49
49
49
49
50
50
50
51
51
51
52
52
50
52
52
52
53
53
75
53
53
53
53
53
54
54
55
55
56
56
56
56
56
56
56
56
56
57
57
57
58
62
58
31
58
58
31
58
58
58
58
59
61
59
60
31
60
60
61
61
61
61
61
61
67
61
61
61
67
67
61
61
68
62
56
62
62
63
58
63
63
63
63
62
64
64
64
64
64
64
64
65
65
65
65
65
65
66
66
66
65
66
66
66
65
66
71
67
67
67
67
61
61
61
67
67
67
67
67
66
67
67
68
67
67
68
67
68
68
67
68
68
68
69
69
69
69
69
69
69
69
69
45
71
70
70
70
70
70
70
70
68
71
67
71
71
71
71
71
69
71
71
71
71
71
71
72
72
72
72
72
72
75
73
73
73
73
73
49
73
73
74
74
74
75
75
75
72
75
75
49
76
76
76
76
76
76
53
75
57
1
3
5
22
22
21
20
25
29
25
18
15
13
6
6
3
22
22
22
7
7
28
28
28
28
51
49
46
45
42
40
68
68
67
67
66
66
56
37
38
38
38
38
38
40
41
41
36
36
23
23
27
27
27
27
27
27
28
31
31
31
8
29
29
50
32
32
33
35
35
60
60
60
60
34
60
59
59
30
30
33
34
31
31
30
29
30
30
69
28
35
23
32
24
44
69
61
58
31
29
29
31
29
29
31
39
5
61
42
76
62
