1
1
1
1
1
77
77
1
77
1
1
1
1
2
1
1
1
2
1
2
13
2
2
2
2
77
77
77
77
77
77
77
3
77
77
77
3
77
3
77
3
77
3
3
77
3
3
3
3
3
3
3
3
2
16
2
16
16
16
3
16
16
3
3
4
16
16
3
3
3
16
5
22
3
7
22
3
6
6
6
6
3
6
6
6
6
6
6
6
6
6
6
6
6
6
6
3
6
6
6
6
6
6
6
6
6
6
7
7
7
6
7
7
7
7
7
7
7
7
7
7
7
7
7
8
7
8
8
7
8
7
8
7
7
8
8
7
7
8
8
8
8
8
9
76
76
10
76
76
76
76
76
11
76
11
11
11
11
11
14
14
14
12
14
14
2
14
14
14
14
14
14
14
14
14
14
16
15
11
15
15
15
15
15
15
15
19
15
19
15
15
16
16
16
16
16
16
16
16
16
16
16
16
15
15
17
19
19
76
76
76
76
76
19
19
19
19
19
15
19
19
15
19
19
19
19
19
19
19
19
25
25
19
19
19
20
20
19
22
15
16
16
16
16
22
22
21
22
22
22
22
22
22
22
22
22
22
22
23
22
22
7
7
22
22
23
23
22
22
22
23
22
19
25
23
23
23
23
26
23
26
24
24
24
22
22
22
23
24
24
24
24
24
24
8
8
24
24
24
24
24
23
23
28
28
28
24
24
24
28
8
25
25
25
25
25
25
25
25
25
25
25
25
26
25
25
26
26
25
25
25
25
25
26
23
23
26
26
26
26
26
26
29
29
27
27
29
27
29
28
28
28
27
28
27
28
28
28
28
29
29
29
29
29
29
29
29
29
30
58
30
30
29
29
30
29
29
30
28
28
28
31
60
28
28
29
32
8
8
33
28
60
60
38
38
35
35
35
35
35
35
35
38
38
38
38
38
38
38
61
38
40
39
39
39
39
39
39
39
42
40
40
42
39
41
41
41
41
41
41
42
42
42
42
42
41
42
42
42
42
42
42
43
46
69
69
44
43
43
46
43
44
43
43
46
46
44
48
44
44
69
44
44
44
44
43
46
46
46
46
45
43
48
46
46
44
48
48
49
48
48
49
44
49
49
49
49
49
49
49
49
49
49
49
49
49
50
46
49
49
46
52
46
46
46
46
53
49
75
75
53
53
53
53
54
47
51
55
57
57
57
57
62
62
64
62
56
57
30
57
57
57
58
58
57
58
58
58
58
58
61
59
59
59
59
60
59
60
61
61
61
61
61
61
61
61
61
61
61
61
61
61
61
62
62
62
62
61
63
62
63
63
63
63
62
62
62
62
62
62
62
62
65
65
65
65
62
66
66
63
63
66
66
66
66
66
66
61
61
67
61
66
67
67
67
67
67
67
67
66
67
67
67
67
67
61
67
67
67
71
68
71
71
71
69
42
69
69
71
71
69
44
44
66
66
66
66
66
70
71
70
71
67
71
71
71
71
67
71
71
71
71
71
71
71
69
70
70
70
75
75
72
75
69
71
71
71
71
49
49
73
75
75
74
75
75
72
75
75
75
75
76
76
76
76
76
76
75
75
30
1
3
3
22
22
16
19
25
29
25
18
16
2
3
6
3
7
7
22
7
7
28
28
28
28
48
69
44
48
42
40
67
61
61
71
63
63
57
37
61
38
38
38
39
40
41
40
38
36
23
23
29
29
27
27
27
27
28
27
28
28
8
29
29
49
28
8
35
35
35
59
59
61
61
60
60
58
59
29
30
35
34
29
58
29
29
29
30
69
28
35
23
8
8
69
69
61
58
28
29
29
60
28
29
58
38
16
61
42
76
62
