1
2
1
1
1
1
1
1
1
1
1
2
2
13
2
1
2
2
2
2
13
2
2
2
77
77
77
77
77
77
77
77
3
77
77
77
77
77
77
77
3
77
4
3
3
77
3
3
3
3
4
4
3
4
4
4
4
4
4
4
4
4
4
5
5
5
5
5
5
5
5
5
5
5
5
5
6
4
6
6
6
3
6
6
6
6
6
6
6
7
6
6
6
6
6
5
7
6
6
6
6
6
7
6
7
7
6
7
6
7
6
7
7
7
7
7
7
7
7
7
7
7
7
7
7
8
8
8
7
8
8
8
8
8
8
8
8
32
8
8
8
8
8
9
9
9
10
10
10
10
76
10
76
10
11
11
11
12
11
12
12
12
12
13
12
13
14
14
14
13
14
16
14
14
14
14
4
15
15
15
15
11
15
15
15
15
15
15
15
15
16
16
14
14
5
16
5
16
21
16
16
16
16
21
16
17
17
17
17
76
17
17
17
17
18
17
18
19
19
15
19
19
19
19
19
19
19
20
19
19
19
25
19
19
20
20
20
20
21
21
21
21
21
21
21
21
21
21
22
22
23
22
22
22
22
22
22
23
22
22
21
22
22
22
22
22
23
23
22
23
23
23
23
23
23
23
23
23
23
27
27
24
22
24
22
24
23
23
24
22
24
24
24
24
24
24
24
24
24
24
24
24
23
27
24
24
28
28
24
24
24
25
25
25
19
25
25
25
25
26
26
25
25
26
25
25
26
26
25
25
25
25
26
26
23
23
26
26
26
26
26
26
29
26
27
27
26
27
27
28
28
27
27
28
27
28
28
28
28
29
29
30
29
29
29
29
30
30
30
30
31
31
30
30
30
29
30
29
31
28
31
31
31
31
31
31
32
32
33
33
33
34
34
34
34
35
35
36
35
35
35
36
36
36
38
38
38
40
40
38
40
38
39
39
39
39
41
39
39
40
40
40
40
41
39
41
41
39
41
41
41
41
41
42
42
42
41
40
42
42
42
42
43
42
42
43
43
43
43
43
43
43
46
46
43
43
69
47
44
44
69
44
44
44
44
45
46
46
46
46
45
46
46
46
48
47
48
48
48
48
48
49
49
49
49
73
49
49
49
49
49
49
49
50
50
50
50
46
51
51
46
46
52
52
52
52
53
49
53
53
53
53
53
53
54
54
55
55
56
56
56
56
56
56
56
56
56
57
57
57
57
57
58
58
30
57
57
58
58
58
58
59
59
59
60
60
60
60
61
61
61
61
61
61
61
61
61
61
67
61
67
61
61
62
62
62
65
61
63
63
63
61
63
65
65
64
64
64
64
64
64
65
65
65
65
65
64
66
66
66
66
66
67
66
66
66
66
67
61
61
67
67
67
67
67
67
67
67
67
67
67
67
67
67
67
67
68
68
68
68
68
69
67
68
69
69
69
69
69
69
69
69
69
70
65
70
70
70
70
71
70
71
71
71
71
71
71
71
71
71
71
71
70
71
71
71
72
72
72
72
72
72
75
71
73
73
72
73
73
73
73
74
74
74
74
75
75
75
75
75
75
76
76
76
76
76
76
53
75
30
2
3
4
22
22
21
20
25
29
19
18
15
13
5
6
6
22
22
22
22
7
28
28
28
28
46
49
43
69
69
40
68
68
68
67
66
63
56
37
37
38
40
38
38
40
41
41
36
36
23
23
27
27
27
27
27
27
24
27
28
28
8
29
29
51
32
32
35
35
35
60
60
60
60
60
60
59
59
30
30
33
34
30
31
29
29
29
30
69
28
35
23
8
24
44
69
59
63
28
29
29
31
29
29
30
38
5
61
42
76
56
