1
1
1
1
1
1
1
1
1
2
1
2
2
2
2
2
2
2
2
2
13
2
2
4
2
77
77
77
77
1
77
77
77
77
77
77
77
77
77
77
77
4
3
77
77
3
3
3
3
3
3
4
3
4
4
4
4
4
3
4
4
14
4
5
5
5
5
5
5
5
5
5
5
5
5
5
6
6
5
6
3
6
6
6
6
6
6
6
6
6
6
6
6
6
6
6
7
6
6
7
7
6
6
7
7
6
6
7
7
7
7
7
7
7
7
7
7
7
7
7
7
7
7
7
8
8
8
8
7
8
8
8
8
8
8
8
8
8
8
8
8
8
8
9
9
9
9
9
10
10
10
11
11
11
11
11
11
11
11
12
12
12
11
13
13
13
14
13
14
14
13
14
14
14
14
14
14
15
15
11
15
17
17
17
17
15
15
19
15
15
16
16
16
14
16
16
16
16
16
16
16
16
16
21
21
17
17
17
17
17
76
17
17
18
17
17
18
20
19
15
19
19
19
19
15
19
19
19
20
19
19
25
19
20
20
20
20
20
21
21
21
21
21
21
21
21
21
21
22
22
22
22
22
22
20
20
22
22
22
22
22
22
22
22
22
23
22
22
22
23
23
23
23
20
23
23
23
23
23
23
26
22
22
24
24
22
22
24
22
24
24
24
24
24
24
24
24
24
24
24
24
24
23
24
28
24
24
24
24
24
24
19
25
25
25
25
25
25
23
23
25
25
25
25
25
25
25
25
25
25
25
25
25
26
26
26
23
26
26
26
26
26
26
27
27
27
27
27
29
28
28
28
28
28
27
28
28
28
28
29
29
29
29
29
29
30
30
30
30
30
30
31
30
30
30
30
30
30
31
28
31
31
31
31
31
31
32
32
32
32
33
34
34
34
34
35
35
35
35
38
34
36
38
38
38
38
38
38
38
38
38
38
39
39
39
39
39
39
39
40
40
40
69
41
39
40
41
41
41
41
42
41
41
42
42
41
41
42
42
42
42
42
43
43
43
42
43
43
43
43
43
43
43
43
43
43
44
44
69
44
44
49
44
44
49
45
46
46
46
46
46
46
46
46
46
47
48
48
51
48
46
49
49
49
49
49
49
49
49
53
49
49
53
49
50
50
50
51
46
51
52
52
52
52
52
52
53
53
75
53
53
53
53
53
54
54
51
55
56
56
56
56
56
56
56
56
56
57
57
57
58
57
58
58
30
58
58
58
58
58
59
59
59
60
60
60
59
60
59
61
61
61
61
61
61
61
61
61
61
67
61
61
61
62
57
62
62
61
58
63
63
63
63
63
64
64
64
64
64
64
64
65
64
65
65
65
65
66
66
66
66
66
66
66
66
66
65
67
67
67
67
63
67
67
67
67
68
67
67
67
67
67
67
67
67
67
68
68
68
68
68
68
68
69
69
69
69
68
68
69
69
69
69
70
70
70
70
70
70
71
71
69
71
71
71
71
71
71
71
44
71
71
71
71
71
71
72
72
72
72
72
72
72
73
73
73
73
73
73
73
75
75
75
74
74
75
75
75
75
75
75
76
76
76
76
76
10
53
75
30
1
3
4
22
22
21
20
25
25
19
18
16
13
6
6
6
22
22
24
22
7
28
28
28
28
46
49
43
45
42
40
68
68
68
68
66
63
56
37
37
37
38
38
38
37
41
41
36
36
23
23
27
27
27
27
27
27
28
28
28
28
8
29
29
51
28
28
33
35
38
60
60
60
60
60
60
59
59
30
58
33
34
30
31
30
29
29
30
69
28
35
23
8
24
44
69
37
58
28
29
29
31
27
29
58
38
5
61
42
76
56
