1
2
2
1
1
1
1
1
1
2
2
13
13
13
13
2
2
13
2
13
13
13
2
2
2
77
1
1
1
1
2
77
77
77
77
77
77
77
77
77
77
77
4
4
4
3
3
3
3
4
4
4
3
4
14
4
4
14
4
14
14
14
14
4
14
16
5
5
5
5
16
16
16
5
5
16
3
4
5
5
5
3
6
5
5
5
5
5
6
6
5
6
6
5
5
21
21
5
5
5
6
6
6
7
6
7
6
7
7
7
7
7
7
7
7
21
22
22
32
32
7
7
32
32
32
8
8
8
8
32
32
8
8
7
8
8
8
8
32
32
32
28
28
9
9
9
10
11
9
76
76
10
10
11
11
10
11
11
11
11
11
12
12
12
12
13
14
13
14
12
16
14
14
14
13
14
14
12
12
10
17
10
17
15
12
15
15
15
15
15
16
16
16
16
14
16
16
16
16
16
21
15
15
15
15
17
17
17
76
76
76
76
18
18
17
17
18
15
19
19
17
15
18
19
19
19
19
20
19
19
19
19
19
20
20
20
20
20
21
15
21
21
21
21
21
21
21
21
21
21
20
20
20
20
20
20
20
22
22
22
21
21
22
22
22
22
20
20
20
20
20
20
20
23
23
23
23
23
23
27
27
24
22
22
24
24
22
20
20
24
24
22
22
24
24
24
24
24
24
24
24
23
23
23
23
23
28
24
28
28
24
23
18
18
18
25
25
23
23
25
25
25
25
26
25
26
26
26
25
25
26
26
26
27
27
26
23
26
26
26
26
27
27
26
27
27
27
27
29
28
28
29
27
33
29
29
31
28
33
29
29
31
29
30
29
30
29
30
30
30
30
31
30
30
30
30
29
30
31
33
33
31
31
31
31
31
32
8
33
33
34
34
34
34
34
35
34
36
36
35
34
36
38
35
34
38
38
38
34
34
38
38
38
39
39
40
39
39
39
40
40
40
40
39
41
40
41
41
41
41
42
41
41
42
41
41
42
42
42
42
42
42
43
43
43
43
45
43
46
46
43
43
45
43
43
46
45
47
69
44
44
47
44
44
47
45
46
46
48
46
46
46
48
48
48
47
48
51
51
48
48
47
49
49
49
49
49
50
50
49
75
49
49
49
50
50
50
51
48
51
52
52
51
52
52
51
53
53
75
53
53
53
53
53
54
54
55
55
57
57
57
57
56
56
56
56
56
57
57
57
57
57
58
58
57
57
57
58
58
58
59
59
59
59
60
60
60
60
59
61
61
34
61
61
61
61
59
61
61
61
61
61
61
62
62
62
62
59
63
62
63
63
63
63
64
64
64
64
64
64
64
65
62
65
65
65
65
66
66
66
65
66
66
65
65
66
66
61
61
67
67
67
67
67
67
68
67
67
67
67
67
67
67
67
67
61
68
68
68
68
68
68
68
44
69
69
69
44
44
44
44
69
45
66
70
70
70
70
70
70
72
71
71
71
71
70
71
71
73
73
71
71
71
71
73
73
72
72
72
74
74
74
72
73
73
73
72
73
73
72
72
74
74
74
74
75
75
74
75
75
49
76
76
76
76
76
76
53
75
30
2
3
4
21
22
21
20
23
26
18
18
12
13
5
5
3
22
22
22
22
32
28
28
28
28
48
49
45
45
42
40
34
68
68
67
63
63
56
37
34
34
38
35
38
40
41
40
38
36
23
23
27
27
27
23
29
27
27
29
27
31
32
29
29
51
33
32
35
35
36
60
60
60
60
34
34
59
31
30
30
34
34
31
31
29
29
29
30
69
33
35
23
24
24
44
69
61
58
31
27
29
31
29
29
30
40
16
34
42
76
62
