1
1
1
1
1
1
1
1
1
1
1
2
2
13
2
1
2
2
2
13
13
2
2
4
4
77
77
77
1
77
77
77
77
77
77
77
77
77
77
77
77
3
3
3
3
77
3
3
3
3
4
3
3
4
4
4
4
4
3
4
4
4
4
5
4
16
5
5
5
7
5
5
7
5
7
7
6
6
6
6
6
3
6
6
6
6
6
6
6
6
6
6
6
6
6
6
6
7
6
7
6
6
6
6
6
6
6
7
7
7
7
7
7
7
7
7
7
7
7
7
7
7
7
7
7
8
8
8
8
8
8
8
8
8
8
8
8
8
8
8
8
8
8
9
9
10
10
9
10
10
10
11
10
11
11
11
11
11
11
12
12
12
12
13
12
13
14
14
14
14
14
14
14
14
14
14
14
15
15
15
15
15
17
15
15
15
15
15
15
15
16
16
16
16
16
16
16
16
16
16
16
16
16
16
16
17
17
17
17
17
17
17
18
18
17
15
18
19
19
19
19
19
19
19
19
19
19
19
19
19
19
19
19
20
20
20
20
20
21
16
21
21
21
21
21
22
21
21
22
22
22
22
22
22
22
22
22
22
22
22
22
22
22
22
22
22
22
22
22
22
23
23
23
23
23
23
23
23
23
23
23
24
24
24
24
24
24
24
24
24
24
24
24
24
24
24
24
24
24
24
24
24
24
24
24
24
28
24
24
24
24
25
25
25
19
25
25
25
25
25
25
25
25
25
25
25
25
25
25
25
25
25
25
27
26
26
26
25
26
26
26
26
26
27
27
27
27
27
27
28
28
28
28
28
28
28
28
28
28
29
29
29
29
29
29
30
30
30
30
30
30
30
30
30
30
30
30
30
31
28
31
28
28
28
31
31
32
32
32
32
35
34
34
34
34
35
35
35
35
35
35
35
38
38
38
38
38
38
38
37
38
38
39
39
39
39
39
41
39
40
40
40
40
41
41
41
41
41
41
41
41
41
41
42
41
42
42
42
42
42
42
42
43
43
43
42
43
43
43
43
43
43
43
43
43
43
44
44
44
44
44
49
44
44
44
45
46
46
46
43
46
46
46
46
46
47
48
48
48
48
48
49
49
49
49
49
49
49
49
49
49
49
49
49
50
50
50
51
51
51
52
52
52
52
52
52
53
53
53
53
53
53
53
53
54
54
55
51
56
56
56
56
56
56
56
56
56
57
57
57
57
57
58
30
58
58
58
58
58
58
58
59
61
59
60
60
60
60
61
61
61
61
61
61
61
61
61
61
61
61
61
61
61
58
62
62
63
63
63
63
63
63
63
63
64
64
64
64
64
64
64
65
65
65
65
65
64
66
65
65
66
66
66
66
66
70
66
67
67
67
61
67
61
67
67
67
67
67
67
67
67
67
67
67
67
61
68
68
68
67
68
68
67
69
69
69
69
69
69
69
69
69
44
70
70
70
70
70
70
70
72
71
71
71
71
71
71
71
71
71
71
71
71
71
71
71
72
72
72
72
74
72
72
73
73
73
73
73
73
73
73
74
74
74
75
75
75
75
75
75
75
76
76
76
76
76
10
53
75
30
4
3
4
5
22
21
20
25
25
19
18
15
13
6
6
6
22
22
22
7
7
28
24
28
28
46
49
43
45
42
40
68
61
61
67
66
66
56
37
37
37
38
38
38
40
41
39
39
36
23
23
27
27
27
27
27
27
28
28
28
28
8
29
29
51
33
33
35
35
35
60
60
60
60
60
60
59
59
30
30
35
34
31
31
29
29
29
30
69
28
35
23
8
24
44
69
61
58
28
29
29
31
29
29
30
38
5
61
42
76
56
