1
1
1
1
1
1
1
1
77
1
1
1
1
2
2
2
2
2
2
13
2
13
2
4
2
77
77
77
77
77
77
77
77
77
77
77
77
77
77
3
3
77
3
3
3
3
3
3
3
3
3
3
3
4
4
4
4
4
4
4
4
4
4
5
5
5
5
5
5
5
5
5
5
5
5
5
6
6
6
6
6
6
6
6
6
6
6
6
6
6
6
6
6
6
6
6
6
6
6
6
6
6
6
6
7
7
6
7
7
7
7
7
7
7
7
7
7
7
7
7
7
7
7
7
7
8
8
8
8
7
8
8
8
8
8
8
8
32
8
8
8
8
8
9
9
9
10
10
10
10
10
10
10
11
11
11
11
11
11
12
12
12
14
13
13
13
14
14
14
14
14
14
14
14
14
14
14
15
11
15
15
15
15
15
15
15
15
15
15
17
16
16
16
16
16
16
16
16
16
16
16
16
16
16
16
17
17
17
17
17
17
17
17
17
18
17
18
19
19
19
19
19
19
19
19
19
19
19
19
19
19
19
19
20
20
20
20
20
5
20
21
21
21
21
21
21
21
22
22
22
22
21
22
21
23
22
22
22
22
22
22
22
5
22
22
24
23
23
23
23
23
23
23
23
23
23
23
23
23
23
23
24
24
24
22
24
24
24
24
24
24
24
24
24
24
24
24
24
24
24
24
24
24
24
24
24
24
24
24
24
24
25
25
25
25
25
25
25
25
25
25
25
25
25
26
25
26
26
25
25
25
25
25
27
27
23
26
26
26
26
26
26
25
27
27
27
27
27
27
28
28
27
28
28
28
28
28
28
28
29
29
29
29
29
29
30
30
30
30
30
30
30
30
30
30
30
30
30
28
28
28
28
31
31
31
31
32
28
33
33
35
34
34
34
34
35
35
35
35
35
38
36
38
38
38
38
38
38
38
38
38
38
36
39
39
39
39
39
39
40
40
40
40
41
41
41
41
41
41
41
41
42
41
42
42
42
42
42
42
42
42
42
43
43
43
69
43
43
43
43
43
43
43
43
43
43
69
44
69
44
44
44
44
47
44
45
46
46
46
46
46
46
48
46
46
47
45
48
48
48
48
49
49
50
49
49
49
49
49
49
49
49
49
49
50
50
50
51
48
51
52
52
52
52
52
51
53
53
53
53
53
53
53
53
54
54
52
55
56
56
56
57
56
56
56
56
56
57
57
57
58
56
58
58
30
58
58
58
58
58
58
59
59
61
60
60
60
60
61
61
61
61
61
61
61
61
61
61
61
67
61
61
61
62
62
62
62
63
63
63
63
63
63
63
64
64
64
64
64
64
64
65
65
65
65
65
65
66
66
66
66
66
66
66
66
66
66
67
61
67
61
67
67
67
67
67
67
67
67
67
67
67
67
67
67
61
67
68
68
67
68
68
68
69
69
69
69
69
69
69
44
69
69
70
70
70
70
70
70
72
72
71
71
71
71
71
71
71
71
71
71
71
71
71
71
71
72
72
72
72
72
72
72
73
73
73
73
73
73
73
73
75
74
74
75
75
75
75
75
75
75
76
76
76
76
76
76
53
75
30
77
3
4
5
22
21
20
25
25
19
18
15
4
6
6
3
22
22
22
7
7
28
28
28
28
46
49
43
45
42
40
68
61
68
67
66
63
56
37
40
38
38
38
38
40
41
41
36
36
23
23
27
27
27
27
27
27
28
28
28
28
7
29
29
51
28
28
35
35
35
60
60
60
60
60
60
58
59
30
30
35
34
31
31
29
29
29
30
69
28
35
23
8
24
44
69
61
58
31
29
29
31
29
29
30
38
5
61
42
76
56
