1
1
1
1
1
1
1
77
1
1
1
1
2
13
2
2
2
13
2
4
13
2
2
2
2
77
77
77
77
77
77
77
77
77
77
77
77
77
77
77
77
77
3
3
3
3
3
3
3
3
4
3
3
4
4
4
4
4
4
4
4
4
5
4
5
5
5
5
5
5
5
5
5
5
7
5
6
6
5
6
6
6
6
6
6
6
6
6
6
6
6
6
6
6
6
6
6
6
6
6
6
6
6
6
6
6
6
7
7
7
7
7
7
7
7
7
7
7
7
7
7
7
7
7
7
7
8
8
7
8
8
8
8
8
8
8
32
32
8
31
31
8
8
9
10
10
10
11
10
10
76
10
10
11
11
11
11
11
11
12
12
12
12
13
12
13
14
14
14
14
14
14
14
14
14
14
14
15
15
11
15
15
15
15
15
15
15
15
19
15
16
16
16
16
16
16
16
16
16
16
16
16
16
16
16
17
17
17
17
17
17
17
17
17
17
17
18
19
19
19
19
19
19
19
19
19
19
19
19
19
19
19
19
20
20
20
20
20
21
16
16
16
16
21
21
5
5
22
5
22
22
22
22
16
20
20
22
22
22
5
5
22
22
22
22
22
23
22
20
23
23
23
23
20
20
23
23
23
23
23
23
24
24
24
24
24
24
24
24
24
24
24
24
24
24
24
24
24
24
24
24
24
24
24
24
24
28
24
24
24
24
19
25
25
25
25
25
25
23
25
25
25
25
25
25
23
25
25
25
25
25
25
25
23
26
26
23
25
25
26
23
29
26
29
27
27
27
27
29
31
28
27
28
28
28
28
27
28
31
29
29
31
29
29
29
30
30
30
30
30
30
30
30
30
30
30
30
30
31
31
31
31
31
31
31
31
32
32
32
32
33
34
34
34
34
35
34
35
38
38
38
35
38
38
38
38
38
38
38
38
38
38
39
36
39
39
39
39
39
40
40
40
40
41
41
41
41
41
42
41
41
42
41
42
41
42
42
42
42
42
42
42
43
43
43
43
43
43
43
43
43
43
43
43
43
43
69
45
44
44
44
44
44
44
49
45
46
46
46
43
46
46
48
46
46
47
48
48
51
51
48
49
49
49
49
49
49
49
49
49
49
49
49
49
50
50
50
51
51
51
46
52
52
46
52
51
49
53
53
53
53
53
53
53
54
54
55
54
56
56
56
56
56
56
56
56
56
57
56
57
58
57
58
58
58
58
58
58
58
58
58
59
59
59
60
60
60
60
61
61
61
61
61
61
61
61
61
61
61
61
67
61
61
58
62
62
62
63
63
63
63
63
63
63
64
64
64
64
64
64
64
62
65
65
65
65
64
62
66
62
65
66
67
67
65
67
65
67
67
67
67
67
67
67
67
67
67
67
67
67
67
67
67
67
71
68
67
68
68
68
68
69
68
69
69
69
69
69
69
69
69
69
69
70
65
70
70
70
70
70
72
71
71
71
71
70
71
71
71
71
71
71
71
71
71
71
72
72
72
72
72
72
73
73
73
73
73
72
73
73
73
74
74
74
74
75
75
75
75
75
53
76
76
76
76
76
10
53
74
30
1
3
4
5
22
16
20
19
25
19
18
16
4
6
6
6
5
22
22
7
7
28
28
28
31
46
49
46
45
42
40
68
68
68
67
66
67
56
37
37
38
39
38
39
40
41
41
36
36
23
23
27
27
27
27
27
27
27
28
27
27
7
29
29
51
31
31
35
35
35
59
60
60
60
60
60
59
59
30
30
35
34
31
31
29
29
29
30
69
31
35
23
8
24
44
69
61
58
28
29
29
60
29
30
30
38
5
68
42
76
56
