1
1
1
1
77
1
1
1
77
77
1
1
2
4
1
1
4
4
4
4
12
13
12
4
4
77
77
77
77
1
77
77
77
77
77
77
77
77
77
77
77
77
3
77
3
3
3
3
3
3
3
3
3
4
4
4
4
4
3
4
4
16
4
3
16
16
5
7
7
7
7
7
7
7
7
7
6
3
6
6
6
6
6
6
6
6
6
6
6
6
6
6
6
6
6
7
6
6
7
6
6
6
6
6
6
6
6
7
7
7
7
7
7
7
7
7
7
7
7
7
7
7
8
7
8
8
8
8
8
8
8
8
8
8
8
8
8
8
8
8
8
8
8
9
10
10
10
10
10
76
10
11
10
12
11
11
11
12
11
12
12
12
12
12
14
12
14
14
14
14
14
16
16
14
14
14
14
15
11
11
11
15
15
15
15
15
19
15
15
19
16
16
16
16
16
16
16
16
16
16
16
16
16
16
16
15
15
15
17
76
76
76
76
19
19
19
19
19
19
19
19
19
19
25
19
19
19
19
19
19
19
19
25
20
20
20
23
20
16
16
16
22
16
16
16
16
22
22
22
21
22
22
22
22
22
22
22
22
22
22
22
22
22
22
22
22
22
23
23
23
23
23
23
23
23
23
23
23
23
23
23
24
24
24
22
24
24
24
24
24
24
24
24
24
24
24
24
24
24
24
24
24
24
24
24
24
24
24
24
24
24
25
25
25
25
25
25
25
26
25
25
25
25
25
25
26
26
25
25
25
25
26
26
23
23
26
26
25
26
26
26
26
26
29
27
27
29
27
29
8
28
28
28
28
29
28
28
8
28
29
29
29
29
30
29
30
30
30
30
30
30
30
30
30
30
30
30
30
28
28
28
28
31
28
28
31
8
8
8
32
33
35
34
34
35
38
34
38
35
35
35
36
38
38
35
37
38
38
38
38
38
38
39
39
39
38
41
39
41
40
40
40
42
41
41
41
41
41
41
41
42
41
41
42
42
42
42
40
42
42
42
69
43
42
43
43
43
43
43
42
43
43
43
45
43
43
44
44
44
44
44
44
44
44
44
45
43
45
45
43
45
43
46
43
51
44
48
48
47
51
48
49
49
49
49
49
49
49
49
49
49
49
49
49
51
49
50
48
48
51
51
51
52
51
51
51
49
49
49
53
53
53
53
53
54
51
55
51
56
56
56
57
56
56
64
64
56
57
57
57
57
56
58
58
58
57
57
58
58
58
61
61
61
59
35
31
60
60
61
61
61
61
61
61
61
61
61
61
61
61
61
61
61
63
56
65
65
63
61
63
63
63
62
62
64
64
64
64
64
64
64
62
65
65
65
66
70
67
66
66
66
66
66
66
66
66
70
61
67
67
67
67
67
67
67
61
61
67
67
67
67
67
67
67
66
61
67
68
67
67
67
44
71
69
69
69
44
44
44
44
44
44
69
70
70
70
70
71
70
71
71
71
71
71
70
71
71
71
71
71
71
71
71
73
71
71
73
73
72
74
74
75
75
71
71
73
73
73
49
49
49
74
74
74
74
75
75
74
75
75
75
76
76
76
76
76
76
53
75
30
77
3
3
22
22
16
23
26
25
19
18
16
14
6
6
6
22
22
22
7
7
8
8
8
28
51
49
43
45
42
40
67
61
67
67
67
63
56
37
38
37
38
38
38
41
42
41
38
38
23
23
23
27
29
23
27
29
28
29
28
28
8
29
29
51
28
28
35
38
35
61
61
61
35
35
60
58
31
30
30
38
38
28
31
30
29
30
30
69
28
35
26
8
24
44
40
61
61
28
29
29
31
29
30
30
38
7
61
42
76
56
