1
2
1
1
1
1
1
1
77
1
1
2
2
2
2
1
1
2
2
4
2
4
2
4
77
77
77
77
77
77
77
4
77
77
77
77
77
77
77
3
77
77
3
3
3
3
3
3
3
3
4
3
3
4
4
4
4
4
4
4
4
4
4
4
5
16
5
5
5
5
5
5
22
5
5
22
6
6
6
6
3
3
6
3
6
3
6
6
6
6
6
6
6
6
6
5
6
6
6
6
6
6
6
6
6
7
7
7
7
7
7
7
7
7
7
5
7
7
7
7
7
7
7
7
7
8
8
8
8
8
8
8
8
8
8
8
8
8
8
8
8
8
8
9
9
9
10
10
10
10
10
11
10
11
11
11
11
11
11
12
13
13
13
13
13
13
14
14
14
13
16
14
14
14
14
14
14
15
15
11
15
15
15
15
15
15
15
15
15
15
16
16
16
16
16
16
16
16
16
21
21
16
16
16
16
15
17
17
17
17
17
17
17
17
17
17
18
19
19
19
19
19
19
19
19
19
19
19
19
19
19
19
19
20
20
20
19
20
21
21
21
21
21
22
21
21
21
21
22
21
21
22
21
21
20
20
20
22
22
22
22
21
21
22
24
22
22
20
23
23
23
23
23
23
23
23
23
23
23
23
23
24
24
24
24
24
24
24
24
24
24
24
24
24
24
24
24
24
24
24
24
24
24
23
24
24
24
24
24
24
24
25
25
25
18
25
25
25
23
23
25
25
25
25
23
23
25
25
25
25
26
25
26
26
23
26
26
26
26
26
26
26
26
26
27
27
26
29
29
28
28
27
28
28
28
28
28
28
28
29
29
29
29
29
29
30
30
30
30
30
30
30
30
30
30
30
30
30
31
28
28
28
31
29
29
31
28
8
33
32
34
34
34
34
35
35
35
35
35
35
35
36
38
38
38
38
38
38
38
38
38
38
39
39
39
39
39
39
39
40
40
40
40
39
39
41
41
41
41
41
41
41
41
41
42
42
42
42
42
42
42
42
42
42
43
43
69
43
43
42
43
43
43
43
43
43
69
44
44
44
44
49
44
44
44
45
46
46
46
43
46
46
46
46
52
47
48
45
48
48
48
49
49
49
49
49
49
49
50
49
49
49
49
49
49
50
50
51
48
51
52
52
51
52
55
51
53
53
75
53
53
53
53
53
54
54
55
51
56
56
56
56
56
56
56
56
56
57
57
57
57
57
58
58
58
57
58
58
58
58
63
59
59
59
60
60
60
60
61
61
61
61
61
61
61
61
63
61
61
61
61
68
61
62
62
62
62
63
63
62
62
63
63
63
56
64
64
64
64
64
64
65
65
64
65
65
65
66
66
63
65
66
67
66
66
66
66
67
67
67
67
67
67
67
67
67
67
67
67
67
67
67
67
67
67
68
68
68
68
68
68
69
69
69
69
69
69
69
69
44
69
69
69
71
70
70
70
70
70
70
70
71
71
71
71
71
71
71
71
71
71
71
71
71
71
71
70
72
72
72
72
75
75
73
73
73
70
73
73
73
73
75
75
74
75
73
75
75
75
75
75
76
76
76
76
76
10
53
75
30
1
3
4
22
22
21
20
25
26
17
18
15
13
6
6
3
22
7
22
7
7
28
28
28
28
46
49
45
45
42
40
69
68
68
67
66
63
56
37
61
38
38
38
39
40
40
40
39
36
23
23
27
27
27
27
27
27
28
28
28
29
8
29
29
51
33
28
35
35
38
60
60
60
60
60
60
59
59
29
30
35
34
31
31
29
29
29
30
69
28
35
23
7
24
44
69
61
58
29
29
29
31
29
29
58
39
5
61
42
76
56
