1
2
1
1
77
1
1
1
1
2
1
2
2
13
13
2
2
2
2
13
13
4
2
4
4
77
77
77
77
1
1
4
77
77
77
77
77
77
77
77
77
4
3
3
3
3
3
3
3
3
3
3
3
4
4
4
4
5
4
5
4
4
5
5
5
5
5
5
5
5
5
5
5
5
5
5
6
6
5
6
6
3
6
3
6
6
6
6
6
6
6
6
6
6
6
5
7
7
6
6
6
7
6
7
6
6
7
7
7
7
7
7
7
7
7
7
7
7
7
7
7
8
7
7
7
8
8
8
8
7
8
32
32
8
32
8
8
8
32
32
8
8
8
9
9
10
11
10
10
76
10
10
10
11
11
11
11
11
11
12
12
12
12
13
12
13
14
14
14
12
14
14
16
14
14
14
14
15
15
15
17
11
17
15
15
15
15
15
15
15
16
16
16
16
16
16
16
16
16
16
16
16
16
16
16
17
17
17
17
76
76
17
17
17
17
17
18
19
19
15
17
19
19
19
19
19
19
19
20
19
19
19
19
20
20
20
20
20
5
20
21
20
5
21
5
5
5
21
21
21
22
21
20
20
20
20
20
22
22
22
21
21
22
22
22
22
23
23
20
23
23
23
23
20
23
23
23
23
23
23
23
24
24
24
24
24
24
24
24
24
24
24
24
24
24
28
24
24
24
24
24
24
24
24
24
24
24
24
28
24
28
19
25
25
25
25
25
23
23
23
25
25
25
25
25
23
23
23
25
25
23
23
25
26
23
23
26
26
26
26
26
26
26
27
27
27
27
27
29
28
28
27
27
28
27
27
27
28
28
29
29
29
29
29
29
30
30
29
29
30
31
30
30
30
30
29
30
30
28
28
31
31
31
27
31
27
32
8
32
33
34
34
34
34
37
35
35
36
36
35
35
36
38
38
37
38
38
37
38
37
38
38
39
39
39
39
41
39
39
40
40
40
40
41
39
40
41
41
41
41
41
42
42
41
42
41
42
42
42
42
42
42
43
43
43
43
69
43
43
43
43
43
43
43
43
46
44
47
44
44
44
49
44
47
44
45
46
46
48
48
48
45
48
46
52
47
48
45
48
48
48
49
49
49
73
49
49
49
49
49
73
49
49
49
50
50
50
48
48
47
52
52
52
55
52
52
49
53
53
53
53
53
53
54
54
54
51
54
56
56
56
57
56
56
56
56
56
57
57
57
57
62
58
58
58
57
58
58
58
58
61
61
59
59
34
60
60
60
61
61
61
61
61
61
61
61
61
63
61
61
61
61
61
63
62
62
62
63
58
63
63
63
63
63
64
64
64
64
64
64
65
65
65
65
66
65
65
63
63
66
66
66
67
66
66
66
66
67
67
67
67
67
67
67
67
67
67
67
67
67
67
67
67
67
67
61
68
68
68
67
68
69
71
69
69
69
69
69
69
69
69
69
44
70
65
70
70
70
70
70
70
71
71
71
71
71
71
71
71
44
71
71
70
71
71
71
72
72
72
72
75
75
72
73
73
73
71
73
73
73
73
75
75
74
74
75
75
75
75
75
75
76
76
76
76
76
76
53
75
30
1
3
5
7
22
21
20
20
25
19
18
15
13
6
6
3
22
22
22
7
8
28
28
28
28
48
73
69
45
42
40
69
68
68
67
63
63
56
37
37
38
38
38
39
37
41
41
36
36
23
23
26
27
27
27
29
27
28
28
28
27
8
29
29
51
32
32
35
35
35
60
60
60
60
34
60
59
59
31
30
35
34
31
31
29
29
29
30
69
28
34
23
8
24
44
69
61
58
27
29
30
31
29
29
30
37
5
61
42
76
64
