1
1
1
1
1
1
1
1
1
1
1
2
2
2
2
2
2
2
2
4
2
4
2
4
2
77
77
77
77
77
77
77
77
77
77
77
77
77
77
77
77
77
3
3
3
3
3
3
3
3
3
3
3
4
4
4
4
4
4
4
14
4
4
4
5
5
5
5
5
5
5
5
5
5
5
5
6
6
6
6
6
6
6
6
6
6
6
6
6
6
6
6
6
6
6
6
6
6
7
6
6
6
6
6
6
6
6
7
7
7
7
7
7
7
7
7
7
7
7
7
7
7
7
7
7
8
8
8
8
8
8
8
8
8
8
8
8
8
8
8
8
8
8
9
9
9
10
10
10
9
10
10
11
11
11
11
11
11
11
12
12
12
12
13
13
4
4
13
14
14
14
14
14
14
14
14
14
12
11
15
15
15
15
15
15
15
15
15
15
15
16
16
16
16
16
16
16
16
16
16
16
16
16
16
16
17
17
17
17
17
17
17
17
17
17
17
18
19
19
19
19
19
19
19
19
19
19
19
19
19
19
19
19
20
20
20
20
20
21
16
21
21
21
21
22
21
5
22
21
22
22
21
22
22
22
22
22
22
22
22
22
22
22
22
22
22
22
23
22
24
23
23
23
23
23
23
23
23
23
23
23
24
24
24
22
24
24
24
24
24
24
24
24
24
24
24
24
24
24
24
24
24
24
24
24
24
24
24
24
24
24
25
25
25
25
25
25
19
25
25
25
25
25
25
25
25
25
25
25
29
25
29
25
23
26
23
26
26
23
26
26
29
26
27
27
27
27
27
29
28
28
28
28
28
29
28
28
28
28
29
29
30
29
29
29
30
30
30
30
30
30
59
30
30
30
30
30
30
31
31
31
31
31
31
31
31
32
32
32
32
33
34
34
34
34
35
35
35
38
35
35
36
38
38
38
38
38
38
38
38
38
38
39
36
39
39
39
39
39
40
40
40
40
41
39
41
41
41
41
41
41
41
41
42
42
42
42
42
42
42
42
42
43
42
43
43
43
43
43
43
43
43
43
43
43
43
69
44
44
44
44
44
44
44
44
45
46
46
46
46
46
46
46
46
46
47
48
48
48
48
48
49
49
49
73
49
49
50
49
49
49
49
49
49
50
50
50
48
48
47
52
52
51
52
52
52
53
53
53
53
53
53
53
53
54
54
55
52
56
56
56
56
56
56
56
56
56
57
56
57
57
57
58
58
58
58
58
58
58
61
61
59
59
59
60
60
60
60
61
61
61
61
61
61
61
61
61
61
61
61
61
61
61
62
62
62
62
61
63
62
63
63
63
63
56
64
64
64
64
64
64
65
65
64
65
65
64
66
66
66
66
66
66
66
65
66
66
67
67
67
67
67
67
67
67
67
67
67
67
67
67
67
67
67
67
61
67
68
67
67
68
68
67
69
69
69
69
69
69
69
69
69
69
66
70
70
70
70
70
70
70
71
71
71
70
70
71
71
71
71
71
71
71
71
71
49
72
72
72
72
72
72
72
73
73
73
73
73
73
73
73
74
74
74
74
75
75
72
75
75
75
76
76
76
76
76
10
53
75
30
1
3
4
22
22
21
20
19
29
19
18
15
13
6
6
3
22
22
22
7
7
28
28
28
28
46
49
43
45
42
40
68
61
68
67
66
63
56
37
37
37
38
38
39
40
42
41
36
36
23
23
27
27
27
27
27
27
28
28
28
28
8
29
29
52
28
28
35
35
35
60
60
60
60
60
31
59
59
30
30
34
34
31
59
29
29
29
29
69
28
35
23
8
24
44
69
61
58
28
29
29
31
29
30
30
38
5
61
42
76
56
