1
1
1
1
1
1
1
77
1
1
1
2
2
2
2
2
2
2
2
2
2
4
2
2
2
77
77
77
1
77
77
77
77
77
77
77
77
77
77
3
77
77
3
3
3
3
3
3
3
3
3
3
3
4
4
4
4
4
4
4
4
4
4
5
5
5
5
5
5
5
5
5
5
5
5
5
6
6
6
6
6
3
6
6
6
6
6
6
6
6
6
7
6
6
6
6
5
6
7
6
7
6
6
6
6
7
6
7
7
7
7
7
7
7
7
7
7
7
7
7
7
7
7
7
7
8
8
8
8
8
24
8
8
8
8
8
8
8
8
8
8
24
8
9
9
9
10
10
10
10
10
10
10
11
11
11
11
11
11
12
12
12
12
13
13
13
14
13
13
14
14
14
14
14
14
14
14
15
15
15
15
15
15
15
15
15
15
20
15
15
16
16
16
16
16
16
16
16
21
16
16
16
16
20
16
17
17
17
17
17
17
17
17
17
17
17
18
19
20
19
17
19
17
19
19
19
19
19
19
19
19
19
19
20
20
20
20
20
21
21
21
21
21
21
21
21
21
22
22
22
22
21
22
22
22
22
22
22
22
22
22
22
22
22
22
22
22
22
22
22
22
23
23
23
23
23
23
23
23
23
23
24
22
24
24
22
24
24
24
24
24
24
24
24
24
24
24
24
24
24
24
24
23
24
24
24
28
24
24
24
24
25
19
25
25
25
25
25
25
25
25
25
25
25
25
25
25
25
25
25
25
25
25
27
23
26
26
26
26
26
26
26
26
29
27
29
27
27
27
28
28
28
28
32
28
28
28
28
28
29
29
29
29
29
29
29
30
30
30
30
30
30
30
30
30
29
30
30
31
28
31
31
31
31
31
31
32
8
32
33
33
60
34
34
34
35
35
35
35
35
35
36
36
38
38
38
38
38
38
38
38
38
39
39
39
39
39
39
39
40
40
40
40
41
39
41
41
41
41
41
41
41
41
42
42
42
42
40
42
42
42
42
43
42
43
43
43
43
43
43
43
43
43
46
43
43
44
45
44
44
44
44
44
44
44
45
46
46
46
46
46
46
46
46
52
47
48
48
48
48
51
44
49
49
49
49
49
49
49
49
49
49
49
49
51
50
50
51
51
51
52
52
52
52
52
52
49
53
53
53
53
53
53
53
54
54
55
55
57
57
56
56
56
56
56
56
56
57
57
57
57
57
58
58
58
57
58
58
58
58
58
61
59
59
60
31
60
60
61
61
61
61
61
61
61
61
58
61
61
67
61
61
61
58
62
62
62
63
63
63
63
63
63
63
64
64
64
64
64
64
64
65
62
64
65
65
65
66
66
66
65
66
66
65
66
66
65
61
61
67
67
67
67
67
67
67
67
67
67
66
67
67
67
67
67
68
67
68
68
67
68
68
68
68
69
69
69
69
69
68
69
69
69
70
70
70
70
70
70
70
70
71
68
71
71
71
71
68
71
71
71
71
71
71
73
71
72
72
72
72
72
72
72
49
73
73
72
73
73
73
49
72
74
74
74
75
75
75
75
75
75
76
76
76
76
76
10
53
75
57
1
3
4
22
22
21
20
25
25
19
18
15
13
6
6
6
22
22
22
7
7
28
28
28
28
46
49
69
45
42
40
68
68
68
67
66
63
56
37
37
38
38
38
38
40
41
41
36
36
23
27
27
29
29
27
27
27
28
28
28
28
8
29
29
51
32
32
35
35
35
60
60
60
60
60
60
59
59
30
30
33
34
31
31
29
29
29
30
69
28
34
23
7
24
44
69
61
58
28
29
29
31
28
29
30
39
5
61
42
76
56
