1
1
1
1
77
1
77
1
1
1
1
1
2
2
2
2
1
1
1
2
2
2
2
2
4
77
77
77
77
1
77
77
77
77
77
77
77
77
77
77
77
77
3
3
3
3
3
3
3
3
4
3
3
4
4
4
4
4
4
4
4
4
4
5
4
5
5
5
5
5
5
5
5
5
5
5
6
6
6
6
6
6
6
6
6
6
5
6
6
6
6
6
6
6
6
6
6
7
7
6
6
6
6
6
6
6
6
7
7
7
7
7
7
7
7
7
7
7
7
7
7
7
7
7
7
8
8
8
8
8
8
8
7
7
8
8
8
8
8
8
8
28
24
9
9
10
10
10
10
10
76
10
76
11
11
11
11
11
11
12
12
12
13
13
13
13
14
14
14
14
14
14
14
14
14
14
14
11
15
15
15
11
15
17
15
15
15
15
15
15
11
16
16
16
16
5
16
5
16
16
16
16
16
16
16
17
17
17
17
76
76
76
17
17
17
17
18
19
19
19
17
19
19
19
19
19
19
19
19
19
19
19
19
20
20
20
20
20
21
20
20
20
20
21
21
5
5
5
21
20
20
20
20
20
23
23
23
20
20
21
21
21
5
22
21
20
20
23
23
23
23
23
23
20
23
23
23
23
23
23
23
24
24
24
24
24
24
24
24
24
24
24
24
24
24
24
24
24
24
24
24
24
24
24
24
24
28
24
24
24
28
19
25
25
19
25
25
25
23
25
25
25
25
25
25
23
25
25
25
25
26
25
26
27
23
23
25
26
26
26
26
29
26
27
27
27
27
27
29
28
28
27
27
28
28
28
28
28
28
29
29
29
29
29
29
30
30
30
30
30
30
30
30
30
30
30
30
30
31
28
28
28
28
28
31
31
32
8
32
32
33
34
34
34
34
35
35
35
35
35
35
38
38
35
37
38
38
38
37
40
38
38
39
39
39
39
39
41
39
40
40
40
40
39
41
41
41
41
41
41
41
42
42
42
42
42
42
42
42
42
42
42
43
43
43
43
69
69
43
43
43
43
46
43
43
43
45
45
44
44
44
44
44
47
44
45
46
46
46
46
46
46
46
46
46
51
48
48
48
48
48
49
49
49
73
73
49
49
49
49
49
49
49
49
51
50
50
51
51
51
46
51
52
46
55
52
53
53
75
53
53
53
53
53
54
54
51
51
56
56
56
56
56
56
56
56
56
58
56
57
58
57
59
30
58
58
58
58
58
58
58
61
59
60
60
60
60
60
61
61
61
61
61
61
61
61
61
61
61
61
61
61
61
57
62
62
62
63
63
63
63
63
63
62
64
64
64
64
64
64
64
65
64
65
65
65
65
63
63
62
66
63
66
66
70
70
65
67
67
67
67
67
67
67
67
67
67
67
67
67
67
67
67
67
67
67
68
69
68
68
68
71
67
69
69
69
69
69
69
69
44
69
69
70
65
70
70
70
70
71
72
71
71
67
67
71
67
71
71
71
71
71
71
71
71
71
72
72
72
72
75
72
72
73
73
73
73
73
73
73
73
74
74
74
75
72
72
75
75
75
75
76
76
76
76
76
10
53
75
30
1
3
4
5
22
21
20
25
26
19
18
15
13
5
6
6
5
22
22
22
7
28
28
28
28
46
49
46
45
42
40
69
68
68
67
66
63
56
37
37
37
38
38
38
40
42
41
38
36
23
23
27
27
27
28
27
27
28
28
28
28
8
29
29
51
32
32
35
35
35
60
60
60
60
60
60
59
59
29
30
35
34
31
31
29
29
29
30
69
28
35
23
24
24
44
69
61
58
28
29
30
31
29
29
30
38
5
61
42
76
56
