1
1
1
1
77
1
1
1
1
1
1
2
2
2
2
2
2
2
2
2
2
2
2
2
2
77
77
77
77
77
2
4
77
77
77
77
77
77
77
77
77
77
77
3
77
3
3
3
3
3
3
3
3
4
4
4
4
4
4
4
4
5
4
5
5
5
5
5
5
5
5
5
5
5
5
5
6
3
6
6
3
3
6
6
6
6
6
6
6
6
6
6
6
6
6
6
6
7
6
7
6
7
6
6
6
6
7
7
7
7
7
7
7
7
7
7
7
7
7
7
7
7
7
7
7
8
8
8
8
8
8
8
8
7
8
8
8
8
8
32
8
28
8
9
9
9
10
10
10
10
76
10
10
11
11
15
11
11
12
12
12
12
12
13
13
13
14
14
14
13
14
14
16
14
14
14
16
15
15
15
15
15
15
15
15
15
15
15
15
17
15
16
16
16
16
16
16
21
21
21
16
16
16
16
16
15
17
17
17
76
76
76
17
17
18
17
18
15
19
15
17
19
19
19
19
19
19
19
19
19
19
25
19
20
20
20
20
20
21
21
21
21
21
21
21
22
5
5
22
21
22
22
20
22
20
20
20
22
22
22
22
22
5
22
22
24
22
22
22
22
23
23
23
23
23
23
23
23
26
23
26
22
24
24
22
22
24
24
24
24
24
24
28
24
24
24
24
24
28
24
24
24
24
28
24
28
24
28
24
28
24
19
25
25
19
25
25
25
25
25
25
25
25
25
25
25
25
25
25
25
25
25
26
26
23
26
23
26
26
26
26
26
26
23
27
27
27
23
27
28
28
27
27
32
27
28
28
28
28
29
29
31
29
29
29
29
30
30
30
30
30
30
30
29
30
30
30
30
31
31
31
31
28
31
31
31
32
32
32
33
33
34
34
34
38
35
34
35
35
38
35
36
38
38
38
37
38
40
38
40
38
38
39
39
36
39
39
39
39
41
40
41
40
41
41
41
41
42
41
42
42
41
42
42
42
42
42
42
41
42
42
42
43
43
42
69
43
43
43
43
43
43
46
43
43
43
44
44
69
44
44
44
44
44
47
45
46
46
46
46
46
46
46
46
52
47
48
45
48
48
48
44
49
49
49
49
49
49
49
49
49
49
49
49
50
50
50
52
48
51
46
52
52
55
55
55
49
49
53
53
53
54
53
54
55
54
55
55
30
56
56
56
56
56
56
56
56
58
57
57
57
57
58
58
58
58
58
62
58
58
59
59
59
59
60
60
59
60
59
61
61
61
61
61
61
61
61
61
67
61
67
61
61
62
62
62
62
63
63
63
63
63
63
63
64
56
64
64
64
64
64
65
65
65
65
65
64
66
63
66
66
63
66
66
65
67
65
67
67
61
67
67
67
67
67
68
67
67
67
66
67
67
67
67
67
68
68
68
68
68
68
68
67
69
69
69
69
69
69
69
44
69
69
70
65
70
70
70
70
70
70
71
71
67
71
71
71
71
71
71
71
70
70
72
70
71
72
72
72
72
75
72
75
73
73
73
73
73
73
73
73
74
74
74
75
75
72
75
75
75
75
76
76
76
76
76
76
53
75
30
1
3
4
5
24
21
20
25
25
19
19
16
13
6
6
3
22
22
22
7
7
28
28
28
28
46
73
43
45
42
40
68
68
68
67
63
63
56
37
37
37
38
38
38
40
42
41
36
36
23
23
23
27
27
27
27
27
28
28
28
28
8
29
29
51
32
32
35
35
35
60
60
60
60
34
60
59
59
30
31
33
34
31
31
30
29
30
30
69
28
35
23
8
24
44
42
61
62
27
27
29
31
29
30
31
40
5
61
42
76
56
