1
2
2
1
77
77
1
1
1
1
1
2
2
13
2
2
2
13
2
2
13
2
2
4
2
77
77
77
77
77
77
4
77
77
77
77
77
77
77
3
77
77
3
3
77
3
3
3
3
3
3
4
3
4
4
4
4
4
4
4
4
5
4
4
4
5
5
5
5
5
5
5
5
5
5
21
6
4
6
6
6
3
3
3
6
6
6
6
6
6
6
6
6
6
5
5
5
6
6
6
6
6
7
6
6
6
6
7
7
7
7
6
7
6
7
21
7
7
7
7
7
7
8
8
7
7
8
8
7
8
8
8
32
8
8
32
32
8
32
32
28
28
8
9
9
12
12
12
10
10
10
10
10
11
12
12
11
11
11
12
12
12
12
13
13
13
14
13
14
14
14
14
16
14
14
14
14
15
15
15
15
12
15
17
15
15
15
15
15
15
16
16
16
16
16
16
16
5
5
16
21
16
16
15
16
17
17
17
17
76
76
76
17
17
17
17
18
19
19
19
19
15
19
19
19
19
19
19
19
19
19
19
19
20
20
20
20
20
5
21
21
21
21
21
21
21
21
21
22
22
22
22
22
22
22
22
22
22
22
22
22
21
22
22
22
24
22
22
22
24
24
23
23
20
23
23
23
24
23
23
23
22
22
24
24
22
24
24
22
22
24
24
24
24
24
24
24
24
24
24
24
24
24
24
24
28
24
28
24
24
24
23
19
25
25
25
19
19
25
25
25
25
25
25
23
23
25
25
25
25
25
25
26
26
26
23
26
26
26
26
26
29
29
26
27
27
27
29
29
28
28
28
28
28
28
28
28
28
28
29
29
29
29
29
29
30
29
29
30
30
30
30
29
29
30
30
30
29
33
31
31
31
31
31
28
31
32
8
32
33
33
60
34
34
34
35
35
35
35
38
35
36
38
38
35
38
38
38
38
40
38
38
36
39
39
41
39
39
39
40
40
40
69
41
39
41
41
41
41
41
41
41
40
42
42
40
42
42
40
42
42
42
43
43
43
43
45
45
43
43
43
43
43
43
43
43
44
44
69
44
44
44
44
44
44
46
52
46
46
46
46
46
46
46
46
47
48
48
48
48
48
49
49
49
73
49
49
49
49
49
49
53
49
49
50
50
50
48
51
51
52
52
51
52
52
55
53
53
53
53
53
53
53
53
54
54
55
54
56
56
56
56
56
56
56
56
56
58
57
57
57
57
59
58
30
58
58
58
58
58
58
59
59
59
34
31
60
60
58
61
61
68
61
61
61
61
58
67
61
67
61
61
61
62
62
62
62
63
63
62
63
63
63
63
65
64
56
56
64
64
64
65
65
65
65
65
65
63
63
66
66
66
66
66
66
66
66
67
67
67
67
67
67
67
67
68
67
67
67
67
67
67
67
67
67
68
68
68
67
68
68
68
68
68
69
42
69
69
69
71
44
69
69
70
70
70
70
70
70
72
72
71
71
71
67
72
71
71
71
71
71
71
71
72
71
73
72
72
72
72
72
72
72
73
71
73
73
73
73
73
73
74
74
74
75
75
75
75
75
75
75
76
76
76
76
76
10
53
75
30
1
3
3
21
22
21
20
23
26
18
18
15
13
6
6
3
24
24
22
7
7
28
28
33
28
46
71
45
45
42
40
68
61
68
67
66
66
56
37
37
38
38
38
39
40
40
41
36
36
23
23
27
27
27
23
27
27
28
28
33
28
8
29
29
51
32
32
33
35
38
59
60
60
60
60
34
59
59
30
30
33
34
31
31
29
29
29
30
69
33
35
23
7
24
44
69
61
57
28
29
29
31
29
29
30
40
5
68
69
76
62
