1
1
1
1
1
1
77
77
1
1
1
2
2
2
2
2
2
2
2
4
2
2
2
2
2
77
77
77
1
77
77
4
77
77
77
77
3
77
77
3
77
4
4
3
77
3
3
3
3
3
4
4
3
4
4
4
4
4
4
4
14
4
4
5
5
5
5
5
5
5
5
5
5
5
5
5
6
6
5
5
6
6
6
6
6
5
6
6
6
6
6
6
6
6
7
6
7
7
6
6
7
6
6
6
6
7
7
7
7
7
7
7
7
7
7
7
7
24
7
7
7
7
7
8
7
8
8
8
7
8
8
8
8
7
8
32
8
8
32
32
32
32
32
9
9
10
10
10
10
10
10
11
10
10
12
11
11
12
11
12
12
12
12
13
12
13
14
13
14
12
14
16
14
14
14
14
14
11
11
15
15
15
17
15
15
11
11
20
15
15
16
11
16
14
16
16
16
5
16
16
16
16
16
20
21
17
15
17
17
17
76
17
18
18
17
17
18
15
15
15
19
19
19
19
20
20
20
20
19
19
19
19
19
20
20
20
20
20
16
20
20
20
21
21
21
21
21
22
21
22
22
21
22
22
22
20
22
22
22
22
22
22
22
22
23
23
22
22
23
23
23
23
23
23
23
23
23
23
26
23
26
32
24
22
24
22
24
24
24
24
24
24
24
24
24
24
28
28
24
27
27
24
27
27
24
24
24
28
24
32
28
19
19
25
25
25
25
25
23
25
25
25
25
25
25
23
25
25
25
25
25
25
25
26
26
26
25
26
26
26
26
29
26
27
27
27
27
29
29
28
28
27
27
28
27
27
28
28
31
29
30
29
29
29
29
29
30
30
30
30
28
31
29
29
30
30
30
30
31
31
28
31
28
31
31
31
32
32
33
33
35
34
34
61
35
35
35
36
35
35
35
36
39
35
38
39
38
38
39
38
38
38
39
39
39
39
39
41
39
40
40
40
40
41
41
41
41
41
41
41
42
42
41
42
41
42
42
42
40
42
69
42
42
43
43
43
69
43
42
43
43
43
46
43
43
46
45
44
44
44
44
44
44
47
49
45
46
46
46
46
46
46
46
46
46
47
45
48
48
48
48
49
49
50
49
49
49
49
49
49
49
49
49
49
50
50
50
51
51
51
46
51
52
52
52
54
49
53
53
53
53
53
53
54
55
54
55
55
56
56
56
57
56
64
64
64
56
57
30
57
58
57
58
58
30
57
58
58
58
58
61
59
59
59
34
60
60
60
61
61
61
61
61
61
61
61
61
61
61
61
68
68
61
62
56
65
62
61
63
62
63
63
63
62
64
64
64
64
64
64
64
65
65
65
65
65
64
66
63
66
66
66
66
65
65
66
66
67
67
61
67
67
67
67
67
68
68
67
67
66
67
67
68
67
66
68
68
68
68
67
68
68
68
69
69
42
69
69
69
68
69
69
69
70
70
70
70
70
70
71
70
71
71
71
70
71
71
71
71
71
71
71
70
73
71
73
72
72
72
72
72
75
72
73
73
73
73
73
73
73
75
75
75
74
74
75
75
75
75
75
75
76
76
76
76
76
10
53
75
30
1
3
5
5
24
21
20
25
25
19
19
11
13
6
6
6
22
24
22
7
24
31
28
31
28
48
49
46
45
42
40
40
68
40
67
66
63
56
37
37
38
39
38
39
40
42
41
36
36
23
27
27
27
27
27
27
27
27
27
28
28
8
29
30
54
32
32
35
35
35
60
60
59
61
34
34
58
59
28
30
35
34
28
31
29
30
29
30
69
31
35
23
32
32
44
69
61
58
28
29
30
31
29
29
30
38
5
40
42
76
56
