1
1
1
1
1
1
1
77
1
77
77
2
2
2
4
2
2
4
2
4
4
4
4
4
2
77
77
77
77
77
2
4
4
77
77
77
77
77
77
77
77
4
3
77
77
3
3
3
3
3
3
3
3
4
4
4
4
4
4
4
4
4
4
4
4
16
4
4
5
4
4
4
4
6
7
7
6
6
4
4
6
6
6
6
6
6
6
6
6
6
6
6
6
6
7
6
6
7
6
6
6
6
6
6
6
6
6
7
7
7
7
7
7
7
7
7
7
7
7
7
7
7
7
7
7
8
7
8
7
8
8
8
8
7
7
8
8
8
8
8
28
22
8
9
10
10
10
10
10
76
10
11
10
12
11
11
11
11
15
10
11
14
11
14
11
13
14
14
14
14
14
14
14
14
14
14
14
15
15
15
15
15
15
15
15
16
15
15
15
15
16
16
16
16
14
16
16
16
16
16
16
16
16
16
16
15
19
17
17
17
76
76
17
18
18
19
18
15
19
19
19
19
19
19
19
19
20
20
19
19
19
19
25
20
20
20
20
20
16
16
16
21
16
16
16
16
16
16
16
16
22
16
20
21
20
20
20
22
22
22
16
7
7
22
22
24
22
22
20
23
23
23
23
23
23
23
23
23
23
23
23
24
24
24
24
24
24
23
24
24
24
24
24
24
24
28
24
24
24
24
24
24
24
24
28
28
24
24
28
24
24
25
25
25
25
25
25
25
23
25
25
25
25
25
25
23
25
25
23
23
25
23
23
27
23
23
23
23
23
23
23
23
23
27
27
27
27
27
29
28
24
28
28
28
28
28
28
28
34
29
29
30
29
29
29
29
30
30
30
30
30
30
30
30
30
29
29
30
34
28
28
28
34
31
28
28
28
8
8
33
28
34
35
34
34
35
35
35
35
35
35
35
35
36
34
38
38
38
38
38
38
38
39
39
38
38
41
39
39
42
40
42
42
41
39
41
41
41
41
41
42
41
41
42
41
42
42
42
42
42
42
42
42
42
43
42
43
43
43
43
46
43
46
43
46
43
44
49
44
44
44
49
44
49
49
48
43
46
46
43
46
46
48
46
51
49
48
48
48
47
48
49
49
49
73
49
49
49
49
53
49
49
53
53
49
49
53
51
51
48
46
50
52
46
46
52
53
53
53
53
53
53
53
53
53
53
55
54
56
56
56
56
56
56
56
56
56
56
56
57
56
62
59
59
58
58
59
58
58
61
58
59
61
61
34
34
59
60
61
61
61
61
61
61
61
61
61
61
61
61
61
61
61
62
62
62
62
63
63
58
63
63
63
66
56
56
56
64
64
64
66
62
65
62
62
66
66
66
63
66
66
67
67
66
66
67
66
67
61
61
61
67
67
67
67
67
67
67
67
67
67
71
67
71
67
61
61
61
68
68
68
71
68
42
42
42
69
69
71
71
71
69
44
70
70
70
70
70
70
70
71
71
68
71
71
71
71
71
71
71
71
71
71
73
71
71
73
73
73
72
53
53
73
73
71
71
71
71
73
73
49
53
74
74
53
53
53
75
53
53
53
76
76
76
76
76
76
53
53
30
77
3
3
7
22
16
20
19
23
19
18
16
14
6
6
6
7
22
22
7
22
28
28
28
28
46
71
43
45
42
40
61
61
61
67
66
67
56
37
61
38
38
38
38
40
41
41
38
35
24
23
27
26
27
27
27
27
28
28
28
28
8
29
27
50
32
28
35
35
35
60
60
34
34
34
34
59
59
30
30
34
34
30
34
30
29
30
30
42
28
34
23
22
24
44
61
61
58
28
27
29
34
29
29
34
38
4
61
42
76
56
