2
2
2
1
1
1
1
1
1
1
1
2
2
2
2
2
1
2
2
2
2
4
2
2
1
77
77
77
77
77
77
77
77
77
3
77
3
77
77
3
77
77
77
77
3
3
3
3
3
3
3
3
3
4
4
4
4
14
4
14
14
5
4
5
5
5
5
5
5
5
5
5
5
5
5
5
3
3
5
6
6
6
6
6
6
6
6
6
6
6
6
6
6
6
6
6
7
6
6
7
7
6
7
6
6
7
6
7
7
7
7
7
7
7
7
7
7
7
7
7
7
7
8
8
8
8
8
8
7
7
8
8
8
8
8
8
8
33
8
32
32
28
8
9
9
10
10
10
10
10
76
10
76
11
11
11
11
12
11
12
12
12
12
13
13
13
14
13
14
13
14
16
14
14
14
14
14
15
15
15
15
11
11
17
15
15
15
20
15
15
16
16
16
16
16
5
16
5
16
16
16
21
16
16
21
17
17
17
17
76
17
17
17
17
17
17
18
20
19
19
19
19
25
25
25
19
19
19
19
19
19
25
25
20
20
20
20
20
21
20
20
21
21
21
22
21
5
22
22
22
22
22
20
22
22
20
22
22
22
22
24
22
22
22
24
22
22
22
20
24
23
23
22
23
23
23
23
23
23
23
26
24
24
22
24
24
22
24
24
22
22
22
24
24
28
28
24
24
24
24
24
24
23
24
24
28
24
24
28
24
24
19
19
25
19
25
25
19
25
25
25
25
25
25
25
25
25
25
25
25
25
25
26
26
26
26
26
26
26
26
26
26
26
27
27
27
27
27
29
28
24
28
27
28
27
27
28
28
31
29
29
31
30
30
29
30
30
29
29
30
31
31
30
30
30
30
29
30
31
31
28
31
28
31
31
31
32
33
33
33
33
34
35
34
35
35
35
36
35
38
35
36
38
38
35
35
38
38
38
38
38
38
36
36
39
39
39
39
39
40
40
40
42
39
41
40
41
41
41
39
42
41
41
42
41
42
42
40
42
42
42
69
43
43
42
69
43
43
43
43
46
43
46
46
43
46
69
45
44
44
44
49
44
44
44
45
46
46
46
46
46
46
48
52
48
47
48
48
48
48
48
49
49
49
49
49
50
50
50
49
49
53
49
49
51
50
50
51
51
47
52
51
52
52
52
51
49
53
53
53
53
53
53
53
54
54
55
55
56
56
56
56
56
56
56
56
56
58
57
57
57
57
30
58
58
58
58
58
58
58
58
61
61
61
60
31
60
60
61
61
61
61
61
61
61
61
58
58
61
61
61
68
61
63
56
62
62
63
58
63
63
63
63
63
64
64
64
64
64
64
64
66
64
65
65
66
65
66
63
66
65
65
66
66
66
67
66
67
67
67
67
66
66
67
67
67
67
67
66
66
67
67
67
67
67
68
68
68
68
68
68
68
67
68
69
69
69
69
69
69
69
69
69
70
70
70
70
70
70
70
70
71
68
71
71
71
71
68
71
71
71
71
71
71
73
71
72
72
72
72
74
74
72
49
73
73
71
73
73
72
72
74
74
74
74
75
75
75
75
75
75
76
76
76
76
76
76
53
74
30
1
3
4
22
24
21
19
25
25
19
18
15
4
6
6
3
22
7
24
7
7
28
28
28
28
52
49
43
45
42
40
68
61
68
67
66
66
56
37
37
35
38
38
38
38
41
41
36
36
23
23
23
23
27
27
27
27
28
27
28
28
8
29
29
51
32
32
35
35
35
59
60
60
34
60
60
59
59
31
30
33
33
31
31
29
30
29
30
69
28
35
23
8
24
44
68
61
58
28
29
29
31
29
29
30
38
5
37
42
76
56
