1
2
2
1
1
1
1
1
1
2
1
2
2
2
2
2
2
13
13
13
2
13
13
2
2
77
77
77
77
1
2
4
77
77
77
77
77
77
77
77
77
4
4
4
4
3
3
3
3
3
4
3
3
13
4
4
4
4
4
4
4
4
4
4
5
5
5
5
5
5
5
5
5
5
5
5
4
4
4
4
3
3
6
3
6
4
6
6
6
6
6
6
6
6
5
5
22
5
6
7
7
6
6
7
6
6
7
7
7
7
7
7
7
7
5
22
5
7
7
7
7
7
7
7
32
8
8
8
7
8
8
8
8
8
8
8
8
32
32
8
32
32
8
9
9
12
10
12
10
10
76
10
10
12
11
11
11
11
11
12
12
12
12
13
13
13
14
14
14
14
14
14
14
14
14
14
14
16
15
11
15
11
15
17
15
15
15
15
15
15
16
16
16
16
16
21
16
16
16
21
21
21
16
16
21
17
17
17
17
76
76
76
17
18
17
17
18
20
20
19
18
18
19
19
19
19
20
20
20
19
19
18
19
20
21
21
20
20
21
21
21
21
21
21
21
21
21
22
22
22
22
22
21
21
20
21
20
20
20
20
22
22
22
22
22
22
23
20
23
23
23
20
23
23
23
23
23
23
23
23
23
24
22
22
22
24
24
24
24
24
24
24
22
22
24
24
24
24
24
24
24
24
23
24
27
28
28
28
24
28
28
26
19
18
18
18
25
26
26
25
25
25
25
26
26
26
26
27
25
25
27
26
27
23
26
26
26
27
26
27
27
27
27
27
27
27
27
27
27
28
28
27
27
28
28
28
28
28
28
29
29
29
29
29
29
30
30
30
30
30
30
31
30
30
30
31
31
30
31
31
28
31
31
31
31
31
32
33
33
33
33
34
34
34
34
35
35
35
36
38
35
36
38
36
35
38
38
38
38
40
38
38
39
36
39
39
39
39
39
40
40
40
40
39
39
40
41
41
41
41
41
42
41
41
42
41
42
40
40
42
42
69
42
42
43
69
43
43
43
42
43
43
46
43
43
43
45
45
45
44
44
44
44
45
49
45
46
46
46
46
46
46
46
46
46
47
48
45
48
48
48
44
49
49
49
49
49
49
50
49
75
75
49
49
50
50
50
51
51
51
52
52
52
52
52
55
53
53
53
53
53
53
53
53
54
54
55
55
56
56
56
56
56
56
56
56
56
57
57
57
57
57
58
58
58
57
58
58
58
58
58
59
59
59
60
60
60
60
59
61
61
61
61
61
61
61
59
61
61
61
68
68
61
62
62
62
62
59
59
63
63
63
63
63
62
64
64
64
64
64
64
65
62
65
65
65
65
66
66
66
65
66
66
66
66
65
65
67
67
67
67
67
67
67
67
68
67
67
67
67
67
67
68
67
67
68
68
68
68
68
68
68
68
69
69
69
69
69
69
68
68
69
45
70
70
70
70
70
70
70
70
71
71
71
67
70
71
71
71
71
71
71
71
71
71
71
72
72
72
72
74
72
72
73
73
73
73
73
73
73
73
74
74
74
74
75
75
75
75
75
75
76
76
76
76
76
76
53
75
31
1
3
4
22
22
21
20
26
27
18
18
16
13
4
6
3
22
22
22
5
5
28
28
28
32
46
49
43
45
42
40
68
68
68
67
66
63
56
37
40
35
38
38
38
40
41
41
36
36
23
23
27
27
27
27
27
27
27
27
28
27
8
29
29
51
32
32
35
35
35
60
60
60
60
60
31
59
59
30
30
33
34
31
31
29
29
29
30
69
32
35
23
32
24
44
68
61
58
28
29
29
31
29
29
31
40
5
40
42
76
56
