1
1
1
1
1
1
1
1
1
1
1
2
2
2
2
1
2
2
2
4
2
2
2
4
2
77
77
77
77
77
2
77
77
77
77
77
77
77
77
77
77
77
3
3
3
77
3
3
3
3
4
4
3
4
4
4
4
4
4
4
4
5
4
5
5
5
5
5
5
5
5
5
5
5
5
5
6
6
5
5
6
3
3
6
6
6
6
6
6
3
6
6
6
6
7
6
6
7
6
7
7
7
6
6
6
6
7
7
6
7
7
7
7
7
7
7
28
7
7
7
7
7
7
28
28
8
8
8
7
28
8
8
8
8
8
32
8
8
32
32
32
8
8
9
9
9
10
9
10
10
10
10
10
12
11
15
11
11
12
12
12
12
12
13
12
13
14
14
14
13
14
14
14
16
14
14
14
12
12
15
15
15
15
15
15
15
15
15
15
15
16
16
16
16
14
16
16
16
16
21
21
16
16
21
21
17
17
17
17
17
17
17
17
17
17
17
18
15
19
19
17
19
19
19
19
19
19
19
20
19
19
19
19
20
20
20
20
20
21
21
21
22
21
21
21
21
5
22
21
21
22
22
22
22
22
22
22
22
22
22
22
22
22
22
22
24
22
22
22
24
23
23
23
20
20
23
26
23
26
23
26
28
22
22
24
24
22
24
24
22
22
24
24
24
24
28
24
24
24
24
24
24
24
27
24
28
28
24
24
24
24
19
25
25
25
25
25
25
25
25
25
25
25
25
25
23
25
25
25
25
29
25
25
26
26
23
26
26
26
26
26
26
26
27
27
27
27
27
29
32
28
28
28
28
29
28
28
28
28
29
29
31
29
29
29
30
29
30
29
30
29
30
30
30
30
30
29
30
31
28
31
31
31
31
31
28
32
32
33
33
33
60
34
34
38
35
34
36
35
38
35
36
38
38
38
38
38
38
38
38
38
38
36
39
36
39
39
39
39
40
40
40
40
41
41
39
41
41
41
41
42
41
41
42
42
42
42
42
40
42
69
69
42
43
43
43
43
43
43
43
43
46
46
43
46
43
45
44
44
44
44
47
47
44
47
45
46
46
46
46
46
46
48
46
46
47
48
48
48
48
48
49
49
49
49
49
49
49
49
49
49
49
49
49
51
51
50
52
51
47
52
52
52
52
52
51
49
53
75
75
53
53
53
54
54
54
55
55
56
56
56
56
56
56
64
64
56
58
57
57
57
57
58
58
30
58
58
58
58
58
61
59
59
59
60
60
60
60
58
61
61
61
61
61
61
61
61
61
61
61
61
61
61
62
62
62
62
63
63
63
63
63
63
63
64
56
64
64
64
64
64
65
65
65
65
65
65
66
63
66
65
66
66
65
65
66
66
61
67
61
67
67
67
67
67
67
67
67
67
67
67
67
71
67
67
68
68
68
68
68
68
68
68
69
69
69
69
44
69
68
44
69
46
66
70
70
70
70
70
71
70
68
71
71
71
71
71
71
71
44
71
71
71
71
71
71
72
72
72
72
72
72
75
73
73
73
73
73
49
73
49
74
74
74
74
75
75
75
75
75
49
76
76
76
76
76
10
53
75
30
1
3
4
22
22
21
20
19
29
17
18
12
13
6
6
6
22
28
22
28
28
28
28
28
28
46
49
46
45
42
69
68
68
68
67
63
63
56
37
61
38
38
38
38
40
42
39
36
36
23
23
27
27
27
27
27
27
24
28
28
28
8
29
29
51
32
32
35
35
35
59
59
60
60
60
60
59
59
30
29
33
34
31
31
29
29
29
29
69
31
35
23
28
28
44
69
61
58
28
29
29
31
29
29
30
40
5
61
42
76
56
