1
2
1
1
1
1
1
77
1
1
1
2
2
2
2
2
2
2
2
13
2
2
2
2
4
77
77
1
1
77
77
4
77
77
77
77
77
77
77
77
77
77
3
77
3
3
3
3
3
3
3
3
3
4
4
4
4
4
4
4
4
5
5
5
5
5
5
5
5
5
5
5
5
5
5
5
6
5
5
6
6
6
6
6
6
6
6
6
6
6
6
6
6
6
7
7
7
6
6
7
7
7
6
7
7
7
7
7
7
7
7
7
7
7
7
7
22
8
8
7
7
7
8
8
8
8
8
8
8
8
8
8
32
8
8
32
32
8
32
8
28
28
8
9
9
10
11
12
10
10
76
10
10
12
12
11
11
14
11
12
12
12
14
13
13
13
13
14
14
14
14
14
14
16
14
14
4
15
11
11
15
17
17
15
11
15
15
16
15
15
14
16
16
16
14
16
4
5
16
16
21
16
16
16
21
17
15
17
17
76
76
76
17
18
17
17
18
20
19
19
17
19
19
19
19
19
19
19
19
19
25
25
19
20
20
20
20
20
21
20
20
20
21
21
21
21
21
22
21
21
22
22
22
20
20
22
20
22
21
22
22
22
22
22
22
22
22
22
22
22
22
23
23
23
19
19
23
23
23
23
23
24
24
24
22
24
22
24
24
24
24
24
24
24
24
24
24
24
24
24
24
24
23
24
24
24
24
28
28
28
24
25
25
25
18
25
25
19
25
25
25
25
25
25
25
23
23
25
25
25
25
26
26
26
26
26
26
26
26
26
26
26
26
27
27
29
29
27
27
28
24
27
28
32
27
28
28
28
28
29
29
30
29
29
29
29
30
30
30
29
29
30
30
30
58
30
30
30
28
31
28
31
31
28
31
31
32
33
33
33
33
34
35
34
34
35
35
35
38
35
34
35
36
38
38
38
38
38
38
38
38
38
39
39
36
38
39
39
39
41
40
40
40
41
41
41
41
41
41
41
42
41
42
42
42
42
42
42
41
42
42
69
42
42
43
42
69
43
43
46
43
43
43
43
43
46
45
44
69
44
71
44
44
44
47
45
46
46
43
43
45
45
46
46
46
47
48
47
48
48
48
44
49
49
49
73
49
49
49
49
49
75
75
49
49
50
50
46
51
51
46
52
52
46
52
52
49
53
53
53
53
53
53
54
54
54
55
55
56
56
56
57
56
56
56
56
56
57
56
57
62
57
58
58
58
58
58
58
59
59
59
59
59
59
60
31
31
31
59
59
61
61
61
61
59
61
61
61
61
61
61
61
61
62
62
62
62
61
63
63
63
63
63
63
64
56
64
64
64
64
64
62
64
65
65
65
65
66
66
66
65
65
66
65
66
66
65
61
67
67
61
63
67
67
67
67
68
67
67
63
67
68
67
68
66
68
67
68
68
68
68
68
68
69
40
40
69
69
69
71
71
69
45
71
70
70
70
71
70
70
70
68
68
68
71
71
71
71
68
71
71
71
70
73
71
71
72
72
72
72
74
72
72
73
73
71
73
73
73
72
75
74
74
74
75
75
75
75
75
75
75
76
76
76
76
76
10
53
75
58
1
3
5
22
22
21
20
19
25
19
18
15
13
6
6
6
22
22
22
22
22
28
28
28
28
46
49
43
45
42
40
68
68
68
67
66
63
56
37
37
38
38
38
38
41
41
41
36
35
23
23
26
27
27
24
29
27
28
27
28
28
8
27
29
54
32
32
35
35
35
60
60
59
60
34
31
59
60
30
30
33
34
31
59
29
29
29
29
69
28
35
23
8
24
44
40
61
58
28
29
29
31
29
29
30
38
5
61
42
76
64
