1
2
1
1
1
1
1
1
1
1
1
2
2
2
2
2
2
2
2
2
2
4
2
2
2
77
77
77
77
1
1
77
77
77
77
77
77
77
77
77
4
4
4
77
77
3
3
3
3
3
4
3
3
77
4
4
4
4
4
4
4
4
4
4
5
5
5
5
5
5
5
5
5
5
5
5
6
6
5
5
6
6
6
5
5
6
5
6
6
6
6
6
6
6
6
6
5
6
6
7
7
7
6
7
7
7
7
7
7
7
7
7
7
7
7
5
22
22
22
7
7
8
7
7
22
8
8
8
8
7
8
8
8
8
8
8
32
32
8
8
32
8
8
9
9
9
10
10
10
10
76
10
11
11
11
11
11
11
11
12
12
12
12
13
13
13
4
14
14
14
14
14
16
16
14
16
14
15
11
11
15
11
15
15
15
15
15
15
15
15
16
16
16
16
16
5
16
5
21
16
16
16
16
16
21
17
17
17
17
17
17
17
17
17
17
17
18
19
19
19
19
19
19
19
19
19
19
19
19
19
19
25
19
20
20
20
20
22
21
21
21
21
21
21
21
21
21
22
22
21
21
22
21
22
22
22
22
21
21
22
22
22
22
22
22
22
22
22
22
23
23
23
23
23
23
23
23
23
27
27
27
24
24
24
22
24
22
24
24
24
24
24
24
24
24
24
24
24
28
24
24
24
23
28
24
28
24
28
24
28
24
25
19
25
25
25
25
25
25
25
25
25
25
25
25
25
25
25
25
25
25
25
26
26
23
26
25
26
26
26
26
26
26
27
27
27
27
27
27
28
28
27
28
32
27
28
32
32
28
29
29
29
29
29
29
30
30
30
30
30
30
31
30
30
30
30
30
30
32
32
32
31
28
28
31
28
8
32
32
32
33
34
34
34
34
35
35
35
35
38
35
36
38
38
38
38
38
38
38
38
38
38
36
39
39
39
39
39
39
40
40
40
68
39
41
40
41
41
41
41
42
41
42
42
42
42
42
42
40
42
42
42
42
43
43
43
43
43
43
46
43
43
43
43
43
46
69
69
44
44
44
44
44
44
49
45
46
46
46
43
46
46
46
46
46
47
48
48
48
48
48
49
49
49
49
49
49
49
49
49
49
49
49
49
50
50
50
46
51
51
52
52
52
52
52
52
53
53
53
53
53
53
53
53
54
54
55
55
56
56
56
56
56
56
56
56
56
57
57
57
57
57
58
58
57
57
58
58
58
58
58
59
59
59
60
31
60
31
61
68
61
61
61
68
68
68
61
61
68
68
68
61
68
62
62
62
62
63
63
63
63
63
65
65
65
64
64
64
64
64
64
65
65
65
65
71
65
66
66
66
66
66
71
71
66
71
71
68
67
68
67
71
67
68
67
68
67
67
67
71
67
67
68
67
67
68
68
68
68
68
68
71
68
68
69
69
69
68
68
49
69
69
69
71
70
70
70
70
70
71
71
71
68
71
71
71
71
68
71
49
71
71
71
71
71
49
72
72
72
72
72
72
72
73
73
73
71
73
49
73
73
74
74
74
74
75
75
75
75
75
75
76
76
76
76
76
76
53
75
56
1
3
4
22
22
21
20
25
25
19
18
15
4
5
5
6
22
22
22
7
22
32
28
28
32
46
49
43
45
42
40
40
68
68
67
66
63
56
37
37
38
38
38
39
40
41
41
36
36
23
23
27
27
27
28
27
27
28
28
28
32
8
29
29
51
32
32
35
35
35
60
60
60
60
60
60
59
59
30
30
33
34
31
31
29
29
29
29
69
32
35
23
8
24
44
68
61
58
28
29
30
31
29
29
30
39
5
61
42
76
65
