1
1
1
1
1
1
1
1
1
1
1
2
2
2
2
2
2
2
2
4
2
2
2
2
1
77
77
1
1
1
77
77
77
77
77
77
3
77
3
77
77
77
4
77
3
77
3
77
3
3
3
4
3
4
4
2
4
4
4
4
4
5
5
4
5
5
5
5
5
5
5
5
5
5
5
5
6
6
5
5
6
3
3
3
3
6
6
6
6
6
6
7
6
6
6
6
5
6
6
6
7
6
6
6
6
6
7
7
7
7
7
7
7
7
22
22
7
7
7
7
7
7
7
7
7
8
8
8
7
7
8
8
8
8
8
8
8
32
32
8
8
8
8
9
9
9
10
10
10
76
10
11
10
11
11
11
11
11
11
10
12
12
12
13
13
4
13
13
14
13
14
16
14
14
13
14
14
15
15
15
17
11
17
15
15
15
15
16
15
15
16
16
16
14
16
14
16
16
16
16
16
16
16
16
21
17
17
17
17
17
17
17
17
17
18
18
18
20
15
19
19
15
19
19
19
19
19
19
19
19
19
19
19
20
20
20
20
20
21
20
21
21
21
21
21
22
21
22
22
22
21
21
22
20
20
22
22
21
22
22
22
22
22
22
22
22
22
22
23
22
23
23
23
20
23
23
23
23
23
23
23
24
24
24
22
22
22
24
24
22
22
24
24
24
24
24
24
24
24
24
22
24
24
24
24
28
24
24
28
24
28
19
19
25
25
25
25
25
23
25
25
25
25
25
25
25
25
25
25
25
29
29
25
23
26
25
25
26
26
26
27
29
26
27
27
27
27
27
29
24
28
27
28
28
29
28
28
28
31
29
29
30
29
29
29
30
30
30
31
30
30
30
30
30
30
30
30
30
60
28
60
31
31
31
31
31
32
32
32
33
33
34
34
34
34
35
35
35
38
35
35
36
38
38
38
38
38
38
38
41
38
38
39
39
39
39
41
39
39
40
40
40
40
41
41
41
41
41
41
41
42
41
41
42
41
42
42
40
42
42
42
69
42
42
42
69
43
43
43
43
43
43
43
43
46
46
45
45
69
44
44
49
44
44
47
45
46
46
46
46
46
46
46
46
48
47
45
48
48
48
48
49
49
50
49
49
49
49
50
49
75
53
49
53
50
50
50
48
48
51
52
52
51
52
52
52
53
53
75
53
53
53
53
53
55
54
52
55
56
56
56
56
56
56
56
56
56
58
30
57
58
62
58
58
58
58
58
58
58
59
58
59
61
59
60
60
60
60
61
61
37
61
61
61
61
61
61
63
61
61
61
61
68
62
62
62
62
63
63
58
63
63
63
65
64
64
56
64
64
64
64
65
62
65
65
66
65
63
66
66
66
63
66
66
66
66
66
67
61
61
67
67
67
61
67
67
67
67
67
67
67
67
71
67
67
61
68
68
68
68
68
68
71
69
69
69
69
69
69
69
69
69
69
70
70
70
70
70
70
70
70
71
71
71
71
70
71
71
69
69
71
71
70
71
71
71
72
72
72
72
75
72
72
71
73
73
73
73
73
73
73
75
74
74
74
75
75
75
75
75
75
76
76
76
76
76
76
53
75
30
1
3
4
22
22
21
20
25
29
19
18
15
13
5
6
6
22
22
22
7
7
28
28
28
28
46
49
43
45
42
40
61
68
68
68
63
63
56
37
37
41
38
38
38
41
42
41
36
36
23
23
23
27
27
27
27
27
28
28
28
28
8
29
29
51
33
32
33
35
35
59
59
59
60
60
60
59
59
30
31
33
34
31
31
30
29
30
30
69
28
35
23
8
24
69
40
37
58
29
29
29
60
29
29
31
38
5
61
42
76
62
