1
1
1
1
1
1
1
77
1
1
1
2
2
2
2
2
4
2
2
4
2
4
4
4
1
77
77
77
1
77
77
77
77
77
77
77
77
77
77
77
77
77
3
3
77
3
3
3
3
3
3
4
3
4
4
4
4
4
4
4
4
14
4
5
5
5
5
5
5
5
5
5
5
5
5
5
6
6
5
6
6
3
6
6
6
6
6
6
6
6
6
6
6
6
6
6
6
7
6
6
6
6
6
7
6
6
6
7
7
7
7
7
7
7
7
7
7
7
7
7
7
7
7
7
7
8
8
7
7
8
8
8
8
8
8
8
8
8
8
32
8
8
8
9
9
9
10
9
10
10
10
10
11
11
11
11
11
12
11
12
12
12
12
13
13
13
14
14
14
14
14
14
16
14
14
14
14
15
15
15
15
15
15
17
17
15
15
15
15
15
16
16
16
16
16
16
5
16
16
16
16
16
16
16
16
17
17
17
17
17
76
17
17
18
18
17
18
19
19
19
19
19
19
19
19
19
19
19
19
19
19
19
19
20
20
20
19
19
5
22
21
21
21
21
22
5
5
22
22
22
20
22
22
22
20
20
20
22
22
22
5
5
5
22
22
24
22
23
20
23
23
23
23
23
23
23
23
23
23
23
23
24
24
24
24
24
24
23
24
24
24
24
24
24
24
24
24
24
24
24
24
24
24
24
24
24
24
24
24
24
24
19
25
25
25
25
25
19
25
25
25
25
25
26
25
25
26
25
25
25
25
25
26
27
26
26
26
26
29
26
26
26
29
27
27
27
27
27
27
28
28
27
27
28
28
29
28
28
31
29
29
31
29
29
29
30
29
30
30
30
30
30
30
30
30
29
30
30
31
31
31
31
31
29
31
31
32
8
32
32
28
34
34
34
34
35
35
35
35
35
35
38
38
38
38
38
38
38
38
38
38
38
36
39
39
39
39
39
39
40
40
40
40
41
41
41
41
41
41
41
41
41
41
42
42
42
42
40
42
42
42
69
43
42
43
43
43
43
43
43
43
43
52
52
43
43
44
44
44
44
44
44
44
44
44
45
52
46
46
46
46
46
46
46
46
47
45
48
48
48
48
49
49
49
49
49
49
49
50
49
49
49
49
49
50
50
50
51
51
50
52
52
52
52
52
55
53
53
75
53
53
53
53
54
54
54
54
54
56
56
56
56
56
56
56
56
56
57
57
57
57
57
58
58
58
58
58
58
58
58
58
61
59
59
60
31
60
60
61
61
61
61
61
61
61
61
61
61
61
61
61
61
61
62
62
65
62
61
63
62
63
63
63
63
64
64
64
64
64
64
64
65
65
65
65
65
70
66
66
66
66
66
66
66
65
66
65
67
67
61
61
63
67
61
67
67
67
67
67
67
67
67
67
67
67
61
68
68
67
68
68
69
69
69
69
69
69
69
69
69
69
69
69
71
70
70
70
70
70
71
72
71
71
71
71
71
71
71
71
71
71
71
71
71
71
71
72
72
72
72
72
72
72
73
73
73
71
73
73
73
73
75
74
74
75
75
75
72
75
75
75
76
76
76
76
76
10
53
75
30
1
3
4
5
22
21
20
19
25
19
18
15
13
6
6
6
5
7
22
7
7
28
28
28
28
46
73
43
45
42
40
68
68
68
67
66
63
56
37
37
38
38
38
38
40
41
39
36
36
23
23
27
27
27
27
27
27
27
28
27
28
8
29
29
51
32
32
33
35
35
60
60
60
60
60
60
31
59
30
30
33
34
31
31
29
29
29
30
69
28
35
23
8
24
44
69
61
63
29
29
29
31
29
29
30
38
5
61
42
76
56
