1
2
1
1
1
1
1
1
1
2
1
2
2
13
2
2
2
13
13
13
13
2
2
2
2
77
77
77
1
77
2
77
77
77
77
77
77
77
77
77
77
4
4
3
3
3
3
3
3
3
3
3
3
77
4
4
4
4
4
4
4
4
5
4
5
5
5
5
5
5
5
5
5
5
5
5
3
4
6
6
3
3
6
6
6
6
5
6
6
6
7
6
6
6
6
6
6
7
7
7
7
7
6
6
6
6
6
6
6
7
7
7
7
7
7
6
7
7
7
7
7
7
7
7
7
8
8
8
7
8
8
8
8
8
8
32
32
32
32
32
8
32
8
9
9
9
10
10
10
10
76
10
10
10
15
15
11
11
12
12
12
12
12
13
14
13
14
14
14
14
14
16
16
14
14
14
4
11
11
11
15
15
15
15
15
11
15
15
15
19
16
15
16
14
14
16
14
16
21
16
16
16
16
16
21
76
76
76
76
76
17
17
17
17
17
19
18
15
19
19
19
19
19
25
19
19
19
19
20
19
19
25
25
21
21
22
20
20
21
21
21
21
21
21
21
22
21
5
22
22
22
22
22
22
20
22
22
22
22
22
22
5
22
22
22
22
22
22
20
23
23
22
20
23
23
23
23
23
26
26
26
24
24
22
22
24
24
24
24
24
22
22
24
24
24
24
28
24
24
24
24
24
23
24
24
24
24
28
24
28
24
25
19
25
19
25
19
25
23
25
25
25
25
25
23
23
25
25
25
25
25
25
25
26
26
26
26
26
26
26
26
29
26
27
27
27
29
29
27
28
28
28
28
31
29
28
28
28
28
29
29
29
29
29
29
30
29
30
30
30
30
30
30
30
30
29
30
30
28
28
31
31
28
28
31
31
32
32
32
33
33
60
34
34
60
35
34
35
38
38
35
35
38
38
35
38
38
38
38
38
38
40
39
36
39
39
39
39
39
40
40
40
40
41
41
41
41
41
41
41
42
42
41
42
41
41
42
42
40
42
42
69
43
42
42
42
43
43
43
43
43
46
43
43
43
46
45
44
45
44
44
44
44
47
47
45
46
46
46
46
46
46
48
46
46
47
48
48
47
48
48
44
49
49
49
49
49
53
49
53
49
49
49
53
50
53
50
46
48
51
52
46
50
52
52
52
53
49
53
53
53
53
53
53
54
54
55
55
56
56
56
56
56
56
56
56
64
57
56
57
62
62
59
57
57
57
58
58
58
58
58
61
61
59
60
60
31
59
61
61
61
68
61
61
61
61
61
61
61
67
61
68
68
62
56
62
62
61
63
63
63
63
66
63
65
64
64
64
64
64
65
62
65
65
65
65
65
66
66
63
66
66
66
66
66
70
65
68
67
67
67
63
67
67
68
68
67
67
67
67
67
67
71
67
67
68
68
68
67
67
68
68
68
69
69
69
69
69
69
44
69
69
69
70
70
70
70
70
70
70
72
71
71
71
70
71
71
73
73
71
73
73
71
71
73
71
72
72
72
75
75
72
75
73
72
73
72
73
73
73
75
74
74
74
74
75
72
72
75
75
75
76
76
76
76
76
76
53
75
57
1
3
4
5
22
21
20
25
26
19
18
15
13
5
6
6
22
24
22
7
24
28
28
28
28
46
49
46
45
42
68
68
68
68
67
63
63
56
37
68
37
38
38
38
40
42
41
36
36
23
23
23
27
27
24
27
29
29
28
28
28
8
29
29
50
31
32
35
35
35
59
60
61
60
34
60
59
59
30
30
33
34
31
31
29
29
29
29
69
31
35
23
8
24
44
69
61
58
31
29
30
31
29
29
59
40
5
68
42
76
65
