1
1
1
1
1
1
1
1
1
1
1
2
2
2
2
2
2
2
2
13
13
2
2
2
2
77
77
77
77
1
77
77
77
77
77
77
77
77
77
3
4
4
4
3
77
3
3
3
3
3
3
3
3
4
4
2
4
4
4
4
4
4
4
5
4
5
5
5
5
5
5
5
5
5
5
5
6
6
5
6
6
3
6
6
3
6
6
6
6
6
6
6
7
6
6
6
7
7
6
7
6
7
7
6
6
6
6
7
6
7
6
7
7
7
7
5
22
7
7
7
7
7
7
7
22
8
8
8
7
7
8
8
8
8
8
32
8
8
32
32
8
8
8
9
9
9
10
10
10
9
10
10
11
11
11
11
11
11
11
12
12
12
13
13
13
13
14
14
16
14
14
14
16
14
14
14
14
13
15
11
15
11
11
15
15
15
15
15
15
15
15
16
16
16
16
16
16
5
5
5
21
16
20
20
20
17
15
17
17
17
17
17
17
17
17
17
18
19
19
15
17
19
17
19
19
19
19
19
19
19
19
19
19
20
20
20
20
20
21
20
21
21
21
21
21
21
5
21
21
22
22
21
22
22
22
20
20
22
22
22
22
22
22
22
22
22
22
22
22
23
23
22
23
23
23
22
22
23
23
23
26
24
24
22
24
24
24
24
24
24
24
24
22
24
24
24
24
24
24
24
24
24
23
24
23
28
28
28
28
28
28
25
25
25
25
25
25
25
25
25
25
25
25
25
25
25
25
25
25
25
25
25
25
26
26
26
23
25
26
26
26
29
26
29
27
27
27
27
27
32
23
23
28
32
23
23
28
28
28
29
29
30
29
29
29
29
29
29
29
30
29
30
29
30
30
30
29
30
31
31
28
31
31
28
31
31
32
32
33
33
33
34
35
34
34
35
35
35
38
34
34
35
38
38
38
38
38
38
38
38
40
38
36
36
39
39
39
39
39
40
40
40
40
41
39
40
41
41
41
41
41
41
41
41
42
42
42
42
42
42
42
42
43
43
42
43
43
43
43
43
43
43
46
43
43
43
45
44
69
44
44
44
47
44
47
45
46
46
46
46
46
46
48
46
46
47
45
48
48
48
48
44
49
49
49
49
49
49
49
49
49
49
49
49
50
50
50
48
51
51
52
51
52
52
52
52
53
53
75
53
53
53
53
53
54
54
55
55
57
57
56
57
56
56
56
56
56
57
57
57
57
57
58
30
58
58
58
58
58
58
58
59
59
59
60
31
60
31
61
61
61
37
61
61
61
61
58
61
61
61
61
61
61
62
57
62
62
61
61
63
63
61
63
65
64
64
56
64
64
64
64
65
64
65
65
66
65
66
63
65
66
66
67
66
66
66
66
67
67
67
67
67
67
67
67
67
68
67
67
67
67
68
67
67
67
61
61
69
68
68
68
71
68
69
42
42
69
69
69
44
44
69
69
70
65
70
70
70
70
71
70
71
68
68
71
71
71
71
68
71
71
71
71
72
71
71
72
72
72
72
72
72
72
73
73
73
73
73
49
73
73
72
72
74
74
75
75
75
75
75
49
76
76
76
76
76
76
53
75
30
1
3
3
22
24
21
20
25
25
19
18
15
4
5
6
3
22
22
22
22
22
28
28
28
28
46
49
43
45
42
40
68
68
68
68
63
63
56
37
37
37
38
38
38
40
41
39
36
36
23
23
27
27
27
23
27
28
23
28
28
28
7
29
29
51
32
32
35
35
35
60
60
60
60
31
60
59
59
30
29
33
31
28
30
29
29
29
29
69
28
34
23
8
24
44
69
61
58
28
29
29
31
28
29
30
38
5
37
42
76
56
