1
2
1
1
1
1
1
1
1
2
1
2
2
2
2
2
2
2
2
13
2
2
2
4
2
77
77
77
77
1
77
77
77
77
77
77
77
77
3
77
4
4
4
3
3
3
3
3
3
3
3
3
3
4
4
4
4
4
4
4
5
5
4
5
5
5
5
5
5
5
5
5
5
5
5
5
6
3
5
6
6
3
6
3
3
6
6
6
6
6
6
6
6
5
5
6
5
5
6
6
7
6
6
6
6
7
7
7
7
7
7
7
7
7
7
22
7
7
7
7
7
7
7
8
7
8
8
8
8
8
8
32
8
8
32
32
8
8
32
32
32
28
8
9
9
12
10
12
10
10
76
10
10
11
10
11
11
11
11
12
12
13
11
13
11
13
4
13
13
11
14
14
14
14
14
14
14
15
11
15
15
15
15
15
15
15
15
16
15
15
16
14
16
16
16
16
16
16
21
21
21
16
16
16
21
17
17
17
17
17
76
76
18
18
18
17
18
19
15
19
17
15
19
19
19
19
19
19
25
19
19
19
19
20
20
20
20
20
5
16
21
21
21
21
21
21
21
21
22
21
22
22
22
20
20
22
22
22
22
22
22
22
22
24
22
22
23
22
22
24
23
23
20
20
23
23
23
23
23
23
23
24
22
24
22
24
24
23
24
24
24
24
24
24
22
24
24
24
24
24
23
24
23
23
23
24
24
24
24
24
22
19
19
25
18
25
25
25
25
23
25
25
25
23
23
23
23
25
25
25
25
25
25
26
26
26
26
25
26
27
27
27
26
27
27
26
27
27
27
28
28
28
28
28
28
28
28
28
31
29
29
29
29
30
29
30
29
29
30
30
31
31
30
30
30
29
29
30
31
31
31
28
31
31
31
31
32
8
32
33
33
34
34
34
60
35
35
35
35
35
35
36
38
38
38
38
38
38
38
38
41
41
39
39
39
41
39
39
39
40
40
40
40
39
41
40
41
41
41
41
41
41
41
42
42
41
41
40
40
42
42
69
43
42
42
42
43
43
43
43
43
43
43
43
43
43
45
44
69
44
44
44
44
44
44
45
52
46
46
43
46
46
46
46
46
47
45
48
48
48
48
44
49
49
49
49
49
49
49
49
49
49
53
49
50
50
50
46
51
50
52
51
52
52
52
51
49
53
53
53
53
53
53
53
54
54
55
55
56
56
56
57
56
56
56
56
56
57
56
57
57
57
58
30
57
57
58
58
58
58
61
59
59
61
60
60
60
60
61
61
61
61
61
61
61
61
63
63
61
61
61
61
61
57
62
62
62
63
63
57
63
63
63
62
64
64
64
64
64
64
64
65
65
65
65
65
65
66
66
66
66
66
66
66
66
66
65
67
67
67
67
67
67
67
67
68
68
67
67
67
67
67
67
67
67
67
68
69
68
68
68
68
71
69
69
69
69
69
69
69
69
69
45
70
70
70
70
70
70
70
70
71
71
70
70
71
70
71
71
69
71
71
71
71
71
71
72
72
72
72
72
72
75
73
73
73
72
73
73
73
75
74
74
74
74
75
75
75
72
75
75
76
76
76
76
76
10
53
72
30
1
3
3
22
22
21
20
25
26
19
18
16
13
6
6
3
22
22
22
7
7
28
28
28
28
46
73
45
45
42
41
68
68
68
67
66
66
56
37
38
37
38
38
38
41
41
41
36
36
23
23
26
26
27
27
27
27
28
28
28
28
8
29
29
51
32
32
35
35
38
59
60
60
60
60
60
59
59
30
30
35
34
31
31
29
29
29
30
69
28
35
23
8
22
44
42
61
58
31
29
29
28
28
29
30
38
5
38
42
76
64
