1
2
1
1
1
1
1
1
1
2
1
2
2
2
2
2
2
2
2
4
13
4
2
4
2
77
77
77
1
1
1
1
77
77
77
77
77
77
77
77
4
4
3
77
77
3
3
3
3
3
3
3
3
4
4
4
4
4
4
4
4
4
5
4
5
4
5
5
5
5
5
5
5
5
5
22
3
4
5
6
6
3
3
6
6
6
6
6
6
6
6
6
6
6
6
22
22
6
7
6
6
6
7
7
7
7
6
7
7
7
6
7
7
7
7
22
7
7
7
7
7
7
7
7
7
8
8
8
8
7
8
8
8
8
8
8
8
8
8
8
32
8
8
9
9
9
10
9
10
76
76
10
10
11
10
11
11
11
11
12
12
13
12
13
14
13
14
14
12
14
12
12
14
12
14
14
14
15
11
15
15
15
15
15
15
15
15
16
15
17
12
16
14
14
14
16
4
4
16
16
16
16
16
16
21
17
15
17
17
17
76
17
18
18
17
17
18
19
19
19
19
19
17
19
19
19
19
20
25
19
19
19
19
20
20
25
20
20
5
21
21
20
21
21
21
21
21
21
21
21
22
22
22
20
22
20
22
22
22
22
21
21
22
22
22
22
23
22
20
22
23
22
23
20
23
23
23
23
23
23
26
24
22
24
22
24
24
24
24
22
24
24
24
24
28
28
24
24
24
24
24
24
24
24
28
24
24
24
24
24
28
25
19
19
17
25
25
25
23
23
23
25
25
25
25
26
26
25
25
25
25
25
26
26
23
26
26
25
26
26
26
27
25
26
27
27
26
27
29
32
28
28
28
32
29
28
28
28
28
27
27
30
29
29
29
30
29
30
30
30
30
58
30
30
30
29
30
29
31
28
31
31
31
31
31
31
32
32
33
33
33
34
34
34
34
33
35
35
38
38
34
36
36
38
37
38
38
38
38
38
40
40
39
39
39
39
41
39
39
40
40
40
40
39
39
40
41
41
41
41
41
42
41
41
42
42
42
42
40
42
69
42
43
42
43
42
69
69
43
43
43
43
46
43
43
52
44
47
44
44
44
44
44
44
44
45
52
46
46
43
46
46
46
46
46
47
48
48
51
48
48
49
49
49
73
49
49
49
49
49
49
49
75
49
50
50
50
51
51
51
52
52
51
52
52
52
53
75
75
53
53
53
53
53
54
54
55
51
57
56
56
56
56
56
56
56
56
30
57
57
57
57
58
58
30
58
58
58
59
59
58
58
61
61
60
60
60
60
58
61
61
37
61
61
61
61
61
61
61
61
61
68
68
62
62
62
62
61
58
63
63
63
63
63
64
64
64
64
64
64
64
66
65
65
65
65
65
66
66
66
66
67
67
67
66
66
65
67
67
67
67
67
67
66
66
67
66
66
67
67
66
67
67
67
67
67
68
69
68
68
68
71
68
69
69
69
69
69
69
69
69
44
69
70
70
70
70
70
70
70
72
71
68
71
71
71
71
68
71
71
71
71
71
73
71
49
72
72
72
72
72
72
72
73
73
73
73
73
73
73
73
74
74
74
74
75
75
75
75
75
49
76
76
76
76
76
76
53
75
30
1
3
4
22
22
21
20
25
25
17
18
15
13
5
6
6
28
28
22
22
22
28
28
32
28
46
49
43
45
42
40
69
68
68
67
63
63
56
37
37
38
38
38
36
40
41
41
36
36
27
27
27
27
27
24
27
27
28
29
28
28
8
29
29
51
33
32
35
35
38
59
60
61
60
31
31
59
59
30
30
33
34
31
59
29
29
29
29
69
28
34
23
8
28
44
69
61
58
31
27
29
31
29
29
58
38
5
37
42
76
56
