1
1
1
1
1
1
1
1
1
1
1
2
2
2
2
2
2
2
2
2
2
4
2
2
2
77
77
77
77
77
2
77
77
77
77
77
77
77
3
77
77
77
4
3
3
3
3
3
3
3
4
3
3
4
4
4
2
4
4
4
4
4
4
5
4
16
5
5
5
5
5
5
5
5
5
5
3
6
6
3
3
6
6
6
3
3
6
6
6
6
6
6
6
6
6
6
6
7
6
6
6
6
6
6
7
6
6
7
7
7
7
7
6
7
7
7
7
7
7
7
7
7
8
8
8
8
8
8
7
8
8
8
8
8
8
32
32
32
32
8
32
8
8
9
9
10
10
11
10
10
10
10
11
11
10
11
11
11
15
12
12
12
12
13
14
13
14
14
14
13
14
14
14
16
16
14
14
15
11
11
15
11
15
15
15
15
15
19
15
15
14
16
16
16
14
16
16
16
5
16
21
16
20
20
16
15
17
17
17
17
17
17
17
18
17
17
18
19
19
15
19
15
19
19
19
19
19
19
19
19
19
19
19
20
20
20
20
20
21
16
21
21
21
21
22
21
21
22
22
22
22
21
22
21
22
22
22
22
22
22
22
22
22
22
22
22
22
23
22
23
23
23
23
23
23
23
23
23
27
23
27
24
24
24
24
24
24
24
24
24
24
24
24
24
24
24
24
24
28
24
24
24
24
24
28
28
24
24
24
28
28
25
19
25
25
25
19
25
25
25
25
25
25
25
25
25
25
25
25
25
25
25
25
26
23
26
23
23
26
26
26
26
23
27
27
27
27
27
27
28
28
28
28
28
28
28
28
28
28
26
29
29
29
29
29
30
30
30
30
30
30
31
30
30
30
29
30
30
60
31
31
31
31
31
31
31
32
32
32
33
33
34
34
34
34
35
35
36
36
35
35
38
38
38
38
38
38
38
38
38
38
38
39
39
36
38
39
39
39
40
40
40
40
41
41
41
41
41
41
41
42
41
42
42
42
41
42
40
42
42
42
42
43
43
42
42
42
43
43
43
46
43
46
43
43
46
44
45
44
44
44
44
44
44
44
45
46
46
46
43
46
46
46
46
46
47
48
48
48
48
48
44
49
49
49
49
49
49
50
49
49
49
49
49
50
50
50
46
46
51
46
52
52
52
52
52
53
53
75
53
53
53
53
53
54
54
55
55
56
56
56
56
56
56
56
56
56
57
57
57
57
57
31
31
30
57
58
58
58
58
58
61
59
59
60
60
60
60
61
61
61
68
61
61
61
61
58
61
61
61
61
68
61
62
62
62
62
61
63
58
63
63
63
66
56
64
64
64
64
64
64
65
65
65
65
70
65
66
63
66
66
66
66
66
66
66
66
67
67
67
67
67
67
67
67
67
67
67
67
67
67
67
67
71
67
68
67
68
68
68
68
68
68
69
69
69
69
69
69
69
69
69
69
70
70
70
70
70
70
71
70
71
71
71
67
71
71
71
71
71
71
71
71
71
71
71
72
72
72
72
72
72
72
73
73
73
73
73
73
73
73
74
74
74
74
75
75
72
75
75
49
76
76
76
76
76
10
53
75
30
2
3
5
22
22
21
19
25
25
19
18
14
13
6
6
6
22
22
22
7
7
28
28
28
28
46
73
43
45
42
40
68
68
68
67
63
63
56
37
37
38
38
38
36
37
41
41
36
36
23
23
27
27
27
27
27
27
28
28
28
28
8
27
26
51
32
32
35
35
35
60
60
60
60
60
60
59
59
30
30
33
34
31
31
29
29
29
29
69
28
35
23
8
24
44
69
61
58
28
26
29
60
29
29
31
38
5
61
42
76
56
