1
1
1
1
1
1
1
1
1
1
1
2
2
2
2
2
2
4
2
2
2
4
4
2
4
77
77
77
77
1
77
77
77
77
77
77
77
77
77
77
77
4
3
3
3
3
3
3
3
3
4
3
3
4
4
4
4
4
4
4
4
14
4
4
5
16
5
5
5
5
16
5
5
5
7
5
6
6
6
6
6
6
6
6
6
6
6
6
6
6
6
6
6
6
6
5
6
6
7
6
6
6
6
6
6
6
7
7
7
7
7
7
7
7
7
7
7
7
7
7
7
7
7
7
7
8
8
8
8
8
8
8
8
8
8
8
8
8
8
8
8
8
8
9
9
9
10
10
10
10
10
11
10
11
11
11
11
11
11
12
12
12
12
13
14
13
14
14
14
14
14
14
14
14
14
14
14
15
15
15
15
11
15
15
15
15
15
15
15
15
16
16
14
16
16
16
16
16
16
16
16
14
16
16
16
17
17
17
17
17
17
17
17
17
17
17
18
20
19
19
19
19
19
19
19
19
19
19
19
19
19
19
19
20
20
20
20
20
21
20
16
21
21
21
21
22
21
22
22
22
22
22
22
22
22
20
22
22
22
22
22
22
22
22
22
24
22
23
20
23
23
23
23
23
23
23
23
23
23
23
27
22
24
24
24
24
24
24
24
24
24
24
24
24
24
24
24
24
24
24
24
24
24
24
24
24
24
24
24
24
24
25
25
25
18
25
25
25
25
25
25
25
25
26
25
25
26
25
25
25
25
26
25
27
23
26
26
26
26
26
26
27
26
27
27
27
27
27
27
28
28
27
27
28
27
28
27
27
31
29
29
29
29
29
29
30
30
30
30
30
30
30
30
30
30
30
30
30
31
31
31
34
31
31
31
30
32
8
32
32
33
34
34
34
34
35
35
35
35
35
34
36
38
35
38
35
38
38
38
37
38
38
39
39
39
39
39
39
39
40
40
40
40
41
41
41
41
41
41
41
41
41
41
41
42
42
42
42
42
42
42
42
43
43
43
42
43
43
43
43
43
43
43
43
43
43
44
44
44
44
44
44
44
44
44
45
46
46
46
46
46
46
46
46
46
47
48
48
48
48
48
49
49
49
49
49
49
49
50
49
49
49
49
54
50
50
50
51
51
51
52
52
52
52
52
52
54
53
53
53
53
53
53
53
54
54
55
54
56
56
56
56
56
56
56
56
56
57
57
57
57
57
30
58
58
58
58
58
58
58
58
59
59
59
60
60
60
60
61
61
61
61
61
61
61
61
61
61
61
61
61
61
61
62
62
62
62
63
63
63
63
63
63
63
64
56
64
64
64
64
64
65
65
64
65
65
65
66
66
63
65
66
66
66
66
66
66
67
67
67
61
67
67
67
67
67
67
67
67
67
67
67
67
67
67
67
67
68
68
68
68
68
71
69
69
69
69
69
69
69
69
69
69
70
70
70
70
70
70
70
70
71
71
67
71
71
71
71
71
71
71
71
71
71
73
71
72
72
72
72
72
75
72
73
73
73
73
73
73
73
75
74
74
74
74
75
75
72
75
75
75
76
76
76
76
76
10
53
75
30
1
3
4
22
22
16
20
25
25
17
18
16
13
6
6
3
22
22
22
7
7
28
28
31
28
46
49
43
45
42
40
61
61
68
68
66
63
56
37
37
38
38
35
38
40
41
41
36
36
23
23
27
27
27
27
27
27
28
28
28
27
8
29
29
54
32
32
35
35
35
60
60
60
60
34
60
58
59
30
30
35
34
30
58
29
29
29
30
69
31
35
23
8
24
44
69
61
58
27
29
29
34
29
29
30
38
16
61
42
76
56
