1
1
1
1
1
1
1
77
1
1
1
2
2
2
2
1
2
2
2
4
2
4
2
2
2
77
77
1
1
77
77
4
77
77
77
77
77
77
77
77
77
77
4
3
77
3
3
3
3
3
3
3
3
4
4
4
4
4
4
4
4
4
4
4
5
5
5
5
5
5
5
5
5
5
5
5
6
6
5
6
3
3
3
6
6
3
6
6
6
6
6
6
6
6
7
6
7
7
6
7
7
6
6
6
6
6
6
7
6
7
6
6
7
7
7
7
7
7
7
7
7
7
8
8
7
8
8
8
7
8
7
8
8
8
8
8
8
32
8
8
8
8
8
9
9
10
10
10
11
10
10
11
11
11
11
11
11
12
15
12
12
12
12
13
13
13
13
14
14
14
14
14
16
14
14
16
14
15
15
15
15
17
17
15
15
15
15
15
19
15
16
16
16
16
16
16
16
5
16
16
16
16
16
15
16
17
17
17
17
17
17
17
17
18
18
17
18
19
15
19
19
15
19
15
19
19
19
19
20
19
19
19
19
20
20
20
20
20
21
21
21
22
21
21
21
21
21
22
22
22
21
21
22
22
22
22
22
22
22
22
22
22
22
22
23
22
23
22
22
23
23
20
20
23
23
23
23
23
26
23
26
22
24
22
24
23
23
24
24
24
22
24
22
24
24
24
24
24
24
24
24
24
24
23
24
24
24
24
28
28
24
25
25
25
25
25
25
23
25
25
25
25
25
26
26
25
26
26
25
25
25
25
25
26
26
26
26
26
26
29
26
26
29
27
27
27
27
27
27
28
24
27
27
28
28
28
28
28
28
29
29
29
29
29
29
29
29
30
30
30
30
30
30
30
30
30
29
30
31
28
31
31
31
28
31
31
32
32
33
33
33
60
34
34
34
35
35
36
35
38
34
36
38
35
38
38
38
38
38
38
40
38
36
39
36
41
39
39
39
40
40
40
40
41
41
41
41
41
41
41
41
42
41
42
42
42
41
42
40
42
42
42
43
42
43
43
43
42
42
43
43
43
43
43
43
46
45
44
44
44
44
44
44
47
44
45
46
43
46
43
46
46
48
46
46
47
48
48
48
48
48
44
49
49
49
49
49
49
50
49
49
53
53
49
50
50
50
52
52
51
52
52
51
52
52
51
53
53
53
53
54
53
53
54
54
54
52
55
56
56
56
56
56
56
56
56
56
57
57
57
57
57
58
58
58
57
57
58
57
58
58
59
59
61
34
34
60
60
61
61
61
61
61
67
61
61
61
61
61
67
67
61
61
58
62
62
62
63
63
63
63
63
66
63
56
64
56
64
64
64
64
65
65
65
65
65
64
66
66
66
65
66
63
66
66
66
70
67
67
67
67
63
67
67
67
67
67
67
67
67
66
67
67
67
67
68
68
68
68
68
68
68
68
69
69
69
69
68
68
69
69
69
45
70
70
70
70
70
70
70
72
71
67
67
70
70
70
67
71
71
71
71
71
71
71
71
72
72
72
72
72
75
72
49
73
73
71
73
49
72
49
74
74
74
75
72
75
75
75
75
75
76
76
76
76
76
76
53
75
56
2
3
4
22
24
21
20
23
25
19
18
15
13
6
6
3
22
22
23
22
22
28
28
28
28
46
71
69
45
42
40
69
68
68
68
63
63
56
37
37
38
38
38
38
40
41
41
36
36
23
23
27
27
27
27
27
27
28
28
28
28
8
29
29
51
32
32
35
35
35
60
60
60
60
60
34
59
59
30
30
33
34
30
31
29
29
29
29
69
28
35
23
24
24
44
69
61
58
28
29
29
31
29
30
56
41
5
61
42
76
56
