1
1
1
1
1
1
1
1
1
1
1
2
2
2
2
2
2
2
2
2
13
2
2
2
2
77
77
77
77
77
2
77
77
77
77
77
77
77
77
77
77
77
3
3
3
3
3
3
3
3
3
3
3
4
4
4
4
5
4
5
4
4
5
5
5
5
5
5
5
5
5
5
5
5
5
5
6
6
5
5
6
6
6
6
6
6
5
6
6
6
6
6
6
5
5
5
5
7
5
7
6
6
6
6
6
6
6
7
7
7
7
7
7
5
7
22
7
7
7
7
7
8
7
8
7
8
8
8
8
8
8
32
32
8
8
32
32
8
32
32
32
28
8
9
9
9
10
10
10
10
76
10
10
11
11
11
11
11
11
12
12
12
12
13
13
13
13
14
14
14
14
14
14
14
14
13
13
15
15
11
15
11
15
15
15
15
15
15
15
15
16
16
16
16
16
16
16
5
5
5
21
16
16
16
21
17
17
17
17
76
17
17
17
17
17
17
18
19
19
19
19
19
19
19
19
19
19
19
19
19
19
18
19
20
20
20
20
22
21
21
21
21
21
21
22
21
21
22
22
22
22
22
22
22
22
22
22
22
22
22
22
22
22
22
22
22
22
22
22
23
23
22
22
23
23
23
23
23
27
27
27
24
24
24
24
24
24
24
24
24
24
24
24
24
24
24
24
24
28
24
24
24
24
28
24
28
24
28
24
24
24
25
25
25
18
25
25
25
25
25
25
25
25
25
25
25
25
25
25
25
25
26
26
27
26
26
26
26
26
26
26
26
26
26
27
27
27
27
27
32
28
27
28
32
28
28
28
28
28
29
29
29
29
29
29
30
30
30
30
30
30
30
30
30
30
30
30
30
31
31
28
31
28
31
31
31
8
32
32
32
33
34
34
34
34
35
32
35
36
38
35
36
38
38
38
38
38
38
38
38
38
38
39
39
39
38
41
39
39
40
40
40
40
39
41
41
41
41
41
41
41
41
41
41
42
42
42
42
42
42
42
42
42
43
43
43
43
43
43
46
43
43
46
43
43
46
44
45
44
44
44
44
44
44
49
45
46
46
46
43
46
46
46
46
46
47
48
48
48
48
48
44
49
49
49
49
49
49
49
49
53
53
53
49
50
50
50
46
51
51
52
52
52
52
52
55
53
53
75
53
53
53
53
53
54
54
55
55
56
56
56
56
56
56
56
56
56
57
57
57
57
57
58
58
30
58
58
58
58
58
58
59
59
59
60
31
31
31
61
61
61
61
61
61
61
61
61
61
61
61
61
61
61
62
62
62
62
63
63
63
63
63
66
63
64
64
64
64
64
64
64
65
65
65
65
65
65
66
66
66
65
66
66
66
66
70
65
68
68
67
67
67
67
67
67
68
68
67
67
67
67
67
67
67
67
68
68
68
68
68
68
68
68
69
69
69
69
69
69
68
69
69
69
70
70
70
70
70
70
70
70
71
71
71
71
71
71
71
68
68
71
71
71
71
68
68
72
72
72
72
75
72
75
73
73
73
72
73
53
53
53
74
74
74
74
75
75
75
75
75
53
76
76
76
76
76
76
53
75
30
2
3
4
22
24
21
20
25
25
18
18
16
13
5
5
6
22
22
22
7
8
28
28
28
28
46
49
43
45
42
40
68
68
68
68
66
63
56
37
38
38
38
38
39
40
41
41
36
36
23
23
27
27
27
27
27
27
28
28
28
28
8
29
29
51
32
32
35
38
38
60
60
60
60
60
60
59
59
30
30
32
34
31
31
29
29
29
30
69
31
35
23
8
28
44
68
61
58
28
29
29
31
29
29
30
38
5
38
42
76
56
