1
2
1
1
1
1
1
77
1
2
1
2
2
13
13
2
2
4
13
13
13
4
4
2
2
77
77
77
1
77
2
77
77
77
77
77
77
77
77
77
77
2
3
3
3
3
3
3
3
3
3
5
3
2
4
4
4
2
4
4
4
4
4
5
5
5
5
5
5
5
5
5
5
5
5
22
6
5
6
6
6
3
6
6
6
6
7
6
6
6
7
6
6
7
7
6
6
7
6
6
6
7
7
6
6
6
6
7
7
7
6
7
7
6
7
22
7
7
7
7
7
7
7
7
8
8
8
8
7
7
8
8
8
8
8
8
8
8
8
32
8
8
8
9
9
10
10
10
10
10
76
10
10
11
11
11
11
11
11
11
12
12
14
12
14
13
12
14
14
12
14
16
14
14
14
14
14
16
11
15
15
15
17
15
15
15
15
15
15
15
16
16
16
16
16
16
5
16
16
16
16
16
16
16
21
17
17
17
17
17
76
76
76
18
18
17
18
19
19
15
19
15
19
15
19
19
19
19
19
19
19
19
19
20
20
20
20
20
21
20
20
20
21
21
21
5
5
5
21
21
20
21
20
20
20
20
22
22
21
22
22
22
22
22
22
22
22
20
20
23
23
23
20
20
23
23
23
23
23
23
27
22
22
24
22
24
23
24
24
24
24
24
24
24
24
24
24
24
24
24
24
24
24
24
27
24
27
24
24
24
24
19
19
25
18
25
19
25
23
25
25
25
25
25
23
23
25
25
25
23
25
23
25
23
23
26
23
23
26
26
26
29
26
27
27
29
29
27
27
28
27
27
27
28
27
27
27
27
28
29
29
30
29
29
29
30
30
30
30
30
30
30
57
30
30
30
30
30
31
32
32
31
31
28
31
31
32
8
32
33
35
34
34
34
34
35
35
35
35
35
35
35
38
38
38
38
38
37
38
37
38
38
36
36
39
39
39
39
39
40
40
40
40
39
41
41
41
41
41
41
42
41
42
42
42
42
40
40
40
42
42
42
42
43
42
43
43
43
42
43
43
43
43
46
43
43
69
44
69
44
68
44
44
44
44
45
48
48
48
46
46
46
48
52
48
50
48
50
48
48
48
49
49
49
49
73
49
49
49
49
73
73
53
49
50
50
50
48
51
47
52
52
51
52
52
51
54
53
53
53
53
53
53
53
54
54
55
54
56
56
56
56
56
56
56
56
56
57
57
57
58
57
58
58
58
58
58
58
58
58
61
61
59
59
60
60
60
60
61
61
61
61
61
61
61
61
61
61
61
61
67
61
68
62
57
62
62
63
62
62
63
63
63
62
64
64
64
64
64
64
64
65
62
65
65
65
64
66
63
66
66
63
66
66
66
67
70
67
61
61
67
67
67
67
67
67
67
67
67
66
67
67
67
67
67
68
67
68
68
68
68
68
67
69
69
69
69
69
69
68
68
69
69
70
65
70
70
65
70
70
70
71
71
71
71
71
71
71
71
71
71
71
70
72
72
71
72
72
72
72
72
72
72
73
73
73
73
73
73
73
73
72
72
74
75
75
75
75
75
75
73
76
76
76
76
76
10
53
75
57
1
3
4
22
22
21
20
23
23
18
18
16
12
6
6
6
22
22
22
7
7
28
28
28
28
52
49
43
45
69
40
61
68
68
68
63
63
56
37
40
37
38
38
39
40
42
41
36
36
23
23
27
27
27
27
29
27
27
27
27
27
7
29
29
51
32
32
35
34
35
59
60
60
34
60
60
59
59
30
30
35
34
31
31
29
29
29
29
69
32
34
23
8
24
44
68
61
58
28
29
30
31
29
29
30
40
5
61
42
76
56
