2
2
2
1
1
1
1
1
1
2
1
2
2
13
13
2
2
13
13
13
13
13
13
2
2
77
77
77
1
77
4
4
77
77
77
77
77
77
77
77
77
77
4
4
4
3
3
3
3
3
4
4
3
4
4
4
4
4
4
4
14
14
4
5
5
14
5
5
5
5
5
5
5
5
5
5
3
4
5
5
3
3
6
5
5
5
6
6
6
6
6
6
6
5
5
6
5
5
6
6
6
7
6
7
6
7
7
7
7
7
7
7
7
7
22
22
7
24
24
7
7
7
7
32
32
8
8
8
32
32
8
8
8
8
8
8
33
33
33
33
32
32
32
9
9
9
10
10
10
10
76
10
10
11
11
11
11
12
11
12
12
12
12
13
12
13
14
14
14
12
14
16
14
14
14
14
14
12
12
11
15
15
15
15
15
15
20
20
15
15
16
16
16
16
16
16
16
16
16
16
16
16
16
21
16
17
17
17
17
76
76
17
17
18
17
17
18
20
20
19
17
19
19
19
19
19
19
20
20
19
19
19
19
20
20
20
20
20
21
21
21
21
21
21
21
21
21
21
21
21
22
22
21
21
20
21
22
22
21
21
22
22
22
22
22
22
22
20
20
23
23
23
20
23
23
23
23
23
23
27
27
24
22
24
22
24
23
24
24
24
24
23
24
22
24
28
24
23
23
24
24
24
23
23
23
23
27
24
28
28
28
19
18
18
18
18
25
26
20
26
25
25
25
25
26
23
26
25
25
25
25
26
26
27
27
26
26
26
26
26
26
27
27
27
27
27
27
27
27
28
27
28
27
32
28
28
27
28
28
29
29
29
29
29
29
30
29
30
30
30
31
30
30
29
30
31
30
30
31
31
31
31
31
31
31
31
32
33
33
33
33
34
34
34
34
35
33
35
36
38
38
36
38
36
38
38
38
38
38
40
38
40
36
39
39
40
39
39
39
40
40
40
40
41
41
40
41
41
41
41
42
41
41
42
42
41
42
40
40
42
42
42
43
43
43
42
42
43
43
43
43
43
45
43
43
46
45
45
45
44
44
44
44
47
47
45
46
46
48
46
46
46
48
46
46
47
48
48
48
48
48
49
49
50
49
49
49
50
50
49
75
75
49
49
50
50
50
46
51
51
52
52
52
52
52
46
53
53
75
53
53
53
53
53
54
54
55
55
56
56
56
56
56
56
56
56
56
57
57
57
57
62
58
58
57
57
58
58
58
58
58
59
59
59
60
60
60
60
59
61
61
61
61
61
61
61
59
61
61
61
67
61
68
62
62
62
62
63
63
63
63
63
63
65
64
64
64
64
64
64
64
65
62
65
65
65
65
66
63
66
65
65
66
66
66
66
66
67
67
67
61
67
67
67
67
67
67
67
67
67
67
67
67
67
67
68
68
68
68
68
68
69
68
69
69
69
69
69
69
71
44
69
69
70
70
70
70
70
70
70
72
71
71
71
71
72
71
71
71
71
71
71
72
71
71
49
72
72
72
72
75
72
72
73
73
73
73
73
73
73
73
74
74
74
74
75
75
75
75
75
75
76
76
76
76
76
10
53
75
31
1
3
4
22
22
21
20
20
26
18
18
20
13
6
5
3
22
22
22
7
24
28
28
28
28
46
49
45
45
42
40
40
68
68
68
66
63
56
37
40
40
38
38
38
40
41
41
36
36
23
23
27
27
27
23
27
27
27
27
28
27
32
29
29
46
33
32
33
35
35
60
60
60
60
60
31
31
59
30
30
33
34
31
31
29
29
29
30
69
28
35
23
32
24
44
40
61
58
28
29
29
31
29
29
31
40
5
61
42
76
56
