1
1
1
1
1
1
1
1
1
1
1
2
2
2
2
1
2
2
2
4
13
2
2
2
2
77
77
77
77
77
77
77
77
77
77
77
77
77
77
77
77
77
3
3
3
3
3
3
3
3
3
3
3
4
4
4
4
4
4
4
4
4
4
4
4
5
5
5
6
5
5
5
5
5
5
5
6
6
6
6
3
3
6
6
6
6
6
6
6
6
6
7
6
6
6
6
6
6
6
6
7
6
6
7
6
6
6
7
7
7
7
7
7
7
6
7
7
7
7
7
7
7
7
8
7
8
8
8
8
8
8
8
8
32
8
8
8
32
8
8
32
8
8
9
9
9
11
10
10
10
10
11
10
11
11
11
11
11
11
12
12
12
12
13
13
13
14
14
14
14
16
14
14
14
14
14
14
16
15
15
15
15
17
17
15
15
15
15
15
15
16
16
16
16
16
21
16
16
21
21
16
16
16
20
16
17
17
17
17
17
17
17
17
17
17
19
18
15
19
15
19
19
19
19
19
19
19
19
19
19
19
19
19
20
20
20
20
20
21
21
21
21
21
21
22
21
21
22
22
22
22
22
22
21
22
22
22
22
23
23
22
22
22
24
23
23
22
22
22
23
23
23
23
20
23
23
23
23
23
26
23
24
24
24
24
22
24
24
24
24
24
24
24
24
24
24
24
24
24
24
24
24
24
24
24
28
24
24
24
24
24
19
25
25
25
25
25
19
25
25
25
25
25
25
25
26
25
25
25
25
25
25
26
23
26
26
26
26
26
26
27
26
26
27
27
27
27
29
27
28
28
27
27
28
28
28
28
28
28
29
29
29
29
29
29
30
30
30
30
30
30
30
30
29
29
30
29
30
31
31
31
31
31
31
28
28
32
32
32
33
33
60
34
34
34
35
34
35
35
35
34
36
38
38
34
38
38
38
38
38
40
38
36
36
39
39
39
39
39
42
40
40
40
41
41
40
41
41
41
41
41
41
41
42
42
41
42
42
42
42
42
69
43
43
42
43
43
43
43
43
43
43
46
43
43
43
44
44
44
44
44
44
44
44
44
45
52
46
46
46
46
46
46
46
52
47
48
47
48
48
46
44
49
49
49
73
49
50
49
49
49
49
49
49
50
50
50
51
51
51
52
51
52
52
55
52
53
53
53
53
53
53
53
53
54
54
52
51
56
56
56
56
56
56
56
56
56
57
57
57
62
56
58
58
30
57
57
58
58
59
58
59
59
59
60
31
60
60
59
61
61
61
61
61
61
58
58
61
61
61
67
61
61
62
62
62
62
63
63
63
63
63
63
63
64
64
64
64
64
64
64
65
64
64
65
65
65
66
65
65
65
66
66
66
66
66
66
67
67
67
67
67
67
67
67
67
67
67
66
66
67
68
71
67
67
68
68
68
68
68
68
68
68
68
69
69
69
69
68
69
69
69
69
70
65
70
70
70
70
70
70
71
71
67
71
71
71
71
71
71
71
71
70
71
71
71
72
72
72
72
72
72
75
49
73
73
73
73
73
73
73
74
74
74
74
75
72
75
75
75
75
76
76
76
76
76
10
53
75
30
1
3
4
22
22
21
20
23
26
19
18
15
13
6
6
6
22
22
22
7
7
28
28
28
28
46
49
43
45
42
40
68
68
68
68
66
67
56
37
37
37
38
38
38
40
41
41
36
36
23
23
23
27
27
27
27
27
28
28
28
28
8
27
29
51
32
32
35
34
35
59
60
60
60
34
60
59
59
29
58
33
34
31
31
29
29
30
30
69
32
34
26
8
7
44
69
61
58
28
29
29
31
29
29
58
38
5
61
42
76
56
