1
1
1
1
1
1
1
1
1
2
1
1
2
2
2
2
1
2
2
13
13
2
2
2
2
77
77
77
77
77
77
77
77
77
77
77
77
77
77
77
3
77
3
3
3
3
3
3
3
3
3
3
3
4
4
4
4
4
4
4
4
14
4
4
5
16
5
4
4
4
5
5
7
7
7
5
3
6
6
6
6
6
6
6
6
6
6
6
6
6
6
6
6
6
6
6
6
6
6
7
6
6
6
6
6
6
6
7
7
7
7
7
7
7
7
7
7
7
7
7
7
7
7
7
7
8
8
8
8
8
8
8
8
8
8
8
8
8
8
8
8
8
8
9
9
9
10
10
10
10
10
10
10
11
11
11
11
11
11
12
12
12
12
13
13
13
14
14
14
14
14
14
14
14
14
14
14
15
15
15
15
15
15
15
15
15
15
19
15
15
16
16
16
16
16
16
16
16
16
21
21
16
16
16
16
17
15
17
17
17
76
17
17
17
17
17
18
19
19
19
19
19
19
19
19
19
19
19
19
19
19
19
19
20
20
20
19
20
21
21
21
21
21
21
21
22
21
22
22
22
22
21
22
22
20
22
20
22
22
22
22
22
22
24
23
23
22
23
23
23
23
23
23
23
23
23
23
23
23
23
23
22
24
24
24
24
23
24
24
24
24
24
24
24
24
24
24
24
24
24
24
24
24
24
24
24
24
24
24
24
24
19
25
25
18
25
25
25
25
25
25
25
25
25
25
25
25
25
25
25
29
25
25
26
23
26
26
26
26
26
26
29
26
27
27
27
27
27
27
28
28
28
27
28
28
28
28
28
28
29
29
29
29
29
29
30
30
30
30
30
30
30
30
30
30
30
30
30
28
28
31
31
28
28
28
31
32
32
32
32
33
34
34
34
34
35
35
35
35
35
35
36
38
38
37
38
38
38
38
38
38
38
39
39
39
39
39
39
39
40
40
40
40
41
41
41
41
41
41
41
41
42
41
42
42
42
42
42
42
42
42
42
42
43
43
43
43
43
43
43
43
43
43
43
43
43
44
44
44
44
44
44
44
44
44
45
46
46
46
46
46
46
48
46
46
47
48
48
48
48
48
49
49
49
49
73
49
49
49
49
49
49
49
49
50
50
50
46
51
48
52
52
52
52
55
55
53
53
53
53
53
53
53
53
54
54
55
55
56
56
56
56
56
56
56
56
56
57
57
57
57
57
59
58
58
57
58
58
58
58
58
59
59
59
60
60
60
60
59
61
61
61
61
61
61
61
61
61
61
61
61
61
61
62
62
62
62
63
63
62
63
63
63
65
64
64
64
64
64
64
64
65
65
65
65
65
65
66
63
63
66
66
66
66
66
66
66
67
67
67
67
67
67
67
67
67
67
67
67
67
67
67
67
67
67
67
68
68
68
67
68
68
68
69
69
69
69
69
69
69
69
69
69
70
70
70
70
70
70
70
71
71
68
71
71
70
71
71
71
71
71
71
71
71
71
71
72
72
72
72
74
72
72
73
73
73
73
73
73
73
73
74
74
74
74
75
75
75
75
75
75
76
76
76
76
76
10
53
75
30
1
3
4
22
22
21
20
25
29
19
18
15
13
6
6
6
22
22
22
7
7
28
28
28
28
46
44
43
45
42
40
68
61
68
67
63
63
56
37
37
37
38
38
38
40
41
41
36
36
23
23
27
27
27
27
29
28
27
28
28
28
8
29
29
51
33
28
35
35
35
59
60
60
60
60
60
59
59
30
30
35
34
29
31
29
29
29
30
69
28
35
23
8
24
44
69
61
58
28
29
29
31
29
29
30
38
5
61
42
76
56
