1
2
2
1
1
1
1
1
1
1
1
2
2
2
2
2
1
2
2
2
2
4
2
4
4
77
77
77
1
77
1
1
77
77
77
77
77
77
77
3
77
77
4
4
3
3
3
3
3
3
4
4
3
4
4
4
4
4
4
4
4
14
4
4
5
5
5
5
5
5
5
5
5
5
6
5
6
4
5
6
3
3
6
6
6
3
6
6
6
6
6
6
6
5
5
6
6
5
5
6
7
7
6
7
7
7
7
7
7
7
7
7
7
5
5
5
7
7
7
7
7
8
7
7
8
8
8
8
8
7
8
8
8
8
32
32
32
32
8
32
8
32
8
9
9
10
11
10
10
10
76
10
76
12
12
11
11
11
11
10
12
12
12
13
14
13
13
14
14
14
12
12
14
14
14
16
14
15
11
11
15
15
15
15
11
15
15
15
15
15
12
16
16
16
16
16
14
16
16
16
16
21
16
16
21
17
17
17
17
76
17
17
17
17
17
17
18
19
15
19
17
15
19
15
19
15
19
19
19
19
19
19
19
19
20
20
20
20
21
19
21
22
21
21
21
21
21
22
21
21
22
22
20
22
20
20
22
22
22
22
22
22
22
22
24
24
23
22
20
24
23
23
20
20
20
23
23
23
23
23
23
22
24
22
24
24
24
23
23
24
24
22
24
24
24
24
28
24
24
24
24
24
23
24
28
28
24
28
24
28
24
19
25
25
25
25
25
25
25
25
25
25
25
25
25
23
26
25
25
25
25
25
25
23
23
26
26
25
26
23
26
26
26
27
27
27
27
29
27
28
28
28
28
32
28
28
28
28
28
29
29
31
29
29
29
29
30
30
30
30
30
30
31
30
30
29
30
30
31
31
28
31
31
31
31
31
32
33
33
33
33
34
35
34
34
35
35
38
38
38
35
36
36
36
34
38
38
38
37
38
40
38
39
39
39
39
39
39
39
40
40
40
40
41
41
40
41
41
41
41
41
41
40
41
42
42
42
42
42
42
42
42
43
42
42
69
69
43
43
43
69
69
43
52
43
43
44
44
44
44
69
44
44
47
44
45
52
46
52
52
46
46
46
46
48
47
45
45
48
48
48
49
49
49
49
49
50
50
50
49
49
75
49
49
50
50
52
51
51
47
52
52
52
52
55
55
53
53
53
53
53
53
53
53
54
54
55
52
57
56
56
57
56
56
56
56
56
58
58
57
62
57
59
58
58
58
58
58
58
58
58
59
59
59
60
31
31
59
61
61
61
61
61
61
61
61
58
61
61
61
61
61
68
62
56
62
62
58
58
63
63
58
63
63
65
64
64
64
64
64
64
65
65
64
65
65
65
66
63
66
65
66
66
66
66
67
66
68
61
67
61
67
67
67
67
67
67
66
67
66
66
67
67
67
67
68
68
68
68
68
69
68
68
69
69
42
69
69
69
44
69
44
44
70
65
70
70
70
70
70
70
71
68
71
70
71
71
68
71
71
71
68
71
71
71
71
72
72
72
72
74
75
49
73
71
73
73
73
73
72
49
74
74
74
74
75
75
75
75
75
75
76
76
76
76
76
76
53
75
31
1
3
4
21
22
21
20
25
29
25
18
16
13
6
6
6
22
22
22
7
7
28
28
28
28
46
49
45
45
42
40
69
68
68
67
66
66
56
37
61
37
38
38
36
40
40
41
39
36
23
23
28
28
27
28
27
27
28
28
28
28
8
29
29
52
32
32
35
38
38
59
60
60
60
60
60
59
59
31
30
33
60
31
31
29
29
29
30
69
28
35
23
8
24
44
69
61
63
28
29
30
31
29
29
31
38
5
61
42
76
56
