1
2
1
1
1
1
1
1
1
1
1
2
2
2
2
2
1
2
2
4
2
2
2
2
2
77
77
77
77
77
2
77
77
77
77
77
77
77
77
77
77
4
3
77
3
3
3
3
3
3
3
3
3
4
4
4
4
4
4
4
14
4
4
5
5
5
5
5
5
5
5
5
5
5
5
5
6
6
6
6
6
6
6
6
6
6
6
6
6
6
7
6
6
6
7
6
7
7
6
7
7
7
6
6
6
6
7
7
6
7
7
7
7
6
7
7
7
7
7
7
7
8
7
7
7
8
8
8
8
8
8
8
8
8
8
8
8
8
8
8
8
8
8
9
9
9
10
10
10
9
10
10
10
11
11
11
11
12
11
12
12
12
12
13
13
13
14
13
14
13
14
16
14
14
13
14
14
12
15
15
15
15
17
15
15
15
15
15
15
15
16
15
16
16
14
16
16
16
21
16
16
16
16
16
21
17
17
17
17
76
17
17
17
17
17
17
18
19
19
19
17
19
19
19
19
19
19
19
19
19
19
19
18
20
20
20
19
20
21
21
21
21
21
21
21
21
21
22
22
22
22
21
22
22
22
22
22
22
22
22
22
22
22
22
22
24
23
23
20
23
23
23
20
23
23
23
23
23
23
23
23
22
22
22
22
24
24
24
24
24
24
24
24
24
24
24
24
24
24
28
24
24
24
24
28
28
24
24
24
28
24
25
25
18
18
25
25
25
23
25
25
25
25
25
25
23
25
25
25
25
25
25
25
26
23
26
26
26
26
26
26
26
26
27
27
27
27
27
29
28
28
28
28
32
27
28
28
28
28
29
29
29
29
29
29
30
30
30
30
30
30
30
30
30
30
30
30
30
31
31
31
31
31
28
31
31
32
8
32
32
33
34
34
34
34
35
35
35
35
35
34
36
38
38
34
35
40
38
38
38
38
40
39
36
39
39
39
39
39
40
40
40
40
41
41
41
41
41
41
41
42
41
41
42
42
42
42
40
42
42
42
42
43
43
43
43
43
43
43
43
43
43
43
43
43
46
44
47
44
44
69
44
44
44
44
45
46
46
46
46
46
46
46
46
46
47
48
48
48
48
48
49
49
50
49
49
49
49
50
50
49
49
49
49
50
50
50
51
48
51
52
51
52
52
52
52
53
49
53
53
53
53
53
53
54
54
55
55
58
56
56
57
56
56
56
56
56
57
57
57
58
57
58
58
58
57
57
57
58
58
61
59
59
59
60
60
31
60
58
61
61
61
59
61
61
61
61
61
61
61
61
61
61
62
62
62
62
61
63
62
63
63
63
63
64
64
64
64
64
64
64
65
65
65
65
65
65
66
66
66
66
66
66
66
66
66
66
61
67
67
67
63
63
67
67
68
67
67
67
67
67
67
67
67
67
68
68
69
68
68
68
68
71
69
69
69
69
69
68
68
69
69
69
70
70
70
70
70
70
70
70
71
71
71
70
70
71
71
68
68
71
71
71
71
71
71
72
72
72
72
72
72
73
73
73
73
73
72
73
73
73
74
74
74
74
75
72
75
75
75
75
76
76
76
76
76
10
53
74
58
1
3
4
22
22
21
20
25
25
19
18
15
13
6
6
3
22
22
22
7
7
28
28
28
28
46
49
43
45
42
40
68
68
69
67
66
63
56
37
37
38
38
35
38
40
42
40
36
36
23
23
27
27
27
27
27
27
28
28
28
28
8
29
29
51
32
32
35
35
35
59
60
59
60
60
60
59
59
30
58
33
34
31
31
29
29
29
30
69
28
35
23
7
24
44
68
59
58
28
29
30
31
29
30
58
38
5
61
69
76
64
