1
2
1
1
1
1
1
1
1
1
1
2
2
13
2
1
2
2
2
13
13
2
2
4
2
77
77
1
1
77
77
77
77
77
77
77
77
77
77
77
77
77
4
4
77
3
3
3
3
3
3
3
3
4
4
4
4
4
4
4
14
14
5
5
5
5
5
5
5
5
5
5
5
5
5
5
3
3
6
6
3
3
6
6
6
6
6
6
6
6
7
7
7
6
5
6
6
6
6
6
7
6
6
6
7
6
6
7
6
7
7
7
7
6
7
7
7
24
7
7
7
7
7
7
7
8
8
8
8
7
8
8
8
8
8
8
8
8
8
8
8
8
8
9
9
10
10
10
10
76
11
10
11
11
11
11
11
12
11
12
12
12
12
13
14
13
14
13
14
13
14
14
14
14
13
14
14
15
11
15
15
11
15
15
15
15
19
15
19
15
16
16
16
16
16
5
5
5
21
5
16
16
16
16
21
17
15
17
17
76
17
17
17
17
17
17
18
19
15
19
19
19
19
25
19
19
19
19
20
20
19
19
25
20
20
20
20
22
21
21
21
21
21
21
21
22
21
22
22
21
22
22
22
20
22
22
22
22
22
22
22
22
22
22
22
23
22
22
20
23
23
23
22
23
23
23
23
23
23
23
23
7
24
22
24
22
22
24
24
24
24
24
24
24
24
24
24
24
24
24
24
24
23
28
24
28
24
24
24
24
24
25
25
25
25
25
25
25
25
25
25
25
25
25
25
25
25
25
25
25
25
25
25
27
23
23
23
26
26
26
26
26
26
29
27
27
27
27
27
32
28
28
28
32
28
28
28
28
28
29
29
29
29
29
29
30
30
30
30
30
30
30
30
29
29
30
29
30
31
31
28
31
31
31
31
28
32
32
32
32
33
34
34
34
34
35
35
35
35
35
34
36
36
38
38
38
38
38
38
38
38
38
39
39
39
39
39
39
39
41
40
40
40
41
41
40
41
41
41
41
42
41
42
42
42
42
41
42
42
42
42
42
42
43
43
69
43
43
43
43
46
43
46
46
43
46
44
44
44
44
44
44
44
47
44
45
46
46
46
46
46
46
48
48
46
47
45
47
48
48
48
49
49
49
73
49
49
49
50
50
49
49
49
49
50
50
50
51
51
51
52
52
52
52
52
52
53
53
53
53
53
53
53
53
54
54
55
55
56
56
56
57
56
56
56
56
56
57
56
57
57
57
59
58
57
57
58
58
58
58
58
61
61
61
60
60
60
60
61
61
61
61
67
67
61
61
61
67
61
61
67
61
68
62
57
65
62
61
58
63
63
58
63
63
64
64
56
56
64
64
65
65
65
65
65
66
65
66
66
66
66
66
66
66
66
66
70
67
67
67
67
67
67
67
67
67
67
67
67
66
67
67
68
67
67
68
67
68
68
67
68
68
68
68
69
69
69
69
69
69
69
69
44
70
65
70
70
70
70
70
72
68
71
67
71
71
71
71
71
49
71
71
70
71
71
71
72
72
72
72
72
72
72
73
73
73
73
72
73
73
72
74
74
74
75
75
75
75
75
75
49
76
76
76
76
76
76
53
75
30
1
3
4
22
22
21
20
25
25
17
18
16
13
5
6
6
22
7
22
7
24
28
28
28
28
46
49
44
45
42
40
69
68
68
67
63
63
56
37
37
38
35
35
38
40
41
41
39
36
23
23
27
27
27
27
27
27
28
28
28
28
7
27
29
54
33
32
35
35
35
59
60
60
60
34
60
59
59
30
30
33
34
31
31
30
29
29
30
69
28
35
23
24
24
44
69
61
58
28
29
29
31
29
29
30
40
5
68
42
76
64
