1
1
1
1
1
1
1
1
1
2
1
2
2
2
2
2
2
2
2
13
2
4
4
4
2
77
77
77
77
77
77
77
77
77
77
77
77
77
77
77
77
4
3
77
3
3
3
3
3
3
3
3
3
4
4
4
4
4
4
4
4
4
4
5
5
4
5
5
5
5
5
5
5
5
5
5
6
6
6
6
6
6
6
6
6
6
6
6
6
6
6
6
6
6
6
6
6
7
7
6
6
6
7
6
6
6
6
7
7
7
7
7
7
7
7
7
7
7
7
7
7
7
7
7
7
8
8
8
8
8
8
8
8
8
8
8
8
8
8
8
8
8
8
9
9
9
11
10
10
10
10
10
10
11
11
15
11
11
11
12
12
12
12
13
14
13
14
4
14
14
14
14
14
14
14
14
14
15
15
11
15
15
15
15
15
15
15
16
15
15
16
16
16
16
16
16
16
16
16
16
16
16
16
16
16
17
17
17
17
17
17
17
17
18
18
17
18
19
19
19
19
19
19
19
19
19
19
19
19
19
19
19
19
20
20
20
20
20
5
22
21
22
21
21
22
5
22
5
5
22
22
22
22
22
23
22
22
22
22
22
22
22
22
22
24
23
22
23
23
23
23
23
23
23
23
23
23
23
23
23
23
24
22
24
24
22
24
24
24
24
24
24
24
24
24
24
24
24
24
24
24
24
24
24
28
24
24
24
24
24
24
25
25
25
25
25
25
25
25
25
25
25
25
25
25
25
26
25
25
25
25
29
29
23
23
26
26
29
26
23
26
26
26
27
27
27
27
27
29
28
28
27
27
28
28
28
29
28
28
29
29
29
29
29
29
30
29
30
30
30
30
30
30
30
30
30
30
30
28
34
31
31
31
31
31
31
32
32
32
32
35
34
34
34
34
35
35
35
35
35
35
38
38
38
38
38
38
38
38
38
38
38
39
39
39
39
41
39
39
40
40
40
40
41
41
41
41
41
41
41
41
41
41
42
42
42
42
42
42
42
42
42
43
43
43
43
43
43
43
43
43
43
43
43
43
43
69
44
44
44
44
44
44
44
44
45
46
46
46
46
46
46
46
46
46
47
48
48
48
48
48
44
49
49
49
49
49
49
49
49
49
49
53
49
51
50
50
51
51
48
46
52
52
46
55
52
53
53
53
53
53
53
53
53
54
54
55
51
56
56
56
56
56
56
56
56
56
57
57
57
57
57
58
58
58
58
58
58
58
58
58
61
61
59
60
60
60
60
61
61
61
61
61
61
61
61
58
61
61
61
61
61
61
58
57
62
62
63
63
63
63
63
63
63
64
64
64
64
64
64
64
65
65
65
65
65
65
66
66
66
65
65
66
66
66
66
66
67
67
67
67
67
67
67
67
67
67
67
67
67
67
67
67
67
67
61
68
68
68
68
68
71
68
69
69
69
69
69
69
44
44
69
69
70
70
70
70
70
70
70
70
71
71
71
70
71
71
71
71
71
71
71
71
71
71
71
72
72
72
72
72
75
72
73
73
73
73
73
73
73
73
74
74
74
74
75
75
75
75
75
75
76
76
76
76
76
10
53
74
30
1
3
4
22
22
21
20
25
29
19
18
15
4
6
6
6
22
22
22
7
7
28
28
28
28
46
49
43
45
42
40
61
68
68
67
66
63
56
37
37
37
38
38
38
38
41
41
36
35
23
23
23
27
27
27
27
27
28
28
28
28
8
29
29
51
28
33
35
35
35
60
60
60
60
60
60
59
59
30
30
35
34
31
31
29
29
29
30
69
28
35
23
8
24
44
69
61
58
29
29
30
34
29
30
30
39
5
61
42
76
56
