1
1
1
1
1
1
1
1
1
2
1
2
2
2
13
2
2
2
13
13
13
13
13
4
2
77
77
77
77
1
77
77
77
77
77
77
77
77
77
77
3
77
3
3
3
3
3
3
3
3
3
3
3
4
4
4
4
4
4
4
4
14
4
5
14
14
5
5
5
5
5
5
5
5
7
5
6
6
6
6
6
6
6
6
6
6
5
6
6
6
6
6
6
6
5
6
6
6
6
7
6
6
6
7
6
7
6
7
7
7
7
7
7
7
7
7
7
7
7
7
7
8
7
7
7
8
8
8
8
8
8
8
8
8
8
8
8
8
8
8
8
32
8
9
9
9
10
10
10
10
10
10
10
11
11
10
11
11
11
12
12
12
12
13
12
13
14
14
14
14
14
14
14
14
14
14
14
15
15
15
15
15
15
17
15
15
15
15
15
15
16
16
16
16
16
16
16
16
16
16
16
16
16
16
16
15
17
17
17
76
17
17
17
18
17
17
18
19
19
19
17
15
19
19
19
19
19
19
19
19
19
19
19
20
20
20
20
23
21
22
21
22
22
22
21
22
21
22
22
22
22
22
22
20
20
20
22
22
22
22
22
22
22
22
22
22
22
23
23
22
23
23
23
23
23
23
23
23
23
23
23
24
24
24
24
24
24
24
24
24
24
24
24
24
24
24
24
24
24
24
24
24
24
24
24
24
24
24
24
24
24
19
25
25
18
25
25
25
23
23
25
25
25
25
25
25
25
25
25
25
26
26
25
26
23
26
26
25
26
26
26
26
26
27
27
27
27
29
29
28
28
28
28
32
28
28
28
28
28
29
29
30
29
29
29
30
30
30
30
30
30
30
30
30
58
30
30
30
31
28
28
28
31
28
31
31
32
8
32
33
35
34
34
34
35
35
35
35
35
35
35
36
38
35
38
37
38
38
38
38
38
38
39
39
39
39
40
39
39
42
42
42
42
41
41
42
41
41
41
41
41
42
41
42
42
42
42
42
42
42
42
42
42
43
43
43
43
43
42
43
43
43
43
43
43
43
44
45
44
44
44
49
44
44
47
45
46
46
46
43
46
46
48
46
48
47
45
48
48
48
48
49
49
49
49
49
49
49
49
49
49
49
53
49
50
50
50
48
51
48
46
46
51
52
52
52
49
53
53
53
53
53
53
49
54
54
51
55
57
56
56
56
56
56
56
56
56
58
57
57
57
57
59
58
58
58
58
58
59
59
58
59
59
59
60
60
60
60
61
61
61
67
61
61
61
61
61
61
61
61
61
67
61
65
62
62
65
63
63
58
63
63
63
63
64
56
64
64
64
64
64
65
64
65
65
65
65
66
66
66
66
66
66
66
65
66
66
67
67
67
67
67
67
67
67
67
67
67
67
67
66
67
67
67
67
67
68
68
68
68
68
68
67
68
69
69
69
69
69
68
44
69
69
66
65
70
70
70
70
70
70
71
71
67
71
71
71
71
71
71
71
71
71
71
73
71
70
72
72
72
75
75
72
73
73
73
73
73
49
73
73
74
74
74
74
72
75
75
75
75
75
76
76
76
76
76
10
53
75
58
1
3
4
22
22
21
20
25
26
19
18
16
12
5
5
6
22
22
22
22
7
28
28
28
28
48
49
43
45
42
40
40
68
68
67
66
67
56
37
37
37
38
38
38
40
41
40
38
36
23
23
26
27
27
23
27
23
28
28
28
28
8
29
29
51
32
32
35
35
35
60
60
60
60
35
60
59
59
30
30
35
35
31
30
29
29
29
30
69
28
35
23
32
24
44
69
61
58
28
29
29
31
28
29
30
39
5
61
42
76
56
