1
2
1
1
1
1
1
1
1
1
1
2
2
2
2
2
2
2
2
4
2
4
2
4
2
77
77
77
77
1
1
77
77
77
77
77
77
77
3
77
77
77
4
3
3
3
3
3
3
3
3
4
3
4
4
4
4
4
4
4
4
4
4
5
5
5
5
5
5
5
5
5
5
5
5
22
6
6
5
5
6
6
6
5
5
5
6
5
6
6
6
6
5
6
5
5
22
5
6
6
6
6
6
6
7
6
7
7
7
7
7
7
7
7
7
22
22
22
22
7
7
8
7
8
8
8
8
8
8
8
8
8
8
8
8
8
32
32
8
32
32
28
8
9
9
9
10
10
10
10
76
10
10
11
11
11
11
11
11
12
12
12
11
13
4
13
14
14
14
14
14
14
14
14
14
14
14
15
15
11
15
15
15
15
15
15
15
15
15
15
16
16
16
16
16
16
16
21
21
21
21
21
16
21
21
17
17
17
17
76
17
17
17
18
17
17
18
19
19
19
19
19
19
19
19
19
19
20
19
19
19
18
19
21
20
20
20
20
21
21
21
21
21
21
21
22
21
21
22
21
21
22
21
22
22
22
22
21
21
22
21
21
21
22
22
21
22
22
23
22
23
22
23
23
23
23
23
23
26
26
26
24
22
22
24
24
22
24
24
24
22
22
24
24
24
24
24
24
24
24
24
24
23
28
24
28
24
28
24
28
24
25
19
18
18
18
25
25
26
25
25
25
25
26
25
26
26
25
25
25
26
26
26
26
23
26
26
26
26
26
26
26
26
26
27
27
26
27
27
28
28
27
27
32
28
28
28
28
28
29
29
29
29
29
29
30
30
30
31
31
31
31
30
30
30
30
30
30
31
31
31
32
31
31
31
31
8
32
32
32
33
34
34
34
34
35
35
35
36
38
35
36
38
38
38
38
38
68
38
68
38
38
36
39
39
39
39
39
39
40
40
68
68
39
39
40
41
41
41
41
42
42
42
42
42
42
42
42
68
42
42
42
42
43
43
43
43
43
43
43
46
43
46
43
43
46
69
44
69
44
69
44
44
44
49
45
46
46
46
43
46
46
46
46
46
47
48
48
48
48
48
49
49
49
49
49
49
49
49
49
49
49
49
49
50
50
50
46
51
51
52
52
52
52
52
52
53
53
53
53
53
53
53
53
54
54
55
55
56
56
56
56
56
56
56
56
56
57
57
57
57
56
31
31
56
57
58
58
31
58
58
31
59
31
60
32
32
32
61
61
61
68
61
61
61
61
61
61
61
67
61
61
68
62
62
62
62
63
63
63
63
63
65
65
64
56
64
64
64
64
64
65
65
65
65
70
65
66
66
66
65
66
66
66
65
66
65
67
67
67
67
67
67
67
67
68
68
67
67
67
67
67
68
71
67
67
68
68
68
71
68
71
71
68
68
69
69
69
68
68
69
69
69
65
70
70
70
70
70
71
70
71
68
71
65
65
71
71
71
68
71
71
71
68
68
68
72
72
72
72
75
72
75
73
73
73
72
73
49
49
49
74
74
74
74
75
75
75
75
75
75
76
76
76
76
76
76
53
75
56
1
3
4
22
22
21
20
25
25
18
18
16
4
5
5
6
22
22
22
7
22
28
28
28
28
46
49
69
45
42
68
68
68
68
68
66
63
56
37
68
38
38
38
39
68
41
41
36
36
23
23
27
27
27
27
27
27
28
28
28
28
8
29
29
51
32
32
33
35
35
60
32
60
60
60
60
31
31
30
30
33
34
31
31
29
29
29
30
69
32
35
23
8
24
44
42
61
58
28
29
30
32
29
29
30
39
5
68
42
76
62
