1
2
1
1
77
1
1
77
1
1
1
2
2
2
2
2
2
2
13
4
13
4
13
2
2
77
77
77
77
1
1
77
77
77
77
77
77
77
77
3
77
4
4
77
3
3
3
3
3
3
4
4
3
77
4
4
4
77
4
4
4
5
4
5
5
5
5
5
5
5
5
5
5
5
5
5
5
5
5
6
3
6
6
3
3
6
3
3
6
6
6
6
6
6
6
5
5
5
5
6
7
7
7
7
7
7
7
7
28
7
28
7
7
7
7
22
7
7
28
7
7
8
7
8
28
8
8
8
32
8
8
32
33
8
8
8
8
33
33
32
8
32
8
9
9
10
11
10
10
76
76
10
10
11
11
11
11
11
11
12
12
12
15
13
15
13
4
14
14
14
14
16
16
16
14
16
14
15
11
11
11
15
15
15
11
15
15
15
15
15
15
16
16
16
16
16
16
16
16
16
16
16
16
16
21
15
15
15
15
76
17
17
17
17
17
17
18
15
19
19
17
19
19
19
19
19
19
20
20
19
19
19
19
15
20
22
20
22
21
15
21
21
21
22
22
21
21
22
22
22
22
22
22
22
22
22
22
22
24
22
24
24
24
22
22
24
24
22
22
24
22
22
22
22
23
23
23
23
26
26
26
24
24
24
22
22
24
24
24
22
24
24
24
24
28
28
24
24
28
24
24
24
23
28
28
28
24
24
24
24
28
19
19
25
18
25
19
19
19
19
25
25
25
19
19
23
23
25
25
25
25
26
26
26
26
26
26
26
26
26
26
29
29
27
28
28
28
27
28
33
24
29
28
33
29
28
33
33
28
29
29
30
29
29
29
30
30
30
30
30
31
31
30
30
30
30
30
30
33
33
31
31
28
28
28
28
33
33
33
33
33
34
34
34
34
35
35
35
36
36
36
36
38
36
37
38
38
38
38
38
38
38
39
39
39
39
39
39
39
40
40
40
68
39
39
40
41
41
41
41
42
41
41
42
42
42
42
42
42
42
42
68
43
43
43
43
46
46
43
52
43
43
46
43
43
52
44
44
44
44
69
44
44
44
44
45
52
46
46
43
46
46
46
46
46
47
48
45
48
48
48
44
49
49
49
53
49
49
49
49
53
53
53
49
50
50
50
51
51
51
52
52
52
52
52
52
53
53
75
75
53
53
53
53
54
54
55
55
56
56
56
56
56
56
56
56
56
57
57
57
57
56
58
31
56
58
58
58
58
58
58
59
59
59
60
31
60
31
61
68
61
61
61
68
68
61
58
61
61
67
68
61
68
62
62
62
62
63
63
63
63
63
63
65
64
64
64
64
64
64
64
65
65
65
65
65
65
66
66
66
65
65
66
65
66
70
66
68
67
67
67
63
67
67
68
68
67
67
67
67
67
68
68
68
67
61
68
68
68
68
68
68
68
68
68
68
69
69
69
71
69
69
46
70
70
70
70
70
70
71
71
71
71
68
71
71
68
71
71
49
71
71
71
71
71
71
72
72
72
72
74
72
75
73
73
73
71
73
49
73
53
74
74
74
75
53
75
75
75
75
75
76
76
76
76
76
76
53
75
56
1
3
5
22
22
21
20
23
25
17
18
16
15
6
3
6
24
24
22
24
28
33
28
33
33
46
49
46
45
42
68
40
68
68
68
66
63
56
37
40
38
38
38
38
40
41
41
36
36
23
23
26
27
28
26
27
28
28
29
28
28
32
29
29
51
32
32
35
36
36
60
31
60
60
60
60
59
31
31
30
33
34
31
31
29
30
30
30
69
33
35
23
8
28
44
68
61
63
28
29
30
31
29
29
31
39
5
68
42
76
62
