1
1
1
1
1
1
1
77
1
1
1
1
1
2
2
2
2
13
13
4
13
4
13
2
4
77
77
77
77
77
77
77
77
77
77
77
77
77
77
77
77
77
4
3
3
3
3
3
3
3
3
3
3
4
4
4
4
4
4
4
4
4
4
5
5
5
5
5
5
5
5
5
5
5
5
5
6
6
6
6
6
6
6
6
6
6
6
6
6
6
6
6
6
6
6
6
6
6
6
6
6
6
7
6
6
6
6
7
7
7
7
7
7
7
7
7
7
7
7
7
7
7
7
7
7
8
8
8
8
8
8
8
8
8
8
8
8
8
8
8
8
8
8
9
9
10
10
10
10
10
76
10
10
10
11
11
11
11
11
12
12
12
12
13
13
13
14
14
14
14
14
14
14
14
14
16
14
15
15
15
15
15
15
15
15
15
15
15
15
15
16
16
14
16
16
16
16
16
16
16
16
16
16
16
16
17
17
17
17
17
17
17
17
17
17
17
18
19
19
15
19
19
19
19
19
19
19
20
19
19
19
19
19
20
20
20
20
20
16
20
21
21
21
22
21
21
21
22
22
22
22
22
22
20
20
20
22
23
22
22
22
22
22
22
22
23
23
22
22
23
23
23
23
23
23
23
23
23
23
23
23
24
24
24
24
24
24
24
24
24
24
24
24
24
24
24
24
24
24
24
24
24
24
28
24
24
24
24
24
24
24
25
25
25
25
25
25
25
23
23
25
25
25
25
25
25
25
25
25
25
25
25
26
26
26
26
23
26
26
26
26
29
26
27
27
27
27
27
27
28
28
27
27
32
27
27
28
32
28
29
29
30
29
29
29
30
30
30
30
30
30
30
30
30
30
30
30
30
32
31
31
31
28
31
31
31
32
8
32
33
34
34
34
34
34
35
35
35
36
38
34
36
38
38
38
38
38
38
38
38
38
40
39
39
39
39
39
39
39
40
40
40
40
41
39
40
41
41
41
41
41
42
42
42
42
42
41
42
42
42
42
42
43
43
43
42
43
43
43
43
43
43
43
43
43
46
45
44
69
44
44
44
44
44
44
45
46
46
46
46
46
46
46
52
52
47
48
48
48
48
46
49
49
49
49
49
49
49
49
49
49
53
49
50
50
50
50
51
51
51
52
52
52
52
52
52
54
53
53
53
53
53
53
54
54
54
55
54
56
56
56
56
56
56
56
56
56
57
57
57
57
57
58
58
58
58
58
58
58
58
58
59
59
59
60
60
60
60
61
61
61
61
61
61
61
61
58
61
61
61
61
61
68
62
57
62
62
63
63
63
63
63
66
63
65
64
64
64
64
64
64
65
65
65
65
70
65
66
66
65
65
66
66
66
66
67
70
67
67
67
61
67
67
67
67
67
67
67
67
67
67
67
67
67
67
68
68
68
68
68
68
71
68
69
69
69
69
69
69
69
69
69
69
71
70
70
70
70
70
70
70
71
71
71
71
70
71
71
71
71
71
71
71
71
71
73
72
72
72
72
75
72
72
73
73
73
73
73
73
73
73
74
74
74
75
75
75
75
75
75
75
76
76
76
76
76
76
53
75
30
1
3
4
7
22
21
20
25
25
19
18
15
4
6
6
6
22
7
22
7
7
32
28
32
32
52
49
43
45
42
40
69
68
68
67
66
63
56
37
37
38
38
38
38
40
41
41
39
36
23
23
23
27
27
27
27
27
28
27
28
28
8
27
29
51
32
32
35
35
35
60
60
60
60
60
60
59
59
30
30
34
34
31
31
29
29
29
30
69
32
38
23
24
24
44
69
61
58
28
29
29
31
29
30
30
38
5
61
42
76
56
