1
1
1
1
1
1
1
1
1
1
1
2
2
2
2
2
2
2
2
2
2
2
2
2
2
77
77
77
77
77
77
77
77
77
77
77
77
77
77
77
3
4
3
3
3
3
3
3
3
3
4
6
3
4
4
4
4
4
4
4
4
4
4
5
4
5
5
5
5
5
5
5
5
5
5
5
3
6
6
6
6
3
6
6
6
6
6
6
6
6
6
6
6
6
5
5
6
6
6
6
6
6
6
6
6
6
6
7
7
7
7
7
7
7
7
7
7
7
7
7
7
7
7
7
7
8
8
8
8
7
8
8
8
7
7
8
8
8
8
8
8
8
8
9
9
9
10
10
10
10
76
10
76
11
11
11
11
11
12
12
12
12
12
13
12
13
14
14
14
14
14
14
14
14
14
16
14
12
15
15
15
15
15
17
15
15
15
15
15
15
16
16
16
16
16
16
16
16
16
16
16
16
16
21
16
17
17
17
17
17
17
17
17
17
17
17
18
19
19
19
19
15
19
19
19
19
19
19
19
19
19
19
25
20
20
20
20
20
5
21
21
21
21
21
21
21
21
21
22
22
22
22
22
22
20
22
22
22
22
22
22
22
22
22
22
22
22
22
22
23
23
22
22
23
23
23
23
23
23
23
23
24
24
24
24
22
24
24
24
24
24
24
24
24
24
24
24
24
24
24
24
24
24
24
24
24
24
28
24
24
24
25
25
25
19
25
25
25
25
25
25
25
25
25
26
26
26
25
25
25
25
26
26
26
26
26
26
25
26
26
27
26
26
27
27
27
27
29
27
28
28
28
28
28
29
28
28
28
28
29
29
31
29
29
29
30
30
30
30
30
30
30
30
30
30
29
30
30
31
31
31
31
31
31
28
28
32
32
33
33
33
34
34
34
34
35
35
35
35
38
38
36
38
35
38
38
38
38
38
38
40
38
39
39
36
39
39
39
39
40
40
40
40
41
41
40
41
41
41
41
41
41
41
42
42
42
42
42
42
42
42
42
43
43
43
43
43
43
43
43
43
43
43
43
43
43
69
44
44
44
44
44
47
44
47
45
46
46
46
46
46
46
48
46
46
47
48
48
48
48
48
49
49
50
49
49
49
49
50
49
49
53
53
49
50
50
50
51
51
51
52
52
52
52
52
52
49
53
53
53
53
53
53
49
54
54
55
55
56
56
56
56
56
56
56
56
56
58
57
57
58
57
58
58
58
58
58
58
58
58
58
59
61
59
34
31
31
60
61
61
61
61
61
61
61
61
61
61
61
61
61
68
68
62
62
62
62
63
63
63
63
63
63
63
64
64
64
64
64
64
64
65
64
65
65
65
70
66
66
66
66
66
67
66
66
66
66
67
67
67
67
67
67
67
67
67
67
67
67
67
67
67
67
67
67
68
68
68
68
68
69
68
68
69
69
69
69
69
69
69
44
69
69
70
70
70
70
70
70
70
70
71
68
71
71
71
71
71
71
44
71
71
71
71
71
71
72
72
72
72
72
75
72
73
73
73
71
73
49
73
73
74
74
74
74
75
75
75
75
75
75
76
76
76
76
76
10
53
74
30
2
3
4
22
22
21
20
25
25
19
18
15
13
6
6
6
22
22
22
7
7
28
28
28
28
46
49
43
45
42
40
68
61
68
68
66
63
56
37
37
38
38
35
38
40
41
41
36
36
23
23
27
27
27
27
27
27
28
29
28
28
8
29
29
50
32
32
35
35
35
60
60
60
60
34
60
59
59
30
30
35
34
31
31
29
29
29
30
69
28
38
26
24
24
44
69
61
58
28
29
29
31
29
29
30
38
5
61
42
76
56
