1
1
1
1
1
1
1
1
1
1
1
2
2
2
2
2
2
4
4
13
13
4
4
2
2
77
77
77
77
77
77
77
77
77
77
77
77
77
77
77
77
77
3
3
3
3
3
3
3
3
5
3
3
4
4
4
4
4
4
4
14
4
4
5
4
5
5
5
5
5
5
5
5
5
5
5
3
3
6
6
6
6
6
6
6
6
6
6
6
6
6
6
6
6
6
6
6
6
7
7
7
7
6
6
6
6
6
7
7
7
7
7
7
7
7
7
7
7
7
7
7
7
7
7
7
8
8
8
8
8
8
8
8
8
8
8
8
8
8
8
8
8
8
9
9
9
10
10
10
10
10
10
10
11
11
11
11
11
11
12
12
12
12
13
14
13
14
13
14
14
12
12
14
14
14
14
14
15
15
15
15
15
15
15
15
15
15
15
19
15
12
16
16
16
16
16
16
16
16
16
16
16
16
16
16
17
17
17
17
17
76
17
17
17
17
17
18
19
19
19
19
19
19
19
19
19
19
19
20
19
19
19
19
20
20
20
20
20
5
22
21
21
5
22
5
5
5
22
22
22
22
22
22
22
22
20
22
22
22
22
22
22
22
22
22
22
22
22
22
23
23
23
23
20
23
23
23
23
23
23
23
24
24
22
24
24
23
24
24
24
24
24
24
24
24
24
24
24
24
24
24
24
24
24
24
24
24
24
24
24
24
19
19
25
25
25
25
25
25
25
25
25
25
25
25
25
25
25
29
29
25
25
26
26
26
23
23
26
26
26
26
27
29
27
27
27
27
29
27
28
28
28
28
28
28
28
28
28
28
29
29
29
29
29
29
30
29
30
30
30
30
30
30
30
30
30
30
30
31
28
28
31
28
31
31
31
33
33
33
33
34
34
34
34
34
35
35
35
38
35
35
36
38
38
38
38
38
38
38
38
38
38
36
36
39
39
39
39
39
40
40
40
42
41
41
41
41
41
41
41
41
41
41
42
42
42
42
42
42
42
42
42
43
42
43
43
43
43
43
43
43
43
43
43
43
43
69
44
44
44
44
44
44
44
44
45
46
46
46
46
46
46
46
46
48
47
48
45
48
48
48
49
49
49
49
49
49
50
49
49
49
75
49
49
50
50
50
51
51
51
46
46
52
46
46
52
49
53
53
53
53
53
53
53
54
54
46
55
56
56
56
56
56
56
56
56
56
58
57
57
57
57
58
58
58
58
58
58
58
58
58
59
59
61
60
60
60
60
61
61
61
61
61
61
61
61
61
61
61
61
61
61
61
62
62
62
62
63
63
63
63
63
63
63
64
56
64
64
64
64
64
65
65
65
65
65
65
66
66
66
66
66
66
66
66
66
66
68
67
67
67
66
67
67
67
67
67
67
67
67
67
67
71
67
67
68
67
68
68
68
68
68
71
69
69
69
69
69
69
69
44
69
69
70
70
70
70
70
70
70
70
71
71
71
71
71
71
71
71
71
71
71
71
71
71
73
72
72
72
75
75
75
75
73
73
73
73
73
73
73
73
74
74
74
75
75
75
75
75
75
75
76
76
76
76
76
10
53
75
30
77
3
5
22
22
21
20
23
29
19
25
15
13
5
6
6
22
22
22
7
7
28
28
28
28
46
49
46
45
42
40
68
68
68
67
66
63
56
37
40
38
38
38
38
40
41
40
36
36
23
23
23
27
27
27
27
27
28
28
28
28
8
29
29
46
34
32
35
35
35
60
60
60
60
34
60
59
59
30
30
35
34
31
31
29
29
29
30
69
28
35
23
8
22
44
69
61
62
28
29
29
31
29
30
30
38
5
61
42
76
56
