1
1
1
1
1
1
1
1
1
1
1
2
2
2
13
2
2
13
2
4
13
4
4
4
1
77
77
1
1
77
1
77
77
77
77
77
77
77
77
77
77
77
3
3
3
3
3
3
3
3
3
3
3
4
4
4
4
4
4
4
4
4
5
5
5
4
5
5
5
5
5
5
5
5
7
5
6
5
5
6
6
3
6
6
6
6
6
6
6
6
6
6
6
6
6
6
6
6
6
6
6
6
6
7
7
7
6
7
7
7
7
7
7
7
7
7
7
7
7
7
7
7
7
7
7
8
8
8
8
8
8
8
8
8
8
8
8
8
8
8
8
28
7
9
9
10
10
10
10
10
11
10
11
11
11
11
11
11
12
12
12
12
12
13
13
13
14
14
14
14
12
14
14
14
14
14
14
12
15
15
15
15
15
15
15
15
15
15
15
15
15
16
16
16
14
16
16
16
16
16
16
16
16
16
16
17
17
17
17
17
17
17
18
18
17
17
18
19
19
19
19
19
19
19
19
19
19
19
19
19
19
19
19
20
20
20
20
20
5
22
21
21
22
22
22
5
5
22
5
5
22
22
22
22
22
22
22
22
22
5
22
22
5
22
22
22
22
20
20
23
23
23
23
23
23
23
23
23
23
23
23
24
24
24
24
24
24
24
24
24
24
24
24
24
24
24
24
24
24
24
24
24
24
24
24
24
24
24
24
24
24
19
25
25
18
25
25
25
23
25
25
25
25
25
25
25
25
25
25
25
26
25
26
29
23
23
26
26
26
26
26
29
26
29
27
27
27
27
29
28
28
27
28
28
29
28
28
28
28
29
29
29
29
29
29
30
30
30
30
30
30
31
30
30
30
30
30
30
31
31
31
31
31
31
31
31
28
28
32
33
34
34
34
34
34
35
34
35
35
35
35
36
38
38
38
38
38
38
38
38
38
38
39
39
39
39
39
39
39
40
40
40
69
41
41
41
41
41
41
41
41
41
42
41
42
42
41
42
42
42
42
69
43
43
43
42
43
43
43
46
43
43
46
43
43
46
69
44
69
44
69
44
44
44
44
45
46
46
46
46
46
46
46
46
46
47
45
48
48
48
48
49
49
49
73
49
49
49
49
49
49
49
49
49
50
50
50
46
51
51
46
50
52
46
52
52
53
49
75
53
53
53
53
53
54
54
55
50
30
56
56
56
56
56
56
56
56
57
57
57
62
57
30
58
58
57
58
57
58
58
58
59
59
59
34
60
60
60
61
61
61
61
61
61
61
61
61
63
61
61
61
61
61
62
62
62
62
63
63
63
63
63
63
63
64
64
64
64
64
64
64
62
65
65
65
65
65
66
66
66
65
66
66
66
65
66
66
67
67
67
67
67
67
67
67
67
67
67
67
66
67
67
67
67
67
68
67
68
68
68
68
68
68
69
69
69
69
69
68
69
69
69
69
70
65
70
70
70
70
70
70
71
71
71
71
71
71
71
71
71
71
71
71
71
71
71
72
72
72
72
75
75
72
73
73
73
73
73
73
73
73
74
74
74
74
75
75
75
75
75
75
76
76
76
76
76
10
53
75
30
1
3
4
5
22
21
20
25
26
19
18
15
13
6
6
6
5
22
22
7
7
28
28
28
28
46
73
43
45
42
40
69
68
68
67
66
67
56
37
61
38
38
38
38
40
41
41
39
36
23
23
23
27
27
27
27
27
28
29
28
28
8
29
29
50
34
28
35
35
35
60
60
60
34
34
60
59
59
30
30
35
34
31
31
29
29
29
30
69
28
34
23
7
24
44
69
61
58
28
29
29
31
29
29
30
39
5
61
42
76
56
