1
1
1
1
1
1
1
1
1
1
1
2
2
2
2
2
2
2
2
2
2
2
2
4
4
77
77
77
77
1
77
77
77
77
77
77
77
77
77
3
77
77
77
3
77
3
3
3
3
3
3
3
3
4
4
4
4
4
4
4
4
4
4
5
4
4
5
5
5
5
5
5
5
5
5
5
3
6
6
6
6
6
6
6
6
6
6
6
6
6
6
6
6
6
6
6
6
6
6
6
6
6
6
7
6
7
6
7
7
7
7
7
7
7
7
5
7
7
7
7
7
7
7
7
7
8
8
8
7
7
8
8
8
7
8
8
8
8
32
8
32
32
8
9
9
9
11
10
10
76
76
10
10
11
11
10
11
12
11
12
12
12
12
13
13
13
14
14
14
14
13
14
14
14
14
14
14
15
15
15
15
10
15
15
15
15
15
15
15
19
16
16
16
16
16
16
16
16
16
16
16
16
16
16
16
17
17
17
76
76
17
17
17
17
17
17
18
19
19
19
19
19
19
19
19
19
19
19
19
19
19
19
19
20
20
20
20
20
21
21
21
21
21
21
21
21
21
22
22
22
21
21
22
22
20
22
22
22
22
22
22
22
22
22
22
22
22
22
22
23
23
22
23
23
23
23
22
23
23
23
23
22
24
24
22
24
24
24
24
24
24
24
24
24
24
28
24
24
24
24
24
24
23
24
24
24
24
24
28
24
28
25
25
25
25
25
25
25
25
25
25
25
25
25
25
25
25
25
25
25
25
25
26
26
26
23
25
26
26
26
26
26
26
29
27
27
27
27
29
28
28
27
28
32
28
28
28
28
28
29
29
31
29
29
29
30
30
30
30
30
30
30
30
30
30
30
30
30
31
31
28
31
31
31
31
28
32
32
32
32
33
34
34
34
34
35
35
35
35
35
35
36
38
38
38
38
38
37
37
37
38
38
39
39
39
39
40
39
39
40
40
40
40
41
41
41
41
41
41
41
41
41
41
42
42
41
42
42
42
42
42
69
43
43
43
43
43
43
43
43
43
43
43
43
43
43
44
47
44
44
44
44
44
44
44
45
52
46
46
46
46
46
48
46
46
47
45
48
48
48
48
49
49
49
49
49
49
49
49
49
49
49
53
49
50
50
50
51
48
51
52
51
52
52
52
52
53
53
53
53
53
53
53
53
55
54
55
55
30
56
56
56
56
56
56
56
56
58
30
57
58
57
58
30
58
58
58
58
58
58
58
61
59
59
34
60
31
60
61
61
61
61
61
61
61
61
58
61
61
61
61
68
61
62
57
62
62
63
58
63
63
63
66
63
64
64
64
64
64
64
64
65
64
65
65
65
65
66
66
66
65
66
66
66
66
66
66
61
67
67
67
61
67
67
67
68
67
67
67
66
67
67
67
67
67
68
68
68
68
67
68
68
68
69
69
69
69
69
69
69
44
69
69
70
70
70
70
70
72
70
72
71
68
71
71
71
71
71
71
69
71
71
71
71
71
71
72
72
72
72
72
72
75
73
73
73
73
73
73
73
73
74
74
74
74
75
75
74
75
75
49
76
76
76
76
76
76
53
74
30
1
3
4
22
22
21
20
19
25
19
18
15
4
6
6
6
22
22
22
7
7
28
28
28
28
46
49
43
45
42
40
68
68
68
67
66
63
56
37
37
38
38
38
38
40
41
40
36
36
23
23
27
27
27
27
27
27
28
28
28
28
8
29
29
51
28
32
35
35
35
60
60
59
60
60
34
31
59
30
30
33
34
31
31
30
29
30
30
69
28
35
23
8
24
44
69
61
58
28
29
29
31
29
30
30
38
5
61
42
76
62
