1
2
1
1
1
1
1
1
1
1
1
2
2
2
2
2
2
2
2
2
13
2
2
77
2
77
77
77
77
1
2
77
77
77
77
77
77
77
3
77
77
3
3
3
3
3
3
3
3
3
3
6
3
77
4
4
4
4
4
4
4
4
4
5
5
5
5
5
5
5
5
5
5
5
5
5
6
5
5
5
6
3
3
3
6
6
5
6
6
6
6
6
6
5
6
6
5
6
6
6
7
7
6
6
6
6
6
7
7
7
7
7
7
7
7
7
22
7
7
7
7
7
7
7
8
8
8
8
8
7
8
8
8
32
32
8
32
32
8
32
32
8
8
9
9
9
10
10
10
10
11
10
11
10
10
11
10
11
11
12
12
12
12
13
13
13
14
14
14
14
13
14
14
14
14
16
14
15
15
11
15
11
15
15
15
19
19
15
15
15
15
16
16
14
16
16
16
5
16
16
16
16
15
16
16
17
17
17
76
76
17
17
17
18
17
17
18
15
19
19
19
19
25
19
19
19
20
20
19
19
19
25
19
21
20
20
19
20
21
21
21
21
21
21
21
21
22
22
21
22
22
21
22
22
22
22
22
21
22
22
22
22
22
22
24
22
22
22
20
23
23
23
22
20
23
23
23
23
23
23
23
24
24
24
22
22
24
24
24
24
24
24
24
24
24
24
28
24
24
24
24
24
23
27
24
24
28
28
28
28
28
19
25
25
18
25
25
25
25
25
25
25
25
25
25
25
25
25
25
25
25
25
26
27
27
23
26
26
23
27
26
26
26
27
27
27
27
27
27
28
27
27
28
28
28
28
28
28
28
29
29
29
29
29
29
30
29
30
30
30
30
31
30
30
58
30
30
58
31
31
31
31
31
31
31
31
32
32
33
33
33
34
34
34
34
35
35
35
35
35
34
36
38
38
35
35
38
35
35
38
38
38
39
39
39
39
41
41
39
40
40
40
42
41
41
41
41
41
41
41
41
41
41
42
42
41
42
40
42
42
42
42
42
43
42
43
43
43
42
43
43
43
46
52
43
52
44
47
44
44
44
44
44
47
49
45
52
46
46
52
46
46
46
46
48
47
48
48
48
48
48
44
49
49
49
73
49
49
49
49
73
75
49
53
50
50
50
51
51
51
52
51
52
52
52
52
53
49
53
53
53
53
53
53
54
54
51
55
57
56
56
56
56
56
56
56
56
57
57
57
57
57
30
58
58
57
58
57
58
59
58
59
59
59
60
31
60
60
59
61
61
61
60
61
61
61
61
61
67
61
61
61
61
62
62
62
62
63
58
62
63
63
63
63
64
64
64
64
64
64
64
65
65
64
65
65
65
65
66
65
65
66
66
66
66
66
66
67
67
67
67
67
67
67
67
68
67
66
67
66
66
66
67
67
67
61
68
68
68
67
68
68
68
68
40
42
69
69
69
69
69
69
44
70
70
70
70
70
70
70
70
71
67
71
71
70
71
71
71
71
71
71
71
71
73
49
72
72
72
72
72
75
75
73
73
73
73
73
49
73
73
72
74
74
74
75
75
72
75
75
75
76
76
76
76
76
76
53
75
58
2
6
4
22
24
16
20
23
25
19
18
15
13
5
6
6
22
22
22
22
7
28
28
28
28
46
49
43
45
42
40
68
68
68
67
66
66
56
37
61
38
35
35
38
40
41
41
36
36
23
23
27
27
27
27
29
27
27
28
28
28
8
29
29
51
32
32
33
35
35
59
60
59
60
31
31
59
59
30
30
33
31
30
31
29
29
29
30
69
28
35
23
8
24
44
40
60
58
28
29
29
31
29
29
30
38
22
61
42
76
56
