1
2
1
1
1
1
1
1
1
1
1
2
2
2
2
2
2
2
2
2
2
4
4
2
2
77
77
1
1
1
1
2
77
77
77
77
77
77
3
77
77
77
4
3
3
3
3
3
3
3
3
3
3
2
4
4
4
4
4
4
4
4
4
5
5
5
5
5
5
5
5
5
5
5
5
5
6
6
6
6
3
6
6
6
6
6
5
6
6
6
6
6
5
5
5
5
5
5
5
6
6
6
6
7
6
7
7
7
7
7
7
7
7
7
7
7
7
8
7
7
7
7
7
7
7
8
8
8
8
8
8
32
8
8
8
32
8
8
32
32
32
24
8
9
9
10
10
10
10
76
76
76
76
11
10
10
11
11
11
12
12
12
13
13
13
13
4
14
14
14
14
14
14
14
14
4
4
13
11
10
15
10
15
15
15
15
16
16
15
17
13
16
16
16
16
16
16
16
5
5
5
21
16
16
21
15
17
17
17
76
17
17
17
17
17
17
18
19
19
19
19
19
19
19
19
19
19
20
25
19
19
18
19
16
20
20
20
22
21
21
22
21
22
22
21
21
21
22
22
21
22
22
22
22
22
22
22
22
22
22
22
22
24
24
24
22
22
22
20
22
22
22
22
23
23
23
23
23
23
23
23
24
24
24
22
22
24
24
24
22
24
28
24
32
32
32
28
28
28
24
24
24
24
24
24
28
28
28
32
24
24
19
19
18
18
25
25
25
23
25
26
25
25
26
26
26
26
26
25
25
25
26
26
23
26
26
26
26
26
26
26
26
26
26
27
26
26
27
28
32
28
27
28
32
27
28
28
28
28
27
27
29
29
29
27
30
30
30
31
31
31
31
30
30
30
56
29
30
31
28
28
28
28
28
28
28
8
32
32
32
33
34
34
34
34
35
35
35
35
38
38
36
38
38
34
40
38
40
40
40
38
38
39
39
39
40
40
39
39
40
40
40
40
40
40
40
40
41
41
41
42
42
41
42
42
42
41
42
40
42
42
69
43
43
43
43
43
43
46
43
46
43
46
43
43
46
69
69
69
44
44
44
44
44
44
45
46
46
46
43
46
46
46
46
46
47
45
45
48
48
48
49
49
49
53
53
49
49
49
49
53
53
53
49
50
50
50
46
46
51
52
55
55
52
52
55
53
53
75
75
53
53
53
53
54
54
55
55
56
56
56
56
56
56
56
56
56
57
57
57
57
57
58
58
57
57
58
58
58
58
63
59
59
61
60
31
31
31
61
61
61
40
61
61
61
61
63
61
61
67
67
40
40
57
62
62
62
61
63
63
63
63
66
65
65
64
64
64
64
64
65
65
65
65
65
65
65
66
66
66
66
66
66
66
66
67
65
68
68
67
61
61
67
67
67
68
67
67
66
66
67
68
68
67
67
40
68
68
68
68
68
68
68
40
69
69
69
69
69
68
68
69
46
70
70
70
70
70
70
70
72
71
71
71
71
71
49
49
49
49
71
71
71
71
49
49
72
72
72
72
75
72
75
73
73
73
73
73
53
73
75
74
74
74
75
75
75
75
75
75
53
76
76
76
76
76
76
53
75
56
1
3
4
22
24
21
20
25
26
19
18
16
13
6
5
3
24
22
22
7
8
28
32
28
28
46
49
46
45
42
40
40
40
68
68
66
66
56
37
40
34
40
38
38
40
41
40
36
36
24
23
26
24
27
24
27
27
28
27
28
28
8
28
27
46
32
32
35
35
35
60
31
60
60
60
60
59
59
30
30
32
34
31
31
29
27
29
30
69
28
35
23
8
24
44
40
61
63
28
27
29
31
28
29
30
40
5
40
42
76
64
