1
1
1
1
1
1
1
1
1
1
1
2
2
13
13
2
2
13
13
13
13
2
2
2
2
77
77
77
1
77
77
4
77
77
77
77
77
77
77
77
77
77
3
3
3
3
3
3
3
3
3
3
3
4
4
4
4
4
4
4
4
4
5
4
5
5
5
5
5
5
5
5
5
5
5
5
4
4
5
5
4
6
6
4
4
5
5
4
6
6
6
6
6
5
5
5
5
5
5
5
5
5
6
5
6
6
5
7
7
7
7
7
7
5
7
7
7
32
7
7
7
7
7
7
32
8
8
8
8
8
32
8
8
8
8
8
32
32
32
8
32
32
32
9
9
9
10
12
10
10
76
10
10
12
12
11
11
11
11
12
12
12
12
13
13
13
14
14
14
14
14
14
14
14
14
14
14
12
12
11
15
11
15
15
15
15
15
15
15
15
16
16
16
16
16
16
16
16
16
16
16
16
16
21
16
17
17
17
17
76
17
17
17
18
17
17
18
19
19
19
19
19
19
19
19
19
19
19
18
19
19
18
19
20
20
20
20
20
21
21
21
21
21
21
21
21
21
22
22
21
22
21
22
22
22
22
22
22
22
22
22
22
22
22
22
22
23
22
22
23
23
23
23
23
23
23
23
23
23
23
26
24
22
24
24
24
24
24
24
24
24
27
24
24
24
24
24
24
27
24
24
24
24
27
27
27
28
28
28
24
28
18
18
18
18
18
25
18
18
25
25
25
25
26
26
23
23
26
25
25
26
26
26
26
23
26
26
26
26
26
26
26
26
26
27
27
27
27
27
28
28
28
28
28
27
28
28
28
28
29
29
29
29
29
29
30
30
30
30
57
57
57
30
57
30
57
57
30
31
31
28
31
31
31
31
31
32
32
32
33
33
34
34
34
34
35
35
35
35
35
34
36
38
38
34
38
38
38
38
38
38
38
39
36
39
39
39
39
39
40
40
40
40
41
41
41
41
41
41
41
41
41
41
41
41
41
42
42
42
42
42
42
43
42
43
43
43
43
43
43
43
43
46
43
43
46
45
45
69
44
44
44
44
44
49
45
46
46
46
46
46
46
46
46
46
47
48
48
48
48
48
49
49
49
49
49
49
50
49
50
49
49
49
49
50
50
50
48
51
51
52
52
52
52
52
52
53
53
53
53
53
53
53
53
54
54
55
55
57
57
56
56
56
56
56
56
56
57
57
57
57
57
59
58
58
57
58
58
59
58
58
59
59
59
60
59
59
60
61
61
61
61
61
61
61
61
61
61
61
61
61
61
61
62
62
62
62
63
63
63
63
63
63
63
64
64
64
64
64
64
64
65
62
65
65
65
65
66
66
66
65
66
66
65
66
65
65
67
67
67
67
67
67
67
67
68
68
67
67
67
67
67
68
67
67
68
68
68
68
68
68
68
68
68
69
69
69
69
69
68
68
69
69
70
70
70
70
70
70
70
70
71
71
70
70
71
71
71
71
71
71
71
71
71
73
73
72
72
72
72
72
72
72
73
73
73
72
73
73
73
73
74
74
74
74
75
75
75
75
75
75
76
76
76
76
76
10
53
75
57
1
4
4
22
22
21
20
18
26
18
18
12
13
5
4
3
22
22
22
7
32
28
28
28
28
46
49
45
45
42
40
68
68
68
67
66
63
56
37
38
34
38
38
38
40
41
41
36
36
23
23
27
27
27
27
27
27
27
28
27
28
8
29
29
51
32
32
33
33
35
60
60
60
60
60
60
59
59
30
30
33
34
31
31
29
29
29
30
69
28
35
23
32
24
44
68
61
58
28
29
29
31
29
29
57
38
5
68
42
76
62
