1
1
1
1
1
1
1
1
1
1
1
2
2
2
4
2
2
2
4
13
4
4
4
2
1
77
77
77
77
77
1
1
77
77
77
77
77
77
77
77
77
4
3
77
3
3
3
3
3
3
3
3
3
4
4
4
4
4
4
4
4
14
4
6
4
16
5
5
5
7
5
7
7
5
5
7
6
6
6
6
3
6
6
3
3
6
6
6
6
6
6
6
6
6
6
6
5
6
6
6
6
6
6
7
6
7
7
7
7
7
7
7
7
7
7
7
7
7
7
7
7
7
7
7
7
8
8
8
8
8
8
8
8
8
8
8
8
8
8
8
8
8
8
9
9
9
10
10
10
10
10
11
10
11
11
11
11
11
11
12
12
12
13
13
13
13
14
14
14
13
14
16
14
14
14
14
14
15
11
11
15
11
15
15
15
15
15
15
15
15
16
16
16
14
16
16
16
16
16
16
16
16
16
16
16
15
17
76
76
76
17
17
17
17
17
17
18
19
19
19
19
15
19
19
19
19
19
19
19
19
19
19
19
20
20
20
20
20
21
16
16
16
16
16
16
16
21
22
22
16
22
22
22
22
22
22
22
22
22
22
22
22
22
22
22
22
22
22
22
23
23
23
22
23
23
23
23
23
23
23
23
24
24
24
24
24
24
24
24
24
24
24
24
24
24
24
24
24
24
24
24
24
24
24
24
24
24
28
24
24
28
25
25
25
18
25
25
25
23
25
25
25
25
25
25
23
25
25
25
25
25
26
25
23
23
26
26
26
26
23
27
29
26
27
27
27
27
29
27
28
28
28
28
28
27
27
28
28
28
29
29
30
29
29
29
30
30
30
30
30
30
30
30
30
30
30
30
30
31
33
31
28
28
31
28
31
8
8
8
32
35
34
34
34
34
35
35
35
35
35
35
36
38
38
38
38
38
38
38
38
38
38
39
39
39
39
39
39
39
40
40
40
69
41
39
40
41
41
41
41
42
41
42
42
42
41
42
42
42
42
42
42
43
42
42
43
43
43
43
43
43
43
43
43
43
46
69
45
69
44
44
49
49
49
49
45
46
46
46
46
46
46
46
46
46
47
48
48
48
48
48
49
49
49
49
49
49
49
49
49
49
53
53
49
51
50
50
51
51
51
46
46
52
46
52
55
53
53
75
53
53
53
53
53
54
54
52
51
56
56
56
56
56
56
56
64
56
57
57
56
57
56
58
58
58
58
58
58
58
58
58
59
61
59
60
60
60
60
61
61
61
61
61
61
61
61
61
61
61
61
61
61
61
56
62
62
63
63
58
63
63
63
63
63
64
64
64
64
64
64
64
65
64
65
65
70
70
66
63
66
66
66
66
66
70
66
66
67
67
67
67
67
67
67
67
67
67
67
67
67
67
67
71
67
67
61
67
68
67
67
68
71
71
69
69
69
69
69
71
69
69
69
69
66
70
70
70
70
70
70
70
71
71
71
71
71
71
71
71
71
71
71
71
71
71
71
72
72
72
75
75
72
72
49
71
49
73
73
73
73
73
74
74
74
75
75
75
75
75
75
75
76
76
76
76
76
10
53
75
30
1
3
4
22
22
16
20
19
26
19
18
15
14
6
6
6
22
22
24
22
7
28
28
28
28
46
49
43
45
42
40
69
61
68
67
66
67
56
37
38
38
38
38
38
40
41
41
36
36
23
23
27
27
27
27
27
27
28
28
28
28
8
29
29
51
28
28
35
35
35
60
60
60
60
60
31
59
59
30
30
35
34
58
58
29
29
29
30
69
33
35
23
8
24
71
69
61
58
28
29
30
31
29
29
58
40
7
61
42
76
56
