1
1
1
1
1
1
1
1
1
1
1
2
2
13
2
2
2
13
2
2
13
2
2
2
2
77
77
77
77
1
2
77
77
77
77
77
77
77
3
77
77
77
3
3
3
3
3
3
3
3
3
3
3
4
4
4
2
4
4
4
4
4
4
4
5
4
5
5
5
5
5
5
5
5
5
5
6
6
6
6
6
3
6
6
6
6
6
6
6
6
6
6
6
6
6
6
7
7
6
6
6
6
6
6
6
6
6
7
7
7
7
7
7
7
7
7
7
7
7
7
7
7
7
7
7
8
8
8
8
7
8
8
8
7
8
8
8
8
32
8
8
8
8
9
9
10
10
11
10
10
10
10
10
11
11
11
11
11
11
11
13
13
12
13
13
13
14
14
14
14
14
14
14
14
14
14
14
12
15
15
15
15
15
17
15
15
15
15
15
15
16
16
16
16
14
16
16
16
16
16
21
16
16
21
16
17
17
17
17
17
17
17
17
17
18
17
18
19
19
19
19
19
19
19
19
19
19
19
19
19
19
19
19
20
20
20
20
20
21
21
21
21
22
21
22
21
21
21
22
22
22
22
22
22
20
22
22
22
22
21
21
22
22
22
22
22
22
22
22
22
23
23
23
23
23
23
23
23
23
23
23
24
24
24
24
24
24
24
24
24
24
24
24
24
24
24
24
24
24
24
24
24
23
24
24
24
24
24
24
24
24
19
25
25
25
25
25
19
25
25
25
25
25
25
25
25
25
25
25
25
25
25
25
26
26
26
26
29
26
26
27
26
26
27
27
27
27
29
27
28
28
29
28
28
29
28
28
28
28
29
29
29
29
29
29
30
30
30
30
30
30
30
30
30
30
30
30
30
31
28
28
31
28
28
28
31
32
8
32
33
35
34
34
34
34
35
35
35
35
35
35
36
38
35
38
38
38
38
38
38
38
38
39
39
39
39
41
39
39
40
40
40
69
41
39
41
41
41
41
41
41
41
41
42
42
42
42
42
42
42
42
42
43
43
43
43
43
43
43
43
43
43
43
43
43
43
69
45
44
44
44
44
44
44
49
45
52
46
46
46
46
46
48
46
46
47
48
48
48
48
48
49
49
50
49
49
49
49
49
49
49
49
49
49
50
50
50
48
51
47
52
48
52
52
51
52
53
53
53
53
53
53
53
53
54
54
51
55
56
56
56
56
56
56
56
56
56
30
57
57
30
57
30
58
58
58
58
58
58
58
58
59
59
61
60
60
60
60
61
61
61
61
61
61
61
61
61
61
61
61
61
61
61
62
62
62
62
63
63
63
63
63
63
63
64
64
64
64
64
64
64
66
66
65
65
65
65
66
66
66
66
66
66
66
66
67
65
67
67
67
61
67
67
67
67
67
67
67
67
67
67
67
67
67
67
67
68
68
68
67
68
68
71
69
69
42
69
69
68
69
69
69
69
70
70
70
70
70
70
70
70
71
71
71
71
71
71
71
71
71
71
71
71
71
71
71
72
72
72
72
75
72
72
73
73
73
73
73
73
73
73
74
74
74
74
75
75
75
75
75
75
76
76
76
76
76
10
53
75
30
1
3
4
22
22
21
20
25
29
19
18
15
13
6
6
6
22
22
22
7
7
28
28
28
28
46
49
43
45
42
69
69
68
68
67
66
63
56
37
37
38
38
38
38
38
41
41
36
36
23
23
27
27
27
27
27
27
24
28
28
28
7
29
29
51
32
32
35
35
35
60
60
60
60
60
60
59
59
30
30
35
34
31
59
29
29
29
30
69
28
35
26
8
24
44
69
61
58
28
29
29
31
29
29
30
38
4
61
42
76
56
