1
1
1
1
1
1
1
77
1
1
1
2
2
2
1
1
2
2
2
2
2
4
2
2
2
77
77
77
77
77
77
77
3
77
77
77
3
77
77
77
3
77
77
3
77
3
3
3
3
3
3
3
3
4
4
4
4
4
4
4
4
14
4
5
5
5
5
5
6
5
5
5
5
5
5
5
6
5
6
6
3
6
6
3
3
6
6
6
6
6
6
6
6
6
6
6
7
6
6
7
6
6
7
6
6
6
6
7
7
7
7
6
7
7
7
7
7
7
7
7
7
7
7
8
7
7
8
8
7
8
8
8
8
8
8
8
8
32
8
8
8
28
28
9
9
9
10
10
10
10
10
10
10
11
11
15
11
11
12
12
12
12
12
13
13
13
13
14
14
14
12
16
14
16
14
16
14
16
12
12
15
15
15
15
15
15
15
15
15
15
16
16
16
14
16
16
5
16
16
16
16
16
16
16
16
17
17
17
17
17
76
17
17
17
17
17
17
19
19
15
19
15
19
19
19
19
19
19
19
19
19
19
25
19
20
20
19
20
21
21
21
21
21
21
21
22
22
22
22
22
22
22
22
22
20
22
22
22
22
22
22
22
22
22
22
22
22
22
22
22
22
23
23
23
23
23
23
23
23
23
23
24
22
24
24
24
24
24
24
24
24
24
24
24
24
24
24
24
24
24
27
24
24
27
24
24
28
28
24
24
28
25
25
25
17
25
25
25
23
25
25
25
25
25
25
25
25
25
25
25
25
25
25
26
26
23
26
26
26
26
26
25
26
25
25
27
27
27
27
28
28
28
28
32
28
28
28
28
28
29
29
29
30
30
29
30
30
30
30
30
30
31
30
30
30
29
29
29
31
31
31
31
28
31
31
28
32
32
33
33
33
34
35
34
34
35
35
35
36
35
35
36
36
38
38
35
38
38
38
37
38
38
39
39
38
41
39
41
41
41
40
40
40
41
41
40
40
41
41
41
42
42
41
42
41
41
41
42
42
42
42
42
42
43
42
43
43
42
43
43
43
43
46
43
43
43
44
47
44
44
44
44
44
44
49
45
46
46
46
46
46
46
46
46
46
47
45
47
48
48
48
44
49
49
49
49
49
49
49
49
49
53
49
49
50
51
54
46
51
47
52
52
51
52
52
51
53
53
53
53
53
53
53
53
54
54
51
55
56
56
56
56
56
56
56
56
64
58
57
57
58
57
58
58
30
58
58
58
62
58
61
61
59
59
60
60
60
60
61
61
61
61
61
61
61
61
61
61
61
61
61
61
61
62
62
62
62
61
63
62
63
63
63
63
64
64
56
56
64
64
64
65
65
65
65
70
65
66
66
63
66
66
66
66
70
66
66
67
67
67
67
67
67
67
67
67
67
67
67
66
67
67
67
67
67
68
68
68
67
68
68
68
68
69
42
69
69
69
69
69
44
69
69
70
70
70
70
70
70
70
71
71
71
71
70
70
71
71
71
71
71
71
71
71
71
71
72
72
72
72
72
75
72
73
71
71
72
73
73
73
73
74
74
74
74
75
75
75
75
53
75
76
76
76
76
76
10
53
75
30
77
3
4
22
22
21
20
25
25
17
18
15
13
6
6
3
22
7
22
7
7
28
28
28
28
46
49
43
45
42
40
68
68
68
67
66
67
56
37
37
38
38
35
38
40
41
41
36
36
24
24
27
27
27
27
25
27
24
28
28
28
8
29
29
51
32
32
33
35
35
60
60
60
60
60
60
59
59
30
30
33
31
31
31
30
29
30
29
69
31
35
23
24
24
44
42
61
62
28
25
29
31
29
29
31
38
5
61
42
76
64
