1
1
1
1
1
1
1
1
1
2
1
1
2
2
2
2
2
13
2
13
13
13
2
4
2
77
77
77
77
77
77
4
77
77
77
77
77
77
77
77
77
77
3
3
3
3
3
3
3
3
3
3
3
4
4
4
4
4
4
4
4
4
4
4
16
16
5
5
5
5
5
5
5
5
5
5
6
3
6
6
6
6
6
6
6
6
6
6
6
6
6
6
6
6
6
5
6
6
6
6
6
6
6
6
6
6
6
7
7
7
7
7
7
7
7
7
7
7
7
7
7
7
7
7
7
8
8
8
8
8
8
8
8
8
8
8
8
8
32
8
8
8
8
9
9
9
10
10
10
10
76
10
10
11
11
11
15
11
11
12
12
12
12
13
14
13
14
14
14
14
14
14
14
14
14
14
14
15
15
15
15
15
17
17
15
15
15
15
15
15
16
16
16
16
16
16
14
16
16
16
16
16
16
16
16
17
17
17
17
17
17
17
17
17
18
17
18
19
19
19
19
19
19
19
19
19
19
19
20
19
19
19
19
16
20
20
20
20
21
16
21
21
21
22
22
22
21
21
22
23
22
22
22
21
22
22
23
22
23
22
22
22
22
24
23
23
22
23
22
23
23
23
23
23
23
23
23
23
23
23
23
24
24
24
24
24
24
24
24
24
24
24
24
24
24
24
24
28
24
24
24
24
24
27
24
24
28
28
24
24
24
25
19
25
25
25
25
25
23
25
25
25
25
25
25
25
25
25
25
25
25
25
25
26
26
26
26
26
26
26
27
27
26
27
27
27
27
27
27
28
28
28
28
32
29
28
31
28
28
29
29
29
29
29
29
30
30
30
30
30
30
31
30
30
30
29
30
30
32
32
31
31
31
31
31
31
32
8
32
33
35
34
34
34
34
35
34
35
35
35
35
36
38
38
34
38
38
38
38
38
38
38
36
39
39
39
39
39
39
40
40
40
40
39
41
41
41
41
39
41
41
41
41
41
42
41
42
42
42
42
42
42
43
42
43
43
43
43
43
43
43
43
43
43
43
43
45
45
49
44
49
44
44
44
44
45
43
43
46
43
46
46
46
46
46
47
48
48
51
48
46
49
49
49
49
49
49
49
49
49
73
49
49
53
50
50
50
51
51
51
46
52
52
52
55
55
53
53
75
53
53
53
53
53
54
54
55
55
30
56
56
56
56
56
56
64
56
57
57
57
58
56
58
58
58
58
58
58
58
58
58
59
59
59
60
31
31
60
61
61
61
61
61
61
61
61
61
61
61
61
61
61
61
62
62
65
62
63
63
62
63
63
63
63
64
64
64
64
64
64
64
62
65
65
65
65
64
63
63
63
66
63
66
66
66
66
66
67
67
67
67
67
67
67
67
67
67
67
67
67
67
67
67
67
67
61
68
68
68
68
68
68
68
69
69
69
69
69
69
68
69
69
69
66
70
70
70
70
70
70
70
71
71
71
71
71
71
71
71
71
71
71
70
71
71
71
72
72
72
74
74
75
72
73
73
73
71
73
73
73
72
74
74
74
75
75
75
74
75
75
75
76
76
76
76
76
10
53
75
30
1
3
4
22
22
21
20
25
25
19
18
15
4
5
6
6
22
22
22
7
7
28
28
32
28
46
49
43
45
42
40
68
68
68
67
66
63
56
37
38
38
38
38
38
40
41
41
36
36
23
23
26
27
27
27
27
27
28
28
32
28
8
29
29
52
32
32
35
35
35
60
60
60
60
60
60
59
59
30
30
35
34
29
31
29
29
29
30
69
32
34
23
7
24
49
69
61
58
31
29
29
31
29
29
30
38
21
61
42
76
56
