1
1
1
1
1
1
77
77
1
1
1
1
2
2
2
2
2
4
2
2
2
4
4
4
2
77
77
77
77
77
77
77
77
77
77
77
77
77
3
77
77
77
3
3
3
3
3
3
3
3
3
3
3
4
4
4
4
4
4
4
4
4
4
5
5
5
16
5
5
16
5
5
5
5
16
16
6
3
5
6
3
6
6
6
6
6
6
6
6
6
6
6
6
7
6
5
7
6
7
6
6
6
6
6
7
6
6
7
6
7
7
7
7
7
7
7
7
7
7
7
7
7
7
7
7
8
8
8
8
8
8
8
8
8
8
8
8
8
8
32
8
8
8
9
9
9
10
10
10
10
10
10
10
10
11
11
11
11
11
12
12
12
12
13
13
13
14
13
14
14
14
14
14
14
14
14
14
15
11
11
15
15
15
15
15
15
15
15
19
15
14
16
16
16
16
16
16
16
16
16
16
16
16
16
16
17
15
17
17
17
17
17
17
18
17
17
18
19
19
19
19
15
19
19
19
19
19
19
19
19
19
19
19
20
20
20
20
20
21
20
20
21
21
21
21
22
21
21
22
22
22
21
22
20
20
20
20
22
22
22
22
22
22
22
24
22
23
20
20
23
23
23
20
20
23
23
23
23
23
23
23
24
24
24
24
24
24
23
24
24
24
24
24
24
24
24
24
24
24
24
24
24
24
24
24
24
24
24
28
28
28
19
19
25
18
25
25
25
25
25
25
25
25
25
25
23
25
25
25
25
25
25
25
26
26
26
26
26
26
26
26
26
26
27
27
27
27
27
27
28
28
28
28
28
28
27
27
28
31
29
29
29
29
29
29
30
30
30
30
30
30
30
30
30
30
29
30
30
28
28
28
31
31
31
31
31
32
8
32
32
33
34
34
34
34
34
35
35
35
38
35
36
38
38
38
38
38
38
38
38
38
38
39
36
39
39
39
39
39
40
40
40
40
41
39
41
41
41
41
41
42
41
42
42
42
42
42
42
42
42
42
42
43
43
43
69
43
43
43
43
43
43
43
43
43
43
44
44
69
44
44
44
44
44
49
45
52
46
46
46
46
46
46
52
48
47
45
48
48
48
48
49
49
49
49
73
49
49
49
73
49
49
49
49
50
50
50
48
48
51
52
51
52
52
52
52
53
49
53
53
53
53
53
53
54
54
55
54
56
56
56
57
56
56
56
56
56
57
57
57
57
57
58
58
58
58
58
58
58
58
58
59
59
60
60
60
60
60
61
61
61
61
61
61
61
61
61
61
61
67
61
61
61
62
62
62
62
63
63
62
63
63
63
63
64
64
56
56
64
64
64
65
65
65
65
65
65
65
66
65
65
66
66
65
66
66
66
67
67
67
67
67
67
67
67
67
67
67
67
67
67
67
67
67
67
68
67
68
68
67
68
67
67
69
69
69
69
69
69
69
69
69
69
70
70
70
70
70
70
70
70
71
67
71
71
71
71
71
71
71
71
71
71
71
73
71
72
72
72
72
74
74
75
73
73
73
73
73
73
73
73
74
74
74
74
75
74
74
75
75
75
76
76
76
76
76
10
53
75
30
1
3
4
22
24
21
20
25
25
17
18
15
13
6
6
6
24
24
22
7
7
28
28
28
28
46
49
69
45
42
40
69
68
68
67
66
63
56
37
37
38
38
38
39
40
41
41
36
36
23
23
27
27
27
27
27
27
27
28
27
27
8
29
29
51
32
32
35
35
35
59
60
60
60
60
31
58
59
30
30
34
34
28
31
29
29
29
30
69
28
35
23
7
24
44
69
61
63
28
29
30
31
29
29
30
38
16
61
42
76
56
