1
1
1
1
1
1
1
1
77
2
1
2
2
2
2
2
1
2
2
13
13
2
2
2
2
77
77
77
77
77
2
77
77
77
77
77
77
77
3
77
77
77
3
3
3
3
3
3
3
3
3
4
3
4
4
4
4
4
4
4
4
4
5
5
5
5
5
5
5
5
5
5
5
5
5
5
6
5
5
6
6
6
6
3
3
6
6
6
6
6
6
6
6
6
6
6
5
6
6
6
7
6
6
6
6
6
7
7
7
7
7
7
7
7
7
7
22
22
7
7
7
7
7
7
7
8
8
8
8
7
8
8
8
8
8
8
32
32
8
32
32
8
8
9
9
9
10
10
10
10
76
11
11
10
11
11
11
11
11
12
12
12
12
12
13
13
14
14
14
14
14
14
16
14
14
16
4
15
11
11
15
11
15
15
15
15
15
19
15
15
14
16
14
16
16
21
16
16
16
21
16
16
16
16
16
17
17
17
17
17
76
17
17
18
17
17
18
19
15
15
19
19
19
19
19
19
19
19
25
19
19
19
19
20
20
20
20
20
21
20
21
21
21
21
22
21
21
22
22
22
22
22
22
21
22
22
20
22
22
22
22
22
21
22
24
22
23
20
20
23
23
23
20
23
23
20
23
23
23
23
23
24
22
22
24
22
24
24
24
24
22
24
24
24
24
24
28
28
24
24
24
24
24
28
24
28
28
28
28
24
24
19
19
25
19
25
25
25
25
25
25
25
25
25
25
26
26
25
25
25
25
25
25
23
26
23
26
26
26
26
27
27
26
27
29
27
27
27
29
28
28
28
28
28
27
28
28
28
31
29
29
29
29
29
29
30
30
30
29
29
29
30
30
30
30
30
30
30
31
31
31
31
31
31
31
28
32
32
33
33
33
34
34
34
34
35
35
35
35
38
38
36
38
38
38
38
40
38
38
40
40
40
36
39
39
39
39
39
39
40
40
40
40
39
39
40
41
41
41
39
41
41
42
41
42
42
42
42
42
42
42
42
69
43
43
69
69
43
43
43
43
69
43
43
43
43
45
44
44
44
69
44
44
44
44
45
46
46
46
46
46
46
46
46
52
47
48
48
48
48
48
49
49
50
49
49
49
50
49
50
49
49
49
49
50
50
50
51
51
51
52
52
52
52
52
51
53
49
53
53
53
53
53
53
54
54
55
55
57
56
56
57
56
56
56
56
56
57
57
57
57
62
59
58
30
58
58
58
58
58
59
59
59
59
60
60
60
60
59
61
61
68
61
61
61
61
61
61
61
61
61
61
68
62
62
62
63
63
63
63
63
63
63
63
65
64
64
64
64
64
64
65
65
65
65
65
65
66
66
63
66
66
67
66
66
66
66
61
61
67
67
67
67
67
67
61
61
67
67
67
67
68
67
67
67
68
68
69
68
68
68
71
68
68
69
42
69
69
71
69
69
69
45
70
70
70
70
70
70
70
71
71
71
67
71
71
71
71
71
44
71
71
71
71
71
71
72
75
72
72
75
72
75
73
73
73
72
73
49
73
73
74
74
74
74
75
75
75
75
75
75
76
76
76
76
76
10
53
75
30
1
3
4
21
22
21
20
25
25
19
18
15
13
5
6
3
21
22
22
7
22
28
24
28
31
46
49
46
45
42
40
69
68
68
68
66
67
56
37
37
40
38
38
38
40
41
39
36
36
23
28
27
27
29
27
27
27
28
28
28
28
7
29
29
51
32
32
35
35
38
59
60
59
60
60
31
59
59
30
30
33
34
31
31
30
29
29
29
69
32
35
23
22
24
44
69
61
58
28
29
30
31
29
29
30
38
5
68
69
76
56
