1
2
1
1
1
1
1
1
1
2
1
2
2
13
13
2
2
13
2
13
13
2
2
2
2
77
77
77
1
77
4
4
77
77
77
77
77
77
77
77
77
77
4
4
4
3
3
3
3
3
4
4
3
4
4
4
4
4
4
4
4
4
4
5
5
5
5
5
5
5
5
5
5
5
5
21
5
5
5
6
5
3
6
5
5
6
6
6
6
6
6
6
6
5
5
21
21
5
5
7
7
6
6
7
6
7
7
7
7
7
7
7
7
7
7
21
21
21
21
7
7
7
7
7
7
8
8
8
7
8
8
32
32
8
8
32
32
32
32
32
32
8
8
9
12
12
10
12
10
10
76
10
10
12
12
11
11
12
11
12
12
12
12
13
13
13
14
13
14
14
14
14
14
14
14
14
14
12
11
11
15
11
15
15
15
15
15
15
15
18
16
16
16
16
16
16
16
16
16
16
21
16
16
16
16
17
17
17
17
76
76
17
17
18
17
17
18
20
19
19
18
18
19
19
19
19
19
19
20
19
19
18
19
20
20
20
20
20
21
21
21
21
21
21
21
21
21
21
21
22
22
22
20
20
20
20
20
22
22
22
21
22
22
22
22
22
20
20
20
23
23
23
23
23
23
23
23
23
23
23
26
22
22
22
24
24
23
24
24
24
22
24
24
24
24
24
24
24
24
24
24
24
23
27
27
28
28
28
28
28
28
20
20
18
18
25
25
25
26
25
26
25
25
26
26
26
26
26
25
25
25
25
26
26
26
26
26
26
26
26
26
26
26
27
27
27
27
27
27
28
27
28
28
33
27
28
28
28
28
29
29
29
29
29
29
30
29
30
30
30
30
30
30
30
30
29
30
30
31
33
33
33
31
31
31
31
32
33
33
33
33
34
34
34
34
35
33
35
35
35
35
36
38
38
38
38
38
38
38
40
38
38
36
36
39
39
39
39
39
40
40
40
40
41
41
41
41
41
41
41
42
41
41
42
42
42
42
42
42
42
42
42
43
43
43
43
43
43
46
46
46
43
43
43
43
46
44
44
69
44
44
44
44
44
44
45
46
46
46
46
46
46
46
46
46
47
48
48
48
48
48
49
49
49
49
49
49
49
50
49
49
49
49
49
50
50
50
50
51
51
52
52
52
52
52
52
53
53
53
53
53
53
53
53
54
54
55
55
56
56
56
56
56
56
56
56
56
57
57
57
57
57
59
58
58
58
58
58
58
58
59
59
59
59
60
31
60
60
59
61
61
68
61
61
61
61
61
61
61
61
61
61
68
62
62
62
62
63
63
63
63
63
63
63
64
64
64
64
64
64
64
65
65
65
65
65
65
66
66
66
65
66
66
65
66
66
66
67
67
67
67
67
67
67
67
68
67
67
67
67
67
67
67
67
67
68
68
68
68
68
68
68
68
69
69
69
69
69
69
69
69
69
69
70
70
70
70
70
70
70
72
71
71
71
67
71
71
71
71
71
71
71
70
71
71
71
72
72
72
72
74
72
72
73
73
73
73
73
73
73
73
74
74
74
74
75
75
75
75
75
75
76
76
76
76
76
10
53
75
30
1
3
4
21
22
21
20
20
26
18
18
12
13
5
5
5
22
22
22
21
21
28
28
28
28
46
73
43
45
42
40
68
68
68
67
66
63
56
37
37
40
38
38
38
40
41
40
36
36
23
23
27
27
27
27
27
27
27
28
27
28
8
29
29
50
32
32
33
35
35
59
60
60
60
60
60
59
59
30
30
33
34
31
31
29
29
29
30
69
33
35
23
7
24
44
69
61
57
28
29
29
31
29
29
30
38
5
68
42
76
56
