1
1
1
1
1
1
1
1
1
1
1
2
2
13
13
2
2
13
2
13
13
4
4
2
2
77
77
2
2
2
2
2
77
77
77
77
77
77
77
77
77
2
4
77
3
3
3
3
3
4
4
4
3
4
14
4
13
4
4
14
14
14
14
5
5
14
14
5
5
5
14
14
14
14
5
5
4
5
5
5
3
3
6
6
3
3
5
6
6
7
6
6
5
5
5
5
5
5
6
6
6
6
7
6
6
6
6
7
7
7
7
7
7
7
7
22
22
22
22
7
7
8
7
8
7
8
8
32
8
8
8
32
32
8
8
32
32
8
32
32
32
32
24
9
9
10
10
9
10
10
76
10
10
11
11
10
11
11
11
11
12
12
12
12
12
13
13
13
14
13
13
13
14
14
13
14
14
12
15
11
15
11
15
17
15
15
15
15
15
17
16
16
16
16
16
16
16
16
21
16
21
21
16
16
16
17
17
17
76
76
76
76
17
17
17
17
18
20
15
19
18
18
18
19
19
19
19
20
19
19
19
19
19
20
20
19
20
20
21
16
16
21
21
21
21
21
5
21
21
21
20
20
20
20
20
20
20
20
22
21
21
21
22
22
22
22
20
20
23
23
23
23
23
23
23
23
27
23
27
27
27
22
24
24
24
24
23
23
23
23
24
24
24
24
24
28
24
24
28
24
24
24
23
23
28
28
28
28
28
28
28
19
18
18
18
25
25
25
23
25
26
25
25
26
26
26
26
26
25
25
25
26
26
27
26
26
23
26
26
27
27
27
26
27
29
29
27
27
29
28
31
27
27
33
31
27
31
31
31
29
29
29
29
29
29
30
30
30
30
30
57
57
57
30
30
29
30
30
31
31
31
60
31
31
60
60
32
32
33
33
33
34
35
34
34
35
35
35
35
35
34
36
36
36
34
34
34
37
34
37
40
34
36
36
39
39
39
39
39
40
40
40
40
41
41
40
41
41
41
41
41
42
41
42
41
42
40
40
40
42
42
69
43
42
42
42
43
43
43
43
46
43
46
43
43
46
45
45
69
44
44
44
44
47
47
45
46
46
48
46
46
46
48
48
52
47
48
47
48
48
48
47
49
49
49
49
49
50
50
49
75
53
49
53
50
50
50
48
51
51
52
48
52
52
52
51
53
53
75
53
53
53
53
53
54
54
55
55
57
57
56
57
56
56
56
56
64
57
57
57
57
57
58
58
58
57
58
58
58
58
58
59
59
60
60
60
59
59
61
37
37
37
37
37
37
61
58
61
61
61
61
61
61
62
56
62
62
61
62
63
63
63
63
63
64
64
56
64
64
64
65
62
65
65
65
66
65
66
66
63
62
66
66
62
66
67
66
61
61
67
67
63
67
67
67
67
67
67
67
66
67
67
67
67
67
61
61
68
68
68
68
68
68
68
69
69
69
69
69
68
44
69
45
70
65
70
70
70
70
70
72
71
71
67
71
71
71
71
68
68
71
71
72
72
71
73
72
72
72
74
74
72
72
73
73
73
73
73
73
73
73
74
74
74
74
75
75
75
75
75
75
76
76
76
76
76
76
53
74
57
1
3
4
5
22
21
20
23
26
18
18
12
12
5
6
6
22
22
22
22
22
31
28
28
31
52
49
43
45
42
40
40
68
68
67
66
63
56
37
37
34
34
38
38
40
42
40
36
35
23
23
23
27
27
27
29
27
31
27
31
31
24
29
29
51
33
32
35
35
35
60
60
60
34
34
60
59
59
30
30
34
34
31
59
30
30
30
30
69
33
35
23
24
24
44
69
37
62
31
29
29
60
29
29
57
38
14
61
42
76
64
