1
1
1
1
1
1
1
77
1
1
1
1
2
2
1
1
2
2
2
2
2
4
2
2
4
77
77
77
77
77
77
77
77
77
77
77
77
77
77
3
77
4
3
3
77
3
3
3
3
3
4
3
3
4
4
4
4
4
4
4
4
14
4
5
4
4
5
5
5
5
5
5
5
5
5
5
6
6
5
6
3
6
6
6
6
6
6
6
6
6
6
6
6
6
6
6
7
6
6
6
6
6
6
6
6
7
7
7
7
7
7
7
7
7
7
7
7
7
7
7
7
7
7
7
7
8
8
8
7
8
7
8
8
8
8
8
8
8
8
8
8
8
8
9
9
10
11
10
10
10
10
11
10
11
11
11
11
12
11
12
12
12
12
12
14
12
14
14
14
14
14
14
14
14
14
14
14
15
15
15
15
15
15
17
15
15
19
15
15
15
16
16
16
16
16
16
16
16
16
16
16
16
16
16
16
17
17
17
17
17
17
17
17
17
18
17
18
19
19
19
19
19
19
19
19
19
19
19
19
19
19
19
19
20
20
20
20
20
16
21
21
21
21
21
21
21
21
21
21
21
21
21
21
21
23
23
23
22
21
21
22
21
21
22
22
22
22
23
23
23
23
23
23
23
23
23
23
23
23
23
23
24
24
24
24
24
24
24
24
24
24
24
24
24
24
24
24
24
24
24
24
24
24
24
24
24
24
24
24
24
24
19
25
25
18
25
25
25
19
25
25
25
25
25
25
25
26
26
25
25
25
25
26
23
26
26
26
26
26
26
26
26
29
27
27
27
27
27
27
28
28
28
28
28
28
27
28
28
28
29
29
30
29
29
29
30
30
30
30
30
30
30
30
30
30
30
30
30
31
31
28
28
31
31
31
28
32
8
32
32
33
60
34
34
60
35
35
35
35
35
35
36
38
38
38
38
38
38
38
38
38
38
39
39
39
38
39
39
39
40
40
40
40
41
41
41
41
41
41
41
41
41
41
42
42
41
42
42
42
42
42
42
43
43
42
43
43
43
43
43
43
43
43
46
43
43
45
47
44
44
44
44
44
44
44
45
46
46
46
46
46
46
46
46
52
47
48
48
48
48
46
49
49
49
49
49
49
50
49
49
49
49
49
49
49
50
50
51
47
47
52
51
52
52
52
52
49
53
53
53
53
53
53
54
54
54
51
55
56
56
56
56
56
56
56
56
56
57
57
57
57
57
58
58
58
58
58
58
58
58
58
59
59
59
60
60
60
60
61
61
61
61
61
61
61
61
61
61
61
61
61
61
61
62
62
62
62
61
58
62
62
63
63
63
64
64
64
64
64
64
64
65
65
65
65
65
64
66
66
66
66
66
67
66
66
66
65
67
67
61
67
67
67
67
67
67
67
67
67
67
67
67
67
71
66
61
68
68
67
67
68
68
67
69
69
69
69
69
69
44
69
69
69
70
70
70
70
70
70
70
70
71
71
71
71
70
71
71
71
71
71
71
70
71
71
71
72
72
72
72
72
72
75
73
73
73
71
72
73
73
49
74
74
74
72
75
75
75
75
75
75
76
76
76
76
76
76
53
72
30
1
3
4
21
22
21
20
19
26
19
18
15
13
6
6
3
22
7
22
7
7
28
28
28
28
52
49
43
45
42
40
68
61
68
67
66
63
56
37
37
37
38
38
39
40
41
41
39
36
23
23
27
27
27
27
27
29
27
27
27
28
8
27
29
51
32
32
35
35
35
60
60
60
60
60
60
59
31
30
30
35
34
31
31
30
29
29
30
69
28
60
23
8
24
44
42
61
58
28
29
29
31
29
29
30
38
5
61
42
76
56
