1
2
1
1
1
1
1
1
1
1
1
2
2
2
2
2
4
2
2
4
4
2
2
4
1
77
77
77
1
77
77
77
77
77
77
77
77
77
77
77
77
3
3
77
3
3
3
3
3
3
3
3
3
4
4
2
4
4
4
4
4
4
4
5
5
5
5
5
5
5
5
5
5
5
5
5
6
6
5
6
3
6
6
3
6
3
6
6
7
6
7
6
6
6
6
6
5
6
6
6
6
7
7
6
6
6
6
7
7
7
7
7
7
7
7
7
22
7
7
7
7
7
7
8
7
7
8
8
7
8
8
8
8
8
8
8
8
32
8
32
8
32
8
9
9
9
10
9
10
76
76
10
76
11
11
11
11
11
11
12
12
12
12
13
14
13
13
13
13
14
14
14
14
14
14
14
13
11
15
15
15
15
15
15
15
15
15
16
15
19
16
16
16
16
14
16
16
16
21
21
21
16
16
16
21
17
17
17
76
76
17
17
17
17
17
17
18
19
19
19
19
19
19
25
19
19
19
19
19
19
19
19
25
20
20
20
20
20
21
22
21
21
21
21
21
21
21
21
21
22
22
22
22
22
20
20
22
22
22
22
22
22
5
22
22
22
22
22
22
24
23
23
20
20
23
23
23
23
23
23
23
22
24
22
22
24
22
24
24
22
24
24
24
24
24
24
24
24
24
24
22
24
24
24
24
24
24
24
28
28
24
23
25
25
18
25
25
25
25
25
26
25
25
26
26
23
26
25
25
25
25
29
26
23
26
23
26
26
26
26
26
26
29
26
27
27
26
29
27
28
24
24
28
28
29
29
31
31
28
29
29
30
29
30
29
30
30
30
30
30
30
30
30
30
30
29
29
30
28
31
31
59
31
31
59
59
32
32
32
33
33
34
34
35
34
35
34
35
38
35
38
36
38
38
38
38
38
37
38
37
38
38
36
39
36
39
39
39
36
40
40
40
40
41
39
40
41
39
41
41
41
41
41
41
42
42
42
42
40
42
69
42
43
42
42
42
69
69
43
43
43
43
46
43
43
43
43
44
44
44
44
44
44
44
49
45
46
46
46
43
46
46
48
46
46
47
48
48
48
48
48
49
49
50
49
49
49
49
50
49
75
49
49
49
50
50
50
46
51
51
46
52
52
46
52
52
49
53
53
53
53
53
53
53
54
54
55
55
56
56
56
57
56
56
56
56
64
58
57
57
58
62
59
58
58
58
58
58
58
58
58
59
59
59
34
60
59
60
61
61
61
61
61
61
61
61
58
61
61
61
67
61
68
62
62
62
62
61
63
58
63
63
63
63
64
64
56
56
64
64
64
65
65
64
65
65
64
66
66
66
65
65
66
66
70
70
70
67
67
61
61
63
61
61
67
68
67
67
67
67
67
67
67
67
67
68
68
69
68
68
68
68
68
68
69
42
69
69
69
44
69
69
43
70
65
70
70
70
70
70
70
71
68
67
70
71
71
67
71
71
71
71
71
71
73
71
72
72
72
72
75
72
72
49
73
73
73
73
73
73
72
75
74
74
74
75
75
75
75
75
75
76
76
76
76
76
76
53
75
30
1
3
4
5
22
21
20
23
29
19
18
11
13
6
6
3
22
22
22
22
32
28
28
28
31
46
49
43
45
42
40
68
68
68
68
66
63
56
37
61
37
38
38
38
40
41
41
36
36
24
27
27
27
27
24
27
29
24
28
24
28
8
27
30
55
33
32
33
35
35
60
60
59
34
34
34
59
59
30
30
33
34
31
31
30
29
29
30
69
28
35
23
32
24
44
69
59
58
31
29
29
59
29
29
30
38
5
61
42
76
64
