1
1
1
1
1
1
1
1
1
1
1
2
2
2
2
1
4
2
2
13
13
4
2
4
4
77
77
77
77
77
77
77
77
77
77
77
77
77
77
77
3
77
77
3
3
3
3
3
3
3
3
3
3
4
4
4
4
4
4
4
4
4
4
4
4
5
5
5
5
5
5
5
5
5
5
5
6
6
5
6
6
6
6
6
6
6
6
6
6
6
6
6
6
6
6
5
6
6
6
6
6
6
7
6
6
6
6
7
7
7
7
7
7
7
7
7
7
7
7
7
7
7
7
7
7
8
8
8
8
7
8
8
8
8
8
8
8
8
8
8
8
8
8
9
9
9
10
12
10
9
10
10
10
11
11
11
11
11
11
12
12
12
15
13
14
13
14
14
14
14
14
14
14
14
14
14
14
15
11
15
15
11
15
15
15
15
15
15
15
15
16
16
16
16
16
16
16
16
16
16
16
16
16
16
16
17
15
17
17
17
17
17
17
17
17
17
18
19
19
19
17
19
19
19
19
19
19
20
19
19
19
19
19
20
20
20
20
20
21
20
21
20
21
21
22
22
21
21
22
21
22
21
22
20
22
22
22
22
22
22
22
21
22
22
23
23
23
23
22
23
23
23
23
23
23
23
23
23
23
23
23
24
24
24
24
24
24
24
24
24
24
24
24
24
24
24
24
24
24
24
24
24
23
24
24
24
24
24
28
24
24
25
19
25
19
25
25
25
23
25
25
25
25
25
25
25
25
25
25
25
25
25
25
26
26
23
26
26
26
26
26
27
26
27
27
27
27
27
27
28
28
29
28
28
28
28
28
28
28
29
29
31
29
29
29
30
30
30
30
30
30
30
30
30
30
30
30
30
31
31
31
31
31
31
31
28
32
32
32
32
33
34
34
34
34
35
35
35
38
35
35
36
38
38
38
38
38
38
38
38
38
38
39
39
39
39
39
39
39
40
40
40
40
41
41
41
41
41
41
41
41
41
41
41
42
42
42
42
42
42
42
42
43
42
43
42
43
43
43
43
43
43
43
43
43
43
69
44
44
44
44
44
44
44
44
45
43
46
46
46
46
46
46
46
46
47
48
48
48
48
48
49
49
49
49
49
49
50
49
49
49
49
49
49
50
50
50
46
48
51
52
46
51
52
52
52
53
53
53
53
53
53
53
53
54
54
55
54
56
56
56
56
56
56
56
64
56
57
57
57
57
57
58
58
58
57
58
58
58
58
58
59
59
59
60
60
60
60
61
61
61
61
61
61
61
61
63
61
61
61
61
61
61
62
62
62
62
63
58
63
63
58
63
66
56
64
64
64
64
64
64
65
65
65
66
65
65
66
63
66
66
66
66
66
65
66
66
67
61
67
67
67
67
67
67
67
67
67
67
67
67
67
67
67
67
61
67
68
68
67
68
68
67
69
69
69
69
69
68
69
69
69
69
70
70
70
70
70
70
70
70
71
71
71
71
71
71
71
71
71
71
71
71
71
49
49
72
72
72
72
72
75
73
73
73
73
73
73
49
73
73
74
74
74
75
75
75
72
75
75
75
76
76
76
76
76
10
53
75
30
1
3
4
22
22
21
20
19
25
19
18
15
13
6
6
6
22
22
22
7
7
28
28
28
28
46
49
69
45
42
40
69
68
68
67
66
63
56
37
38
38
38
38
39
41
41
41
39
36
23
23
27
27
27
27
29
29
28
28
28
28
8
29
29
51
28
28
35
35
35
60
60
60
60
60
60
31
59
30
30
35
34
31
31
29
29
29
30
69
28
34
23
8
24
69
69
61
58
28
29
30
31
29
29
30
38
5
61
42
76
56
