1
1
1
1
1
1
1
1
1
2
1
2
2
13
13
2
2
13
2
4
13
2
2
2
2
77
77
77
77
77
1
77
77
77
77
77
77
77
77
77
77
77
4
77
77
77
3
3
3
3
3
3
3
4
4
2
4
4
4
4
4
4
4
4
5
5
5
5
5
5
5
5
5
5
5
5
6
6
5
6
3
3
3
3
6
6
6
3
6
6
6
6
6
6
6
6
6
7
6
6
7
6
6
7
7
6
7
7
7
7
7
7
7
7
7
22
7
7
7
7
7
7
7
7
7
8
7
8
8
8
8
8
8
8
8
8
8
8
32
8
8
8
8
9
9
10
11
9
10
10
10
10
11
11
11
11
11
11
11
12
12
12
12
13
13
13
14
14
14
14
13
14
14
16
14
14
4
15
15
15
15
11
15
15
15
15
15
15
15
15
16
16
14
16
16
16
16
16
5
5
16
16
16
20
16
15
15
17
17
76
17
17
17
18
17
17
18
19
15
19
19
19
19
19
19
19
19
19
19
19
25
19
19
20
20
20
20
20
21
16
21
21
21
21
21
21
21
22
21
21
22
22
22
22
22
22
22
22
21
22
22
24
22
22
22
22
22
22
22
23
22
23
23
23
23
23
23
23
23
23
23
22
24
24
24
24
24
23
23
23
24
24
24
24
24
24
24
24
24
24
24
24
24
24
28
24
24
24
24
28
28
25
25
25
25
25
25
25
23
25
25
25
25
25
25
23
25
25
25
25
25
25
25
23
26
26
26
26
26
26
23
26
26
26
27
27
27
27
29
28
28
28
28
28
28
28
28
28
28
29
29
29
29
29
29
30
29
29
30
30
30
30
30
30
30
30
30
30
31
31
28
31
31
31
31
31
32
32
32
32
33
34
34
34
38
35
35
35
35
35
35
36
38
35
38
38
38
38
38
38
40
38
39
39
39
40
39
41
39
40
40
40
42
41
41
40
41
41
41
41
41
41
41
41
42
42
42
42
42
42
42
42
43
42
42
42
43
43
43
43
43
43
46
43
43
43
45
44
44
44
44
44
44
47
44
45
46
43
46
43
46
46
46
46
46
49
48
48
48
48
48
49
49
49
73
49
49
50
49
49
49
75
49
49
50
50
50
52
51
51
52
52
52
52
52
52
53
53
75
75
53
53
53
53
54
54
55
52
30
30
56
56
56
56
56
64
56
57
57
57
57
57
58
58
58
58
58
58
58
58
58
59
59
59
34
60
60
60
59
61
61
61
61
61
61
61
61
67
61
61
61
61
68
62
62
62
62
63
63
58
63
63
63
63
65
64
64
64
64
64
64
65
65
65
65
65
64
66
66
66
66
66
66
66
65
66
66
67
67
67
67
67
67
67
67
67
67
67
67
67
66
67
67
67
67
67
68
68
68
68
68
68
67
68
69
42
69
69
69
68
69
69
69
70
70
70
70
70
70
70
70
71
71
71
67
71
71
71
71
71
71
71
71
71
71
49
72
72
72
72
72
72
72
49
73
73
72
73
73
73
73
72
74
74
74
75
72
75
75
75
75
76
76
76
76
76
76
53
75
30
1
3
4
22
22
21
20
25
25
19
18
16
13
6
6
6
22
22
24
22
7
28
28
28
28
46
49
43
45
42
40
61
68
68
67
66
63
56
37
61
38
38
38
38
40
40
40
36
36
23
23
27
27
27
28
27
27
28
28
28
28
24
29
29
52
32
32
35
34
35
60
60
60
60
34
31
31
60
30
30
33
34
31
31
29
29
29
30
69
28
34
23
24
24
44
42
61
58
29
26
29
31
29
29
30
39
5
61
42
76
62
