1
2
1
1
1
1
1
1
1
1
1
2
2
2
13
2
2
13
13
13
13
2
2
2
2
77
77
2
2
2
2
2
77
77
77
77
77
77
77
77
77
77
4
3
3
3
3
3
3
3
4
4
3
4
14
4
4
4
4
4
14
4
4
4
5
5
5
5
5
5
5
5
5
5
5
5
5
4
4
4
5
6
6
3
3
5
5
6
6
6
6
6
6
6
6
5
5
6
7
7
7
6
6
7
6
7
6
7
7
7
7
7
7
7
5
5
5
22
7
7
7
7
22
22
22
8
8
8
7
8
8
32
32
8
8
8
32
32
32
32
32
8
8
9
9
9
11
12
10
10
76
10
10
11
11
11
11
11
11
12
12
12
12
13
12
13
14
13
14
14
14
14
14
14
14
14
14
15
11
11
15
11
17
15
11
15
15
15
15
15
16
16
16
16
14
16
16
16
16
16
21
16
16
16
16
17
17
17
76
76
76
17
17
18
17
17
18
19
19
19
18
18
19
19
19
19
20
20
20
19
19
19
19
20
20
20
20
20
21
20
21
21
21
21
21
21
21
21
21
21
20
20
21
21
20
21
20
22
22
22
21
21
22
22
22
22
22
22
22
23
23
23
23
20
23
23
23
23
23
27
27
22
24
22
22
22
24
24
24
24
24
24
24
24
24
28
24
24
24
24
24
24
23
27
24
24
28
28
28
28
24
18
18
18
18
25
20
20
26
25
25
25
25
26
26
26
26
26
25
25
26
26
26
27
26
26
23
26
26
26
26
26
26
27
27
27
27
27
29
28
28
28
27
28
28
28
29
28
28
29
29
29
29
29
29
30
30
30
30
30
30
31
30
29
30
29
29
30
31
31
31
31
31
31
31
31
32
32
33
33
33
34
34
34
34
35
35
35
35
35
35
36
38
38
38
38
38
38
38
38
38
40
39
36
39
39
39
39
39
40
40
40
40
41
41
40
41
41
41
41
42
41
41
42
42
41
42
40
40
42
42
42
42
43
43
43
43
43
42
43
43
43
46
43
43
46
45
44
45
44
44
44
44
44
44
45
46
46
46
46
46
46
46
46
52
47
48
48
48
48
48
49
49
49
49
49
49
50
50
50
49
49
49
49
50
50
50
51
51
51
52
52
52
52
52
52
53
53
75
75
53
53
53
53
54
54
55
55
56
56
56
56
56
56
56
56
56
57
57
57
57
62
58
58
58
57
57
58
58
58
62
59
59
59
60
59
60
60
59
61
61
61
61
61
61
61
59
61
61
61
67
61
68
62
62
62
62
59
63
63
63
63
63
63
64
64
64
64
64
64
64
65
65
65
65
65
65
66
63
66
66
66
66
65
65
66
65
67
67
67
67
63
67
67
67
68
68
67
67
67
67
67
67
67
67
68
68
68
68
68
68
68
68
69
69
42
69
69
69
69
69
69
45
65
70
70
70
70
70
70
72
71
71
67
71
71
71
71
71
71
71
71
70
71
71
49
72
72
72
72
74
72
72
73
73
73
73
73
49
73
73
74
74
74
74
75
75
75
75
75
75
76
76
76
76
76
10
53
75
29
1
3
4
22
22
21
20
20
29
18
18
16
13
5
3
3
22
22
22
5
22
28
28
28
28
46
49
45
45
42
40
40
68
68
67
66
63
56
37
40
38
38
38
39
40
41
41
36
36
23
23
27
27
27
23
27
27
27
28
28
28
8
29
29
51
33
32
33
33
35
60
60
60
60
60
60
31
59
30
30
33
34
31
31
29
29
29
30
69
33
35
23
8
24
44
69
61
62
29
29
29
59
29
29
30
38
5
40
42
76
56
