1
2
1
1
1
1
1
1
1
1
1
2
2
2
1
1
1
2
1
13
13
2
2
2
2
77
77
77
77
77
77
77
77
77
77
77
77
77
77
77
77
77
3
3
3
3
3
3
3
3
3
3
3
77
4
4
13
4
4
4
4
4
4
5
4
4
5
5
5
5
5
5
5
5
5
5
5
5
6
6
6
6
6
6
6
6
6
6
6
6
6
6
6
6
6
6
7
6
6
7
6
6
6
7
6
6
7
7
7
7
7
7
7
7
7
7
7
7
7
7
7
7
7
7
7
7
8
8
7
8
8
8
33
8
8
8
8
8
33
8
8
8
8
9
9
10
10
9
10
10
76
11
11
10
11
11
11
11
11
10
12
12
12
12
14
12
14
13
14
14
14
14
14
14
13
14
14
15
15
15
15
15
15
15
15
15
15
15
19
15
16
16
16
16
14
16
16
16
16
16
16
16
16
20
16
17
17
17
17
17
17
17
17
17
17
17
18
19
19
19
17
19
19
19
19
19
19
19
19
19
19
19
19
20
20
20
20
20
5
16
16
16
21
21
21
21
21
22
22
22
23
22
20
16
23
20
23
23
23
23
23
22
22
21
23
23
23
23
23
23
23
23
20
23
23
23
23
23
23
23
23
24
24
24
24
22
23
24
22
24
24
24
24
24
24
24
24
24
24
24
24
24
24
24
24
24
24
28
28
28
24
19
18
18
18
25
25
25
25
25
25
25
25
25
25
25
25
29
25
25
29
29
25
27
26
23
26
26
26
26
26
27
26
27
27
27
27
27
27
28
28
28
28
28
27
28
28
28
28
29
29
29
29
29
29
30
30
30
30
30
58
31
30
30
30
30
30
30
28
28
28
28
31
31
31
31
33
8
8
32
28
38
34
34
38
35
28
35
35
38
38
35
38
38
38
38
38
38
38
38
38
38
39
39
39
39
39
39
39
40
40
40
40
41
39
40
40
39
41
41
41
41
41
42
42
42
42
40
40
42
42
42
43
43
42
69
43
42
43
43
43
43
46
46
43
43
44
44
69
69
44
44
44
44
44
45
46
46
46
46
46
46
46
46
46
47
45
45
48
48
48
49
49
50
49
49
49
49
49
53
49
49
53
49
50
50
50
46
48
51
46
46
52
46
46
46
49
53
53
53
53
53
53
53
54
54
55
51
30
56
56
30
56
56
56
56
56
57
57
57
57
57
58
58
58
58
58
58
58
58
58
59
61
59
60
60
60
60
61
61
61
68
61
61
61
61
61
61
61
61
61
61
61
62
62
62
62
63
63
63
63
63
63
63
56
64
64
64
64
64
64
66
65
65
65
70
70
63
66
66
66
66
71
66
66
71
66
61
67
67
67
67
67
67
67
67
67
67
67
67
67
67
71
71
67
68
68
69
68
68
68
71
68
68
69
42
69
69
69
69
69
69
45
71
70
70
70
70
70
70
70
71
71
71
71
71
71
71
71
71
71
71
71
71
73
71
72
72
72
72
72
72
75
71
73
73
71
73
73
73
73
74
74
74
74
75
75
72
72
75
53
76
76
76
76
76
10
53
72
30
1
3
4
21
24
21
20
25
29
19
18
16
13
6
6
6
21
7
22
7
7
28
28
28
28
46
49
43
45
42
40
68
61
68
67
63
63
56
37
38
38
38
38
38
40
41
39
39
36
23
23
27
24
27
24
27
27
27
28
27
28
8
29
29
51
8
33
28
35
38
59
60
60
38
60
60
59
59
30
30
28
34
29
31
29
29
29
30
69
28
35
23
8
24
69
69
61
58
29
29
29
31
29
29
58
38
5
68
42
76
56
