1
2
1
1
77
1
1
1
1
1
1
2
2
2
1
1
1
1
2
4
2
77
2
1
77
77
77
77
77
77
77
77
77
77
77
77
77
77
77
77
77
77
3
77
3
3
3
3
3
3
3
3
6
77
4
4
4
4
77
4
4
4
16
4
16
16
16
4
5
16
16
16
16
5
5
21
3
3
6
6
3
6
6
6
6
6
6
6
6
6
6
6
6
6
6
6
6
6
7
6
7
6
6
6
6
6
6
6
6
8
8
7
7
7
24
5
24
24
24
8
8
8
8
8
8
8
8
8
8
8
8
8
8
8
8
8
8
8
8
8
8
8
8
9
10
10
10
12
10
10
76
10
76
10
10
10
11
10
12
12
12
13
12
13
4
4
14
4
16
4
16
16
14
14
14
16
14
15
12
15
15
10
15
15
15
15
15
16
15
19
16
16
16
16
16
16
16
16
16
16
16
16
16
16
16
15
17
17
17
17
76
76
17
17
17
17
19
19
15
15
17
19
19
19
19
19
19
19
23
19
19
19
19
19
22
20
23
20
21
16
16
22
22
22
22
22
22
22
22
22
22
22
22
22
22
22
22
22
23
22
22
22
22
22
22
23
22
23
23
23
23
23
23
23
23
23
23
23
23
23
23
24
24
22
24
24
23
23
23
24
24
22
24
24
24
24
24
24
24
24
24
24
23
24
28
24
24
24
24
24
28
25
19
25
25
25
19
25
25
25
25
25
25
25
25
23
23
25
25
25
25
25
26
23
25
23
26
26
25
25
25
25
25
27
27
27
27
27
27
24
28
29
28
28
29
28
28
28
28
29
29
29
29
29
29
30
30
58
30
30
30
30
58
30
30
30
30
30
28
31
28
28
28
28
28
29
8
32
28
33
28
60
35
34
60
35
35
35
35
35
35
36
38
38
38
38
38
38
38
38
38
38
35
39
38
41
39
39
39
41
41
41
61
39
41
41
41
41
41
41
41
41
41
42
41
41
41
41
41
42
42
69
43
43
43
43
43
43
43
43
43
43
43
43
43
43
69
44
69
44
69
69
44
50
44
43
43
43
43
46
46
46
46
46
46
50
43
50
50
45
46
47
50
49
49
73
49
49
49
49
75
49
49
50
50
50
50
51
53
48
43
43
53
43
53
52
50
53
53
53
53
53
53
53
54
53
53
55
57
56
56
57
56
56
56
56
64
57
57
57
57
57
58
58
58
58
58
58
58
61
58
58
61
60
60
60
60
60
61
61
61
61
61
61
61
61
58
61
61
61
61
61
61
57
57
64
62
63
63
63
63
63
63
63
64
64
56
64
64
64
64
63
64
65
63
65
65
66
63
63
63
66
67
63
67
70
65
61
67
67
61
63
63
67
67
67
67
67
67
67
67
67
71
67
67
68
67
61
68
68
61
68
68
61
69
69
69
69
61
69
69
69
69
70
70
70
70
70
70
71
70
71
71
71
71
71
71
71
71
49
49
49
71
71
71
71
70
72
75
74
74
74
75
49
70
71
70
73
73
75
75
74
74
74
74
49
75
75
75
75
49
76
76
76
76
76
10
53
75
58
1
3
4
22
22
16
23
23
25
19
18
15
4
5
6
6
22
24
22
24
24
28
28
28
28
43
49
43
50
42
40
61
68
68
67
67
63
56
37
41
38
38
35
38
41
41
41
35
35
23
23
27
27
29
28
27
29
28
28
28
28
8
27
29
53
28
8
28
35
35
59
60
60
60
35
30
58
58
30
58
28
35
29
30
30
29
30
30
69
28
35
23
8
24
49
61
61
58
28
29
29
30
29
30
58
41
21
61
42
76
56
