1
2
1
1
1
1
77
1
77
2
1
2
2
2
2
2
2
2
2
4
13
2
2
2
2
77
77
77
77
77
77
4
77
77
77
77
77
77
77
77
77
77
3
3
77
3
3
3
3
3
4
3
3
4
4
4
4
4
4
4
4
4
5
5
5
5
5
5
5
5
5
5
5
5
5
5
6
6
6
6
6
6
6
6
6
6
6
6
6
6
6
6
6
6
6
6
6
6
7
6
6
6
6
6
6
7
6
7
7
7
7
7
7
7
7
7
7
7
7
8
8
8
7
7
7
8
8
8
8
8
8
8
32
8
8
8
8
8
32
8
8
8
8
9
9
9
11
10
10
10
10
10
10
10
10
11
11
10
11
12
12
12
12
13
13
13
14
14
14
14
14
14
14
14
14
14
14
11
15
11
15
15
15
15
15
15
15
15
19
15
16
16
16
14
16
16
16
16
16
16
16
16
16
16
16
15
17
17
17
76
17
17
17
17
17
17
18
19
19
19
19
19
19
19
19
19
19
20
19
19
19
19
19
20
20
20
20
20
21
22
21
21
21
21
21
21
21
22
21
22
22
22
22
22
22
20
22
22
22
22
22
22
22
22
22
22
22
22
22
22
22
23
23
20
23
23
24
23
23
23
23
24
24
22
24
24
24
24
24
24
24
24
24
24
24
24
24
28
24
24
24
24
23
27
28
24
28
24
24
24
24
25
25
25
25
25
25
25
25
25
25
25
25
25
25
25
25
25
25
25
25
25
25
26
26
26
26
26
26
26
26
29
26
29
27
27
27
27
29
32
28
28
28
28
27
28
28
28
28
29
29
31
29
29
29
30
30
30
30
30
30
30
30
30
30
30
30
30
31
28
31
31
28
31
31
31
32
32
32
33
33
34
35
34
34
35
35
35
35
35
38
36
38
38
38
38
38
38
38
37
40
38
36
39
39
39
39
39
39
40
40
40
42
41
41
40
41
41
41
41
42
42
42
42
42
42
41
42
42
42
42
69
42
43
43
43
43
43
43
43
43
43
46
43
43
46
69
44
44
44
44
44
44
44
44
45
46
46
46
46
46
46
46
46
46
47
48
48
48
48
48
49
44
47
49
73
49
50
49
49
49
75
49
49
50
50
51
46
51
51
52
52
52
55
55
55
53
53
53
53
53
53
53
54
54
54
55
55
56
56
56
57
56
56
56
56
56
30
57
57
57
57
59
58
58
57
58
58
58
58
63
59
59
59
60
60
60
60
61
61
61
61
37
61
61
61
63
67
61
67
61
61
61
62
62
62
62
63
63
63
63
63
63
63
64
64
56
56
64
64
64
65
65
65
65
65
65
66
66
66
66
66
66
66
65
66
66
68
67
67
67
67
67
67
67
68
67
67
66
66
67
67
67
71
67
61
68
68
67
68
68
68
71
68
69
69
69
69
69
69
69
44
69
70
65
70
70
70
70
71
70
71
71
71
71
71
71
71
71
71
71
71
71
72
71
71
72
72
72
72
72
72
72
73
73
73
73
73
73
73
49
72
74
74
75
75
72
75
75
75
75
76
76
76
76
76
10
53
75
30
1
3
4
22
22
21
20
23
26
19
18
16
4
6
6
6
22
22
22
7
7
28
28
28
28
46
49
43
45
69
40
68
68
68
67
66
63
56
37
37
37
38
38
38
40
41
39
36
36
24
23
27
27
27
27
27
27
28
28
28
28
8
29
29
51
28
32
35
35
35
60
60
60
60
60
60
59
59
31
30
33
31
31
31
29
29
30
30
69
28
35
23
8
22
49
69
37
57
28
29
29
31
29
29
30
38
5
61
42
76
64
