1
1
1
1
1
1
1
1
1
1
1
2
2
2
2
2
1
2
2
2
2
2
2
2
2
77
77
77
1
77
77
4
77
77
77
77
77
77
3
77
77
77
3
3
3
3
3
3
3
3
4
3
3
4
4
4
4
4
4
5
4
4
5
5
5
5
5
5
5
5
5
5
5
5
5
5
6
3
6
6
6
6
6
6
6
6
6
6
6
6
6
6
6
6
6
6
6
7
6
6
6
6
6
6
7
7
6
7
7
7
7
6
7
7
7
7
7
7
7
7
7
8
7
8
7
8
8
8
8
8
8
8
8
8
8
8
8
8
8
32
8
8
8
9
9
9
10
10
10
9
10
10
10
11
11
11
11
12
11
12
12
12
12
13
13
13
14
14
14
14
14
14
14
14
14
14
14
12
11
11
15
15
15
15
15
15
15
15
15
15
16
14
16
16
16
16
5
16
16
16
16
16
16
16
16
17
17
17
17
17
17
17
17
17
17
17
18
15
19
15
19
19
19
19
19
19
19
20
19
19
25
19
19
20
20
20
20
20
21
20
21
21
21
21
22
22
21
7
22
22
22
22
22
22
20
22
22
22
22
22
22
7
22
22
22
23
22
22
23
23
23
22
23
23
23
23
23
23
23
23
23
22
24
24
24
24
24
23
24
24
24
24
24
24
24
24
24
24
24
24
24
24
23
24
24
24
24
24
28
24
28
19
25
25
25
25
25
19
25
25
25
25
25
25
25
23
25
25
25
25
25
25
25
23
26
26
26
29
29
26
26
26
29
27
27
27
27
27
27
28
24
28
28
28
28
28
28
28
28
29
29
29
29
29
29
30
30
30
30
30
30
30
30
30
30
29
30
30
31
31
31
31
31
28
31
31
32
32
32
33
33
34
35
35
34
35
35
35
35
38
35
36
38
38
38
38
38
38
38
38
38
38
39
39
39
39
39
39
39
40
40
40
42
41
41
40
41
41
41
41
41
41
42
41
42
41
42
42
42
42
42
42
43
42
43
42
43
43
43
43
43
43
43
43
43
43
45
44
69
44
44
44
44
44
44
45
46
46
46
43
46
46
46
46
46
47
45
48
48
48
48
44
49
49
49
49
49
49
50
49
75
49
49
49
50
50
50
48
51
51
52
52
52
52
52
52
53
49
53
53
49
53
53
53
51
54
55
51
56
56
56
56
56
56
56
56
56
58
57
57
57
57
59
30
58
58
58
58
58
61
58
59
59
59
60
60
31
60
61
61
61
61
61
61
61
61
58
61
61
61
61
61
61
62
57
62
62
61
63
63
63
63
63
63
65
64
64
64
64
64
64
65
65
65
65
65
64
63
66
63
63
66
66
66
63
70
70
68
68
67
67
61
67
67
68
68
67
67
67
67
67
67
68
71
67
68
68
68
68
67
68
68
68
69
69
42
69
69
68
68
68
69
69
70
65
65
65
65
70
70
70
68
71
71
71
71
71
71
44
44
71
71
71
71
71
71
72
72
72
72
72
75
72
73
73
73
73
73
73
73
72
74
74
74
74
75
75
75
75
75
53
76
76
76
76
76
10
53
74
58
1
3
4
7
22
21
20
25
25
19
18
16
4
5
6
6
22
22
22
7
7
28
28
28
28
46
71
43
45
42
42
61
68
68
67
66
66
56
37
37
38
38
38
39
40
41
41
39
36
23
23
27
27
27
27
27
27
28
28
28
28
8
27
29
51
32
32
35
35
35
60
60
60
34
34
31
59
31
31
30
33
34
31
31
29
29
30
30
69
28
35
23
8
24
44
68
61
58
28
29
29
31
29
29
30
40
5
61
42
76
64
