1
1
1
1
1
1
1
1
1
1
1
2
2
13
13
2
2
2
13
2
13
2
2
2
4
77
77
77
77
77
77
4
77
77
77
77
77
77
77
3
77
77
3
3
3
3
3
3
3
3
3
3
3
4
4
4
4
4
4
4
4
4
4
5
5
5
5
5
5
5
5
5
5
5
5
7
6
3
6
6
6
3
6
6
6
6
6
6
6
6
6
6
6
6
6
6
6
6
6
6
6
6
6
6
6
6
7
7
7
7
7
7
7
7
7
7
7
7
7
7
7
7
7
7
7
7
8
8
8
8
8
8
8
8
8
8
8
8
8
8
8
8
8
9
9
9
11
10
10
10
10
10
11
11
11
11
11
12
11
10
12
12
12
13
13
13
14
14
14
14
14
14
14
14
14
14
14
15
11
15
15
15
15
15
11
15
15
15
15
15
16
16
16
16
16
16
14
16
16
16
16
16
16
16
16
17
17
17
17
17
17
17
17
18
17
17
18
19
19
19
19
19
19
19
19
19
19
19
19
19
25
19
19
20
20
20
20
20
21
20
20
21
21
21
21
21
5
5
22
21
22
22
22
22
22
20
22
22
22
22
22
22
5
22
23
23
23
23
20
23
23
23
23
23
23
23
23
23
23
23
23
24
24
24
24
24
24
24
24
24
24
24
24
24
24
24
24
24
24
24
24
24
24
24
24
24
24
24
24
24
24
25
25
25
25
25
25
25
25
25
25
25
25
25
25
25
25
25
25
25
25
25
26
23
26
23
26
26
26
26
26
26
29
27
27
27
27
27
27
32
28
27
28
28
27
27
28
28
28
29
29
29
29
29
29
30
30
30
30
30
30
30
30
30
30
30
30
30
31
31
28
31
31
31
31
31
32
8
32
33
35
34
34
34
34
35
35
35
35
35
35
36
38
38
34
38
38
40
38
38
40
38
39
39
39
39
39
39
39
42
40
40
40
41
39
40
41
41
41
41
42
41
42
42
42
42
42
42
42
42
42
42
42
43
43
43
69
43
43
43
43
43
46
43
46
43
44
44
69
44
44
44
44
44
44
45
46
46
46
46
46
46
48
48
48
47
45
47
48
48
48
49
49
49
49
49
49
49
49
49
49
49
49
49
50
50
50
51
51
51
52
52
51
52
52
51
53
53
53
53
53
53
53
53
54
53
55
54
56
56
56
56
56
56
56
56
56
58
57
57
57
57
58
58
58
58
58
58
58
58
58
59
59
59
60
60
60
60
61
61
61
61
61
61
61
61
61
61
61
61
61
61
68
63
62
62
62
61
63
63
63
63
63
63
56
64
64
64
64
64
64
65
65
65
65
65
65
66
66
66
66
66
67
66
66
66
66
67
67
67
67
67
67
67
67
67
67
67
67
67
67
67
67
67
67
67
68
69
68
68
68
69
68
69
69
69
69
69
69
69
69
69
69
70
70
70
70
70
70
70
72
71
67
67
71
71
71
71
71
71
71
71
71
73
71
71
72
72
72
72
75
72
72
73
73
73
73
73
73
73
73
75
74
74
75
75
75
75
75
75
75
76
76
76
76
76
10
53
75
30
1
3
4
5
22
21
20
23
29
19
18
15
4
6
6
6
5
5
22
7
7
28
28
28
28
46
73
43
45
42
40
40
68
68
67
66
63
56
37
37
38
38
38
38
40
41
40
36
36
23
23
27
27
27
27
29
27
28
27
28
28
8
29
29
51
32
32
35
35
35
60
60
60
60
60
31
59
31
30
30
35
34
31
31
29
29
29
30
69
28
35
23
7
24
44
69
61
58
27
29
29
31
29
29
30
38
5
61
42
76
56
