1
2
1
1
1
1
1
1
1
2
1
2
2
2
13
2
2
13
13
13
2
13
13
2
2
77
77
77
77
77
2
2
77
77
77
77
77
77
77
77
77
4
4
4
4
3
3
3
3
3
4
3
3
13
4
4
4
4
4
4
4
4
4
5
5
5
5
5
5
5
5
5
5
5
5
5
3
3
3
5
5
6
6
5
5
5
5
5
6
6
6
6
6
5
5
5
6
6
6
6
7
6
6
7
6
7
6
7
7
7
7
7
7
7
7
5
7
22
7
7
7
7
7
7
7
8
8
8
8
8
32
8
8
8
8
8
32
32
32
8
32
28
28
9
9
12
10
12
10
10
76
10
10
12
10
11
11
11
11
12
12
12
12
13
12
13
14
14
14
13
14
14
14
14
14
14
14
11
11
11
15
11
15
15
15
15
15
15
15
15
16
16
16
16
16
16
16
16
16
16
16
16
16
21
16
17
17
17
17
76
76
76
17
17
17
17
18
19
19
19
18
15
19
19
19
19
19
20
20
19
19
19
19
20
20
20
20
20
21
21
21
21
21
21
21
21
21
22
21
21
22
22
22
21
20
21
21
22
22
22
22
22
22
22
24
22
21
21
21
21
23
23
23
23
23
23
23
23
23
23
27
22
24
22
24
24
24
24
24
24
24
22
24
24
24
24
24
24
24
24
24
24
24
23
24
24
28
24
24
24
28
18
18
18
18
18
25
25
18
25
25
25
25
23
23
23
26
23
25
25
25
25
26
27
27
26
26
26
26
26
26
27
26
27
27
27
27
27
27
28
28
27
27
28
27
27
28
28
28
29
29
29
29
29
29
30
30
30
30
30
31
31
57
30
30
30
30
57
31
31
31
31
31
31
31
31
32
32
32
33
33
34
34
34
34
35
35
35
36
35
34
36
38
38
34
38
38
38
34
34
38
38
36
36
39
39
39
39
39
40
40
40
40
41
41
41
41
41
41
41
42
41
41
42
42
42
42
40
42
42
42
42
42
43
43
42
43
43
43
43
46
46
46
43
43
52
45
45
44
44
44
44
44
44
49
45
52
52
46
52
46
46
46
46
46
47
48
48
48
48
48
49
49
49
49
49
49
50
50
49
53
53
49
49
50
50
50
51
51
51
52
52
55
52
52
55
53
53
53
53
53
53
53
53
54
54
55
55
57
56
56
56
56
56
56
56
56
57
57
57
57
57
58
58
57
57
57
58
58
58
58
59
59
59
60
34
34
60
61
61
61
68
61
61
61
61
63
61
61
61
61
61
68
62
62
62
62
63
63
63
63
63
63
63
64
64
64
64
64
64
64
65
65
65
65
65
65
66
63
66
65
66
67
66
66
66
66
67
67
67
67
67
67
67
67
68
67
67
67
67
67
67
68
67
67
68
68
68
68
68
68
68
68
68
69
69
69
69
69
68
68
69
69
70
70
70
70
70
70
70
72
71
68
71
70
71
71
71
71
71
71
71
71
71
73
71
72
72
72
72
75
72
72
73
73
73
73
73
53
73
53
74
74
74
74
75
75
75
75
75
75
76
76
76
76
76
10
53
75
57
1
3
4
22
22
21
20
18
26
18
18
11
13
5
5
3
22
22
22
22
22
34
28
28
34
46
49
45
45
42
40
68
68
68
67
66
63
56
37
34
34
38
38
38
40
41
41
36
36
23
23
27
27
27
27
27
27
28
27
28
28
8
29
29
51
33
32
33
35
35
60
60
60
60
34
60
59
59
30
30
33
34
31
31
29
29
29
30
69
34
35
23
24
24
44
69
61
58
28
29
30
34
29
29
31
38
5
68
42
76
56
