2
2
2
1
1
1
1
1
1
2
2
2
2
13
13
2
2
13
2
13
12
13
13
13
2
77
1
1
1
77
1
4
4
77
4
77
4
77
77
77
77
4
4
77
77
3
3
3
3
4
4
5
3
4
14
4
13
4
4
14
14
21
14
5
5
21
21
5
5
5
5
5
21
21
5
21
5
5
5
3
3
3
6
3
3
6
6
3
6
6
6
6
6
5
5
21
5
5
5
6
7
6
6
6
7
7
7
7
7
7
7
7
7
7
7
5
22
22
22
7
7
8
7
8
22
8
8
8
32
8
32
8
32
8
8
8
32
32
32
32
32
32
24
9
9
9
10
9
10
76
10
11
10
10
10
11
11
11
11
9
9
12
12
12
12
13
13
13
14
14
14
12
12
14
14
14
14
12
15
11
15
11
15
17
15
15
15
15
15
17
12
12
16
16
14
16
16
16
16
16
16
16
16
15
20
17
17
17
76
76
76
76
76
18
17
17
18
15
19
15
18
17
18
18
18
19
19
15
19
19
19
19
19
20
20
19
19
20
21
20
20
20
20
21
16
16
21
21
16
21
20
21
20
20
23
20
23
20
21
21
21
22
22
22
22
22
20
23
23
23
23
23
23
23
23
23
27
23
27
23
27
22
24
22
24
24
23
23
24
22
22
24
24
24
24
24
28
24
24
24
24
24
23
23
27
28
28
28
28
28
28
23
19
19
18
25
25
25
27
25
26
25
25
26
26
26
26
26
25
25
26
29
26
27
26
26
26
26
27
27
27
29
29
27
29
27
27
29
29
28
27
29
27
33
29
29
29
28
28
30
29
30
29
30
57
30
30
30
57
57
31
31
30
30
57
57
57
30
31
33
33
33
31
31
31
31
33
33
33
35
34
34
34
37
37
36
34
36
36
37
37
36
38
38
38
37
38
37
37
38
38
38
36
36
39
39
39
39
39
40
40
40
37
41
39
40
41
41
41
41
41
41
42
41
42
41
40
40
40
42
42
42
42
42
43
43
43
43
43
43
46
45
46
43
43
46
45
47
45
44
44
44
47
47
47
45
46
46
48
46
46
46
48
48
52
47
48
47
48
48
48
44
49
49
73
49
49
50
50
50
49
49
49
49
50
50
50
48
51
51
52
48
52
52
52
51
53
53
75
53
53
53
53
53
54
54
55
55
56
56
56
56
56
56
56
64
56
57
56
57
57
56
31
58
57
58
58
58
59
59
61
59
59
59
34
60
60
60
59
61
61
68
61
61
61
61
61
63
61
61
61
68
37
62
62
62
62
63
58
63
63
58
63
62
64
64
64
64
64
64
64
62
62
65
65
65
64
66
66
66
65
66
66
66
65
66
70
67
67
67
63
63
67
67
67
67
67
67
67
67
67
67
68
68
67
68
68
37
68
68
68
68
68
68
69
69
69
69
69
69
44
69
45
70
65
65
70
70
70
70
72
71
71
71
71
70
71
71
44
44
71
71
72
71
71
44
72
72
72
74
74
72
75
73
73
73
73
73
49
73
73
74
74
74
74
75
75
74
75
75
75
76
76
76
76
76
76
53
74
57
1
77
4
21
22
16
20
23
29
18
18
12
13
5
3
3
22
22
22
22
24
29
28
28
28
52
73
45
45
42
40
40
37
37
67
63
63
56
37
37
37
38
38
39
40
41
40
36
36
27
23
27
29
29
27
29
27
27
29
29
29
24
29
30
51
33
32
35
35
35
60
34
60
60
34
60
59
60
30
57
35
34
31
31
30
30
30
30
69
33
34
27
24
24
44
37
61
58
29
29
29
31
29
57
31
38
21
37
42
76
62
