1
1
1
1
1
1
77
77
1
2
1
2
2
2
2
1
1
13
2
2
13
2
2
2
2
77
77
1
1
77
77
77
77
77
77
77
77
77
77
77
5
5
5
5
3
3
3
3
3
3
5
3
3
4
4
4
4
4
4
4
4
4
4
5
16
16
5
5
5
5
5
5
22
5
5
22
3
6
6
3
3
6
6
6
6
6
6
6
6
6
6
6
6
6
6
5
5
6
7
7
6
7
6
6
7
7
7
7
7
7
7
7
7
7
6
7
24
7
7
7
7
7
7
7
24
8
8
8
8
8
32
8
8
8
8
8
8
32
32
8
8
32
8
9
9
9
10
10
10
10
10
10
10
11
11
10
11
11
11
12
12
12
11
13
12
13
14
14
14
14
14
14
14
14
14
16
14
15
15
15
15
15
15
15
15
15
15
15
15
17
16
16
16
14
16
14
16
16
16
16
16
16
21
21
16
17
17
17
17
17
17
17
17
17
17
17
18
19
19
19
17
17
19
17
17
17
19
20
19
19
19
19
19
20
20
20
20
20
21
21
21
21
21
21
21
21
21
21
21
22
22
21
22
21
22
20
22
21
22
21
21
22
22
22
21
22
22
22
22
23
23
23
23
23
23
23
27
23
27
23
27
22
24
24
24
24
22
22
24
24
24
24
24
24
24
24
24
24
24
24
28
22
23
28
28
24
28
24
24
28
28
19
19
19
18
25
19
25
25
25
19
25
25
25
25
25
25
25
25
25
25
25
26
26
23
26
26
26
26
23
26
26
26
27
26
27
27
27
27
28
28
28
28
32
28
28
28
28
28
29
29
29
29
29
29
30
30
30
30
30
30
30
30
30
30
30
30
30
31
31
31
31
31
28
30
30
32
33
33
33
33
34
34
34
38
35
35
35
35
38
38
36
38
38
37
38
38
38
38
38
38
38
39
39
39
39
39
41
39
40
40
40
40
41
41
41
41
41
41
41
41
41
42
42
42
41
42
42
40
42
42
42
42
43
43
43
43
43
43
43
43
69
43
43
43
43
44
44
44
44
44
44
47
47
47
45
52
52
46
52
46
46
46
46
46
50
45
48
48
48
48
44
44
49
49
49
49
49
49
49
49
53
49
49
50
50
50
48
51
50
52
52
52
52
55
52
49
49
53
53
53
53
53
49
54
54
55
55
56
56
56
56
56
56
56
56
56
57
56
57
57
57
58
58
58
57
58
58
62
58
61
59
59
59
61
31
60
60
58
58
61
61
61
61
61
61
61
61
61
61
61
61
68
62
62
62
66
63
63
66
66
63
63
66
64
64
64
64
64
64
64
66
65
65
65
65
65
66
63
66
65
66
66
66
66
66
65
61
61
61
67
63
67
67
67
67
67
67
67
67
67
67
67
67
67
68
68
68
68
67
68
67
67
68
69
42
69
69
69
69
44
69
44
70
70
70
70
70
70
70
72
69
67
71
71
70
71
71
71
71
71
71
71
71
71
71
72
72
72
72
72
72
75
73
73
73
73
73
73
75
75
74
74
74
75
75
75
72
75
75
53
76
76
76
76
76
76
53
75
58
1
3
5
22
22
21
23
23
25
19
18
15
13
6
6
6
22
22
22
7
24
28
28
28
28
46
71
69
45
42
40
68
68
68
68
63
63
56
37
37
38
38
38
39
41
41
41
36
36
23
28
27
27
27
28
26
27
28
28
28
28
8
26
26
51
32
32
34
34
35
59
60
59
61
61
60
31
59
30
30
35
31
30
31
29
29
30
30
69
28
34
23
8
24
69
68
61
62
28
26
29
31
27
29
30
39
5
68
42
76
56
