1
1
1
1
1
1
1
1
1
1
1
2
2
2
2
1
2
2
2
2
13
2
2
4
77
77
77
77
77
77
77
4
77
77
77
77
77
77
77
77
77
4
3
3
77
3
3
3
3
3
3
3
3
4
4
4
4
4
4
4
4
4
5
4
5
5
5
5
5
5
5
5
5
5
5
5
3
6
6
6
3
3
6
6
6
6
6
6
6
6
6
6
6
6
6
6
6
6
6
6
6
6
6
6
6
6
6
7
7
7
7
7
7
7
7
7
7
7
7
7
7
7
7
7
7
7
8
8
33
7
33
8
8
8
8
8
8
8
8
33
33
33
33
9
9
10
10
10
10
10
10
11
10
11
11
11
11
11
11
12
12
13
14
13
4
13
14
14
14
4
14
14
14
14
14
14
14
15
11
11
15
15
15
15
15
15
16
16
15
17
16
14
16
16
14
16
16
16
16
16
16
16
16
16
16
15
17
17
17
17
76
17
17
17
17
17
18
19
19
19
19
19
19
19
19
19
19
20
19
19
19
19
19
20
20
20
20
20
21
16
16
16
21
22
21
21
5
5
5
21
20
22
20
20
20
20
22
22
22
5
5
5
22
22
22
22
23
23
23
23
23
23
23
23
23
23
23
23
23
23
26
24
24
22
24
24
24
24
24
24
24
24
24
24
24
24
24
24
24
24
24
24
24
24
24
24
24
24
24
24
24
25
19
25
25
25
19
25
25
25
25
25
25
25
23
23
25
25
25
25
25
26
26
26
26
26
23
26
26
27
27
26
26
27
27
27
27
27
29
28
28
27
28
33
27
27
28
28
28
29
29
29
29
29
29
30
30
30
30
30
30
30
30
30
30
30
30
30
28
31
28
31
28
31
31
31
8
8
33
32
28
60
34
34
35
35
35
35
35
35
35
38
38
35
35
38
38
38
37
38
38
40
39
39
36
39
39
39
39
40
40
40
42
41
41
41
41
41
41
41
41
41
41
41
42
42
42
42
42
42
42
69
43
43
43
43
43
43
43
43
43
45
43
52
43
43
69
45
69
44
44
44
44
44
44
48
52
46
46
46
46
46
46
46
46
44
48
48
48
48
46
49
49
49
49
49
49
49
49
49
49
49
49
49
47
50
50
52
48
48
52
52
52
52
52
52
49
53
53
53
53
53
53
53
54
54
51
55
56
56
56
56
56
56
56
56
56
57
57
57
58
56
58
30
58
58
58
58
58
58
58
59
59
59
60
60
60
60
61
61
61
61
61
61
61
61
61
67
61
67
61
61
61
62
62
62
62
61
63
63
63
63
66
63
62
64
56
64
64
64
64
65
62
65
65
65
65
66
66
63
66
66
66
66
65
66
66
67
61
67
67
67
67
67
67
67
67
67
67
67
66
67
67
67
67
61
67
68
68
67
68
68
67
69
69
69
69
69
68
69
69
69
69
66
70
70
70
66
70
70
70
71
71
67
71
71
71
71
71
71
71
71
71
71
71
71
72
72
72
72
72
72
75
73
73
73
73
73
49
73
73
74
74
74
74
49
75
72
72
75
49
76
76
76
76
76
10
53
72
30
2
3
4
22
22
21
20
23
25
19
18
16
4
6
6
6
7
7
22
7
7
28
28
28
28
52
49
45
45
42
40
69
61
61
67
66
63
56
37
38
37
38
38
38
40
41
41
36
36
23
23
27
27
27
27
27
27
28
28
31
31
7
29
29
51
33
33
35
35
35
60
60
60
60
60
60
60
60
30
30
35
34
31
31
29
29
30
30
69
28
35
23
24
24
44
69
61
58
31
29
29
31
27
30
30
38
5
61
42
76
56
