1
1
1
1
1
1
1
1
1
1
1
1
2
2
2
2
2
2
2
4
4
4
2
2
2
77
77
77
77
77
77
4
77
77
77
77
77
77
77
77
77
77
3
3
77
3
3
3
3
3
3
3
3
4
4
4
4
4
4
4
4
4
4
5
16
16
5
5
5
7
5
5
7
5
7
7
6
6
5
6
3
6
6
6
6
6
6
6
6
6
6
6
6
6
6
6
6
7
6
6
6
6
6
6
6
6
6
7
7
7
7
7
7
7
7
7
7
7
7
7
7
7
7
7
7
8
8
8
7
8
8
8
8
7
8
8
8
8
8
8
8
8
8
9
9
9
11
10
10
10
10
10
10
11
11
11
11
11
11
11
12
12
12
13
13
4
14
14
14
14
14
14
14
14
14
14
14
15
15
15
15
15
15
15
15
15
15
15
15
15
16
16
16
16
16
16
16
16
16
16
16
16
16
16
16
17
17
17
17
76
17
17
17
17
17
17
18
19
19
15
19
19
19
19
19
19
19
19
19
19
19
19
19
20
20
20
20
20
16
22
16
22
16
22
21
22
22
22
22
22
22
22
22
22
20
20
22
22
22
22
22
22
22
22
22
22
22
22
22
23
23
23
23
25
23
23
23
24
23
23
23
24
24
24
24
24
24
24
24
24
24
24
24
24
24
24
24
24
24
24
24
24
23
24
24
24
24
24
24
24
24
19
19
25
18
25
25
19
25
25
25
25
25
25
25
25
25
25
25
25
25
25
25
26
26
26
23
26
26
27
27
26
26
27
27
27
27
27
27
28
28
27
28
8
28
28
28
28
31
29
29
29
29
29
29
30
30
30
30
30
30
30
30
30
30
30
30
30
31
31
31
31
31
31
31
31
8
8
8
33
32
34
34
34
34
35
35
35
35
35
35
36
38
38
35
38
38
38
38
38
40
38
39
39
38
39
39
39
39
41
40
41
40
39
41
41
41
41
41
41
41
41
41
42
42
42
42
42
42
42
42
42
43
43
43
43
43
43
43
43
43
43
43
43
43
43
44
44
44
44
44
44
44
44
44
45
46
46
46
46
46
46
46
46
46
47
46
45
48
48
46
49
49
49
49
49
49
50
49
49
49
49
49
49
51
50
50
51
51
51
46
51
52
52
52
51
53
49
53
53
53
53
53
53
54
54
52
55
56
56
56
56
56
56
56
56
56
57
57
57
57
57
58
58
58
58
58
58
58
58
58
59
59
59
60
60
60
60
61
61
61
61
61
61
61
61
61
61
61
61
61
61
61
62
62
62
62
63
58
62
63
63
63
63
64
64
56
64
64
64
64
65
65
65
65
65
64
66
66
63
66
66
66
66
66
66
66
67
67
67
61
67
67
67
67
67
67
67
67
67
67
67
67
67
67
68
68
68
68
68
69
69
67
69
69
69
69
69
69
69
69
44
69
70
70
70
70
70
70
70
70
71
71
71
70
71
71
71
71
71
71
71
71
71
71
71
71
72
72
72
75
72
72
73
73
73
73
73
73
73
73
74
74
74
74
75
75
75
75
75
75
76
76
76
76
76
10
53
75
30
1
3
4
22
24
16
20
25
25
19
18
15
14
6
6
6
22
22
22
7
7
28
28
28
28
46
49
43
45
42
40
68
61
61
67
66
63
56
37
37
38
38
38
38
40
41
41
36
36
23
27
27
27
27
27
27
27
28
28
28
28
8
29
29
51
32
8
35
35
35
60
60
60
60
34
60
59
59
30
30
35
34
31
59
29
29
29
30
69
28
35
23
8
22
44
69
61
58
29
29
29
31
29
29
30
38
5
61
42
76
56
