1
2
2
1
1
1
1
1
1
2
1
2
13
13
13
2
2
13
13
13
13
13
13
2
2
77
77
4
4
4
4
4
77
77
77
77
77
77
77
77
77
77
4
77
3
3
3
3
3
3
3
4
3
4
4
4
4
4
4
4
4
4
4
5
5
4
5
5
5
5
5
5
5
5
5
5
5
5
6
6
6
3
6
6
5
5
5
5
6
6
6
6
6
6
5
5
5
5
6
7
6
7
7
6
6
7
6
7
7
7
7
7
7
7
5
5
5
7
7
7
7
7
7
8
32
8
8
8
8
8
32
8
8
8
8
8
33
33
8
32
32
32
8
9
9
10
10
9
10
10
76
10
10
11
11
11
11
11
11
12
12
12
12
13
13
13
14
14
14
14
14
14
14
14
14
14
14
11
11
15
15
15
18
15
15
15
15
15
15
18
16
16
16
16
16
16
16
16
16
16
21
21
16
16
16
17
18
17
17
76
76
76
17
18
17
18
18
20
19
19
18
18
18
18
19
19
20
20
19
19
19
18
19
20
20
20
20
20
21
20
21
21
21
21
21
21
21
22
21
21
21
21
22
21
20
22
22
22
21
22
22
22
22
22
22
22
22
22
20
23
23
23
23
23
23
23
23
23
23
23
27
32
22
22
24
24
24
24
24
24
24
24
32
32
24
24
24
24
24
24
24
24
24
23
28
24
24
24
24
28
28
19
19
25
18
25
25
25
23
25
26
25
25
26
26
26
26
26
25
25
25
26
26
27
23
26
26
26
26
26
26
26
26
27
27
27
27
27
27
28
28
27
27
28
27
28
28
28
28
29
29
29
29
29
29
30
30
30
30
30
30
30
30
57
57
30
30
57
31
31
31
31
31
31
31
31
32
33
33
33
33
34
34
34
34
35
35
36
36
36
35
36
38
38
34
34
38
38
34
38
38
38
36
36
39
39
39
39
39
40
40
40
40
41
39
40
41
41
41
41
41
41
41
42
42
42
42
40
42
42
42
42
42
42
43
69
43
43
43
43
46
46
46
43
43
52
45
45
45
44
44
44
44
44
49
45
52
46
46
52
46
46
46
46
46
47
48
48
48
48
48
49
49
49
49
49
49
50
50
49
75
75
49
49
50
50
50
52
51
51
52
52
52
52
52
51
53
53
53
53
53
53
53
53
54
54
55
55
56
56
56
56
56
56
56
56
56
57
57
57
57
57
58
58
58
57
58
58
58
58
58
59
59
59
60
59
60
60
61
61
61
68
68
68
61
61
61
61
61
61
61
68
61
62
62
62
62
63
63
63
63
63
63
62
65
64
64
64
64
64
64
65
65
65
65
65
65
66
66
66
66
66
66
66
66
66
66
67
67
67
67
67
67
67
67
68
67
67
67
67
67
67
68
67
67
68
68
68
68
68
68
68
68
68
69
69
69
69
69
68
68
69
45
70
70
70
70
70
70
70
72
71
71
71
67
71
71
71
71
71
71
71
70
71
71
71
72
72
72
72
74
72
72
73
73
73
73
73
49
73
73
74
74
74
74
75
75
75
75
75
75
76
76
76
76
76
76
53
75
57
1
3
4
22
22
21
20
23
26
18
18
16
13
5
5
6
22
22
22
5
7
33
28
28
33
46
73
45
45
42
40
68
68
68
67
66
63
56
37
68
34
38
38
39
40
41
41
36
36
23
23
27
27
27
27
27
27
28
28
28
33
8
29
29
51
32
32
35
36
36
60
60
60
60
60
60
59
59
30
30
33
34
31
31
29
29
29
30
69
33
35
23
32
32
44
68
61
58
28
29
30
59
29
29
30
38
5
61
42
76
56
