1
2
1
1
1
1
1
77
1
2
2
2
2
13
2
1
1
2
1
13
13
13
2
2
2
77
77
77
77
77
77
77
77
77
77
77
77
77
77
77
3
77
3
3
77
3
3
3
3
3
3
3
3
4
4
13
4
4
4
4
4
4
4
5
5
16
5
5
5
5
5
5
5
5
5
7
3
6
6
6
3
6
6
6
6
6
6
6
6
6
6
6
6
6
6
7
7
6
6
6
6
6
6
6
7
6
6
7
7
7
7
7
7
7
7
7
7
7
7
7
7
7
7
7
7
7
8
8
7
8
8
8
8
8
8
8
8
8
8
8
32
8
8
9
10
10
11
12
10
10
10
10
10
12
11
11
11
11
11
12
12
12
12
13
13
13
14
14
14
4
14
14
14
14
14
14
14
15
15
15
15
15
17
15
15
15
19
20
15
19
14
16
16
16
16
16
16
16
16
16
21
16
16
16
16
17
15
17
76
76
17
17
17
17
17
17
18
20
19
19
19
19
19
19
19
19
19
19
19
19
19
19
19
20
20
20
20
20
21
16
16
21
21
21
22
21
21
22
22
22
22
21
20
16
22
20
20
22
22
22
22
22
22
22
22
22
22
22
22
23
23
23
23
23
23
23
23
23
23
23
23
24
22
24
24
24
24
24
24
24
24
24
24
24
24
24
24
24
24
24
24
24
24
24
24
24
24
24
24
28
24
19
19
25
25
25
25
19
25
25
25
25
25
26
26
25
26
25
25
25
25
25
26
23
26
26
23
23
26
26
26
27
26
27
27
27
27
29
27
28
24
27
27
28
29
29
29
31
28
29
29
30
29
29
29
30
30
30
30
30
30
30
30
30
30
30
30
30
28
28
31
31
31
31
30
30
32
8
33
31
31
34
34
34
34
35
35
35
35
35
35
36
38
38
34
38
38
38
38
40
38
38
39
36
39
39
39
39
39
40
40
40
42
41
39
39
39
39
41
41
41
41
39
42
42
42
42
40
42
42
42
42
43
43
42
43
43
43
43
43
43
43
43
43
43
43
45
44
69
44
44
49
49
49
47
45
52
46
46
43
46
46
48
46
52
47
48
48
48
48
48
49
49
49
49
73
49
49
49
49
49
49
49
49
50
50
50
51
51
51
52
52
52
52
52
52
53
49
75
75
53
53
53
53
54
54
55
54
56
56
56
56
56
56
56
56
56
57
57
57
57
57
59
58
58
58
58
58
58
58
58
61
59
59
60
60
60
60
61
61
61
68
61
61
61
61
61
61
61
61
61
61
61
62
62
62
62
61
63
62
63
63
63
63
56
64
64
64
64
64
64
65
65
64
65
65
64
63
63
66
66
66
66
66
66
70
66
61
67
61
67
67
67
61
67
67
67
67
67
66
67
67
67
67
67
68
67
68
68
67
68
68
68
69
69
69
69
69
68
69
69
69
69
70
70
70
70
70
70
70
70
71
71
71
71
71
71
71
73
71
73
71
71
71
73
73
72
72
72
72
72
72
75
73
73
73
73
73
73
49
49
74
74
74
74
75
72
75
75
75
75
76
76
76
76
76
76
53
72
30
1
3
4
22
22
21
20
23
26
19
18
14
4
6
6
6
22
22
22
7
7
29
28
28
28
46
73
43
45
42
40
69
68
68
67
63
61
56
37
37
40
38
38
38
40
39
39
36
36
24
23
27
27
27
27
27
27
27
27
28
29
8
27
29
52
33
32
35
35
35
60
60
60
60
60
60
59
59
30
30
34
34
30
59
29
29
29
29
69
31
35
23
8
24
69
69
61
58
31
29
29
31
29
29
30
38
5
68
42
76
56
