1
2
1
1
1
1
1
1
1
1
1
2
2
2
2
2
2
4
2
4
2
4
4
4
2
77
77
77
1
2
77
77
77
77
77
77
77
77
77
77
77
77
3
77
3
3
3
3
3
3
3
3
3
4
4
4
4
4
4
4
4
4
4
4
4
16
5
4
6
6
6
5
5
5
5
7
6
6
6
6
3
3
6
6
6
6
6
6
6
6
6
6
6
7
6
5
7
6
7
6
6
6
6
6
6
7
6
7
7
7
7
7
7
7
6
7
7
7
7
7
7
7
7
7
7
8
8
8
7
7
8
8
8
7
8
8
8
8
32
32
8
32
7
9
9
9
11
10
10
10
10
10
10
11
11
11
11
11
11
12
12
12
12
13
12
13
14
14
14
14
14
14
14
14
14
14
14
11
15
15
15
15
15
15
15
15
15
15
15
15
16
16
16
16
16
16
16
16
16
16
21
16
16
16
16
17
17
17
17
17
17
17
17
17
17
17
18
19
19
19
17
19
19
19
19
19
19
19
19
19
19
19
19
20
20
20
20
20
21
16
16
21
21
21
21
22
21
21
22
22
22
21
21
21
22
22
22
22
22
22
21
21
22
22
22
22
23
23
22
23
23
23
23
23
23
23
23
23
23
23
23
24
24
22
24
24
24
24
24
24
24
24
24
24
24
24
24
24
24
24
24
24
24
24
24
24
24
24
24
28
24
25
19
25
19
25
19
25
25
25
25
25
25
25
25
25
25
25
25
25
25
29
25
27
23
26
25
29
26
23
26
26
26
27
27
27
27
27
29
28
28
27
28
32
27
28
28
28
28
29
29
30
29
29
29
30
30
30
30
30
30
30
30
30
30
30
30
30
28
31
31
31
31
28
31
31
8
8
32
32
28
34
34
34
34
35
35
35
35
35
35
35
38
38
35
38
38
38
38
38
38
38
39
39
39
39
39
39
39
40
40
40
40
41
41
41
41
41
41
41
41
41
41
42
42
42
42
42
42
42
42
42
43
42
43
43
69
43
42
42
43
43
43
43
43
43
45
44
44
44
44
44
44
44
47
45
52
46
52
46
46
46
52
46
52
47
48
48
48
48
48
49
49
49
49
49
49
49
49
49
49
49
49
49
50
50
50
52
51
51
52
52
51
52
52
52
49
49
53
53
53
53
53
53
54
54
55
54
56
56
56
56
56
56
56
56
56
57
57
57
57
57
58
58
58
58
58
58
58
58
58
59
59
59
60
31
60
60
59
61
61
61
61
61
61
61
61
61
61
61
61
61
61
62
62
62
65
63
58
63
63
63
63
63
64
64
56
64
64
64
64
65
62
65
65
65
65
66
66
66
66
66
66
66
66
66
66
67
61
67
67
67
67
67
67
67
67
67
67
67
67
67
67
67
67
67
67
68
68
68
68
68
68
69
69
69
69
69
69
69
69
69
69
66
70
70
70
70
70
70
71
71
71
71
71
71
71
71
71
71
71
71
71
71
73
71
72
72
72
72
75
72
72
73
73
73
73
73
73
73
73
74
74
74
74
75
75
75
75
75
75
76
76
76
76
76
76
53
75
58
2
3
4
5
24
21
20
25
29
19
18
15
13
6
6
3
22
7
22
7
24
28
28
28
28
52
49
43
45
42
40
61
68
68
68
66
63
56
37
37
38
38
38
38
40
41
41
39
36
23
23
23
27
27
27
29
27
27
28
28
28
8
29
29
51
32
32
33
35
35
60
60
60
60
60
60
58
59
30
30
33
34
31
30
30
29
29
29
69
28
35
23
7
24
44
69
61
58
28
29
29
31
27
29
30
39
5
61
42
76
56
