1
1
1
1
1
1
77
77
1
1
1
1
1
2
2
2
2
13
2
2
13
2
2
2
2
77
77
77
77
77
77
77
77
77
77
77
77
77
77
77
77
77
3
3
3
3
3
3
3
3
4
4
3
4
4
4
4
4
4
4
4
4
4
5
4
16
4
5
5
5
5
5
5
5
5
5
6
6
6
6
6
6
6
6
6
6
6
6
6
6
6
6
6
6
6
6
6
6
6
6
7
6
6
6
6
7
7
7
7
7
7
7
7
7
7
7
7
7
7
7
7
7
7
7
7
8
8
8
7
7
8
8
8
8
8
8
8
8
8
8
32
8
8
9
9
10
10
10
10
10
10
10
10
11
11
11
11
11
11
12
12
13
12
13
12
2
14
13
14
14
14
14
14
14
14
14
14
15
15
15
17
15
17
15
15
15
15
15
15
19
16
16
16
16
16
16
16
16
16
16
16
16
16
16
16
17
17
17
17
17
17
17
17
17
17
19
18
20
19
15
19
19
19
19
19
19
19
19
19
19
19
19
19
20
20
19
20
20
5
16
20
20
20
20
5
5
22
22
5
20
20
20
20
20
20
20
20
22
22
22
22
22
22
24
22
22
23
23
23
23
23
23
20
23
23
23
23
23
23
23
23
24
24
24
24
24
24
24
24
24
24
24
24
24
24
24
24
24
24
24
24
24
24
24
24
24
24
24
24
24
24
19
25
25
25
25
25
19
25
25
25
25
25
25
25
25
25
25
25
25
25
25
26
27
26
23
25
26
26
26
26
26
26
27
27
27
27
27
27
32
28
27
27
28
27
28
28
28
28
29
29
29
29
29
29
30
30
29
30
30
30
30
30
30
30
30
30
30
28
28
28
28
31
28
28
31
32
8
32
33
32
34
34
34
34
35
34
35
35
35
35
36
38
38
35
38
38
38
38
38
38
38
39
39
39
39
39
39
39
41
40
40
42
39
41
41
41
41
39
41
41
41
41
42
42
42
42
42
42
42
42
42
43
43
43
43
43
43
43
43
43
43
43
46
43
43
69
44
44
44
44
49
44
44
47
45
43
46
46
46
46
46
46
46
52
47
48
48
48
48
46
49
49
49
73
49
49
49
49
53
49
49
53
49
50
50
50
51
51
51
52
51
52
52
52
52
53
53
53
53
53
53
53
53
54
51
55
54
56
56
56
56
56
56
56
56
56
57
56
57
57
57
58
58
56
57
58
58
58
58
58
59
59
60
60
60
60
60
61
61
61
61
61
61
61
61
61
61
61
61
61
61
61
62
56
62
62
67
63
58
63
63
63
63
65
64
64
64
64
64
64
65
65
65
65
65
65
66
66
66
65
66
66
66
66
70
66
67
67
67
67
67
67
67
67
67
67
67
67
67
67
67
67
67
67
68
68
68
68
68
68
71
68
69
69
69
69
69
69
69
69
69
69
70
70
70
70
70
70
70
70
71
68
71
71
71
71
71
71
71
71
71
71
71
71
71
72
72
72
72
72
75
72
73
73
73
73
73
73
73
73
74
74
74
74
75
75
72
75
75
75
76
76
76
76
76
10
53
75
56
1
3
4
22
22
21
20
23
25
19
19
15
13
6
6
6
22
22
22
7
7
27
28
28
28
43
49
45
45
42
40
61
61
61
67
66
67
56
37
61
38
38
38
39
40
41
40
36
36
23
23
27
27
27
27
27
27
27
27
27
28
8
27
29
51
32
32
35
34
35
60
60
60
60
60
60
59
59
30
30
35
34
31
31
29
29
29
30
69
32
34
23
8
32
44
69
61
58
28
29
29
31
29
29
30
39
5
61
42
76
65
