1
2
1
1
1
1
77
77
1
1
1
2
2
2
2
2
2
2
2
2
13
2
2
2
2
77
77
77
77
77
2
77
77
77
77
3
77
77
77
3
77
4
4
3
3
3
3
3
3
3
4
3
3
4
4
4
4
4
4
4
4
4
5
4
5
5
5
5
5
5
5
5
5
5
5
5
3
3
6
6
3
6
6
3
3
3
6
6
6
6
6
6
6
6
5
6
5
5
6
7
6
6
6
6
6
6
7
6
7
7
7
6
7
7
7
7
7
7
7
7
7
7
7
8
24
7
8
7
8
8
8
7
8
8
8
8
8
8
8
8
8
8
24
9
9
10
12
12
10
10
10
10
10
11
11
11
11
11
11
12
12
12
13
13
13
13
14
14
16
14
14
16
16
14
14
14
14
11
15
15
15
11
17
15
15
11
15
15
15
19
14
16
16
16
14
16
14
16
5
5
16
16
16
16
16
17
17
17
17
17
76
17
17
17
17
17
18
19
19
15
17
19
19
19
19
19
19
19
19
19
19
19
19
20
20
20
19
20
5
21
21
21
21
21
21
21
21
22
22
22
22
22
22
20
20
22
22
23
23
22
22
24
22
22
22
22
23
22
22
23
23
22
23
23
23
23
22
23
23
23
26
24
22
24
24
24
23
24
24
24
24
24
24
24
24
24
24
24
24
28
24
24
23
27
28
24
28
28
28
28
28
19
19
25
18
25
19
25
23
25
25
25
25
25
23
23
25
25
25
25
29
29
26
23
23
26
25
26
26
26
23
26
26
26
27
27
27
29
27
28
28
28
28
32
29
28
29
28
28
29
29
30
30
29
29
29
30
30
30
30
30
30
30
30
30
30
29
30
32
31
28
28
31
31
31
31
32
32
32
32
33
34
34
34
34
35
35
35
35
38
35
36
36
38
35
38
38
41
38
41
41
41
39
39
39
38
39
39
39
40
40
40
42
41
41
41
41
41
41
41
42
41
41
42
42
41
40
40
42
42
42
42
43
43
43
43
69
43
43
43
43
45
46
43
43
43
45
44
69
44
44
44
49
44
49
45
46
46
46
46
46
46
46
46
48
47
45
48
48
48
48
49
49
50
49
49
50
49
50
49
49
49
53
49
50
50
50
51
51
51
48
52
52
48
52
52
49
53
75
53
53
53
53
54
54
54
55
55
30
30
56
57
56
56
56
56
56
57
57
57
57
57
58
58
58
57
58
58
58
59
58
61
59
60
60
31
60
60
61
61
61
37
61
61
61
61
61
67
61
61
61
68
68
63
62
62
62
58
58
63
63
58
63
65
64
64
64
64
64
64
64
65
64
65
65
65
64
66
66
65
65
66
66
65
65
66
65
67
67
61
67
67
67
67
67
67
67
67
67
67
67
67
67
71
67
68
67
68
68
68
68
69
68
68
69
42
69
69
69
44
69
69
69
65
70
70
70
70
70
70
70
71
71
71
71
71
70
70
71
44
71
71
70
71
71
49
72
72
72
72
74
74
75
73
73
73
73
72
73
73
75
74
74
74
74
75
75
75
74
75
75
76
76
76
76
76
10
53
74
30
2
3
4
22
22
21
20
25
29
18
18
14
4
6
3
3
22
22
24
7
7
28
28
28
28
46
49
45
45
42
69
37
68
68
67
63
63
56
37
37
38
38
38
39
41
41
41
36
36
23
23
26
27
27
27
27
27
28
28
29
29
8
29
29
55
33
32
33
35
35
60
60
60
60
60
60
59
59
30
30
33
31
29
59
30
30
29
30
69
32
35
23
24
24
44
69
61
58
29
29
29
31
29
29
58
38
5
37
42
76
56
