1
1
1
1
1
1
1
1
1
1
1
1
1
2
2
2
4
2
4
13
13
13
2
2
4
77
77
77
1
1
77
77
77
77
77
77
77
77
77
77
77
77
3
77
3
3
3
3
3
3
3
3
3
4
4
4
4
4
4
4
4
14
4
5
4
4
4
5
5
4
4
5
5
5
7
5
6
6
6
6
6
6
6
6
6
6
6
6
6
6
6
6
6
6
6
6
5
7
6
7
6
6
7
6
6
6
6
7
7
7
7
7
7
7
7
7
7
7
7
7
7
7
7
7
7
8
8
8
7
8
8
8
8
8
8
8
8
8
8
28
8
8
8
9
9
10
10
10
10
10
10
10
11
11
11
11
11
11
11
12
12
12
12
13
13
13
14
14
14
14
14
14
14
14
14
14
14
16
15
15
15
15
15
15
15
15
19
15
15
19
16
16
16
14
16
16
16
16
21
16
16
16
16
16
16
17
17
17
17
17
17
17
17
18
17
17
18
19
19
19
17
19
19
19
19
19
19
19
19
19
19
19
19
20
20
20
20
20
21
22
16
22
16
22
22
21
21
22
22
22
22
22
22
22
20
20
22
22
22
22
22
22
22
22
22
23
22
22
23
23
23
23
23
23
23
23
23
23
23
23
23
24
24
24
24
24
23
24
24
24
24
24
24
24
24
24
24
24
24
24
24
24
24
24
24
24
24
24
24
24
24
25
25
25
25
25
25
25
19
25
25
25
25
26
25
25
26
25
25
25
25
25
26
23
26
26
26
26
26
26
26
29
29
26
27
27
27
27
29
28
28
28
28
28
28
28
28
28
28
29
29
29
29
29
29
30
30
30
30
30
30
31
30
30
30
30
29
29
31
28
28
31
31
28
31
28
32
32
32
32
35
34
34
34
34
35
35
35
36
38
35
36
38
38
35
38
38
38
38
38
38
38
39
39
39
39
41
39
39
40
40
40
40
41
39
41
41
41
41
41
41
41
41
42
42
41
42
42
42
42
42
42
43
43
42
43
43
43
43
43
43
43
43
43
43
43
44
44
44
44
44
44
44
44
44
45
46
46
46
46
46
43
48
46
46
47
45
48
48
48
48
49
49
49
49
49
49
49
49
49
49
49
49
49
50
50
50
51
51
51
46
46
46
46
52
51
53
53
53
53
53
53
53
53
54
54
55
51
56
56
56
56
56
56
56
56
56
57
57
57
57
57
58
58
58
58
58
58
58
58
61
61
59
59
60
60
60
60
61
61
61
61
61
61
61
61
61
61
61
61
61
61
61
62
62
62
62
63
63
63
63
66
63
63
64
64
64
64
64
64
64
65
65
65
65
65
65
66
66
66
65
66
66
65
65
66
65
67
67
67
67
67
67
67
67
67
67
67
67
67
66
67
67
67
67
68
68
68
68
68
68
68
68
69
69
69
69
69
69
69
69
69
69
70
70
70
70
70
70
70
70
71
71
71
71
71
71
71
71
71
71
71
70
71
71
49
72
72
72
72
74
72
75
73
73
73
73
73
73
73
73
74
74
74
74
75
75
75
75
75
49
76
76
76
76
76
10
53
75
30
4
3
4
22
22
16
20
19
26
19
18
16
13
6
6
3
22
22
22
7
8
28
28
28
28
46
49
43
45
42
40
61
61
68
67
66
66
56
37
61
38
38
38
38
40
41
41
36
36
23
23
27
27
27
24
27
27
28
28
28
28
8
29
29
51
33
28
35
35
35
60
60
60
60
60
60
59
59
30
30
35
34
28
31
29
29
29
30
69
28
35
23
8
24
44
69
61
58
28
29
29
31
28
29
30
38
5
61
42
76
56
