1
1
1
1
1
2
1
77
2
2
2
1
1
14
1
1
2
2
2
2
14
2
2
77
77
77
77
77
77
77
77
77
77
77
77
77
77
77
77
77
77
77
3
3
77
3
3
3
3
3
3
3
3
77
2
77
2
77
16
14
14
14
4
16
16
16
16
16
5
16
16
22
22
22
7
22
3
6
6
6
6
3
6
6
6
6
6
6
6
6
6
6
6
6
6
22
22
6
6
6
6
6
6
6
6
6
6
7
7
7
7
7
7
7
7
7
7
7
7
7
7
7
7
7
7
7
7
7
7
24
24
7
7
7
7
7
7
32
8
7
8
24
24
9
10
10
10
12
10
10
76
10
10
15
10
11
11
10
15
12
15
14
15
14
14
13
14
14
14
14
14
14
14
16
14
16
14
15
15
15
15
15
15
15
15
15
19
16
19
19
16
16
16
16
16
16
14
16
16
16
16
16
20
20
16
17
15
17
17
76
76
17
17
17
15
15
17
19
19
19
19
19
19
19
19
19
19
19
19
25
19
19
19
20
20
20
20
20
16
20
22
20
16
22
22
22
16
16
21
22
20
22
20
22
22
20
22
22
22
22
22
22
22
24
24
22
23
22
23
23
23
22
23
23
23
23
23
23
23
23
23
24
24
24
22
24
24
24
24
24
24
24
24
24
24
24
24
28
24
28
24
24
23
28
28
28
28
24
24
24
28
25
19
19
18
25
25
25
25
25
25
25
25
25
25
23
25
25
25
25
25
25
25
23
23
25
25
25
26
23
23
23
25
29
23
27
27
29
29
24
28
28
28
28
23
29
29
29
29
29
29
29
29
29
29
29
30
30
30
59
59
59
30
30
30
30
30
30
31
28
29
29
28
29
28
29
8
28
28
33
28
35
35
34
34
35
35
35
38
35
38
35
38
38
38
38
38
38
38
40
38
40
39
39
39
40
40
41
39
41
40
40
40
39
41
41
41
41
41
41
42
41
41
42
42
42
41
42
41
42
42
42
42
42
43
42
43
43
43
43
43
43
43
43
43
46
44
69
44
44
44
49
44
45
44
69
46
43
46
43
46
46
46
46
48
47
48
48
48
48
46
44
49
49
49
49
49
49
49
49
49
53
49
49
49
50
53
48
48
48
46
46
51
52
51
55
53
53
75
75
53
53
53
53
53
53
54
53
57
57
56
56
56
56
56
56
56
57
57
56
57
57
58
30
58
58
30
58
58
61
61
59
61
59
60
28
59
60
61
61
61
61
61
61
61
61
63
63
61
67
61
67
61
57
57
62
62
63
58
63
63
63
66
63
56
56
56
56
64
64
66
66
56
65
65
66
66
66
66
66
66
66
67
66
66
66
66
67
67
67
67
67
67
67
67
67
67
67
67
67
67
67
71
67
71
67
67
69
68
68
69
71
68
69
69
69
69
69
71
71
69
69
44
71
70
70
70
71
70
71
70
71
71
67
71
71
71
71
71
71
71
70
70
71
71
49
71
73
73
73
73
73
72
73
71
73
71
73
49
73
75
75
75
74
75
75
75
75
75
75
75
76
76
76
76
76
10
53
75
30
2
3
16
22
22
16
19
25
29
19
19
16
14
6
6
3
22
22
22
22
7
28
28
28
28
48
49
69
69
42
40
61
61
69
67
66
67
56
37
37
38
38
35
38
40
41
41
36
38
23
23
23
23
23
23
27
23
28
28
29
29
24
29
29
51
28
8
35
35
35
60
60
60
60
60
28
59
59
30
30
35
60
29
59
30
29
29
30
69
28
35
23
24
24
49
69
61
58
29
29
29
28
29
29
30
40
16
61
42
76
56
