1
1
1
1
1
1
1
1
1
1
1
2
2
2
2
1
1
1
1
4
2
2
2
2
2
77
77
77
1
77
77
77
77
77
77
77
77
77
77
77
3
77
3
3
3
3
3
3
3
3
3
3
3
2
4
4
4
4
4
4
4
4
4
5
5
4
5
5
5
5
5
5
5
5
5
5
6
6
6
6
6
6
6
6
6
6
6
6
6
6
6
6
6
6
6
6
6
7
6
6
6
6
6
6
6
6
7
7
7
7
7
7
7
7
7
7
7
7
7
7
7
7
7
7
7
7
8
8
7
7
8
8
8
7
32
8
8
32
8
32
32
8
8
9
9
10
10
10
10
10
10
11
10
11
11
11
11
11
11
12
12
12
12
13
12
13
14
14
14
14
14
14
14
14
14
14
14
15
15
15
15
15
15
15
15
15
15
15
15
15
16
16
16
16
16
16
16
16
16
16
16
16
16
16
16
17
17
17
17
17
17
17
17
18
17
17
18
20
19
15
19
19
19
19
19
19
19
19
20
19
19
19
19
20
20
20
20
20
21
20
20
21
21
21
21
22
5
5
22
22
22
22
20
20
20
20
20
20
22
22
22
22
22
22
22
22
22
20
23
23
23
23
23
23
23
23
23
23
23
23
23
24
24
24
24
24
23
23
24
24
24
24
24
24
24
24
24
24
24
24
24
24
24
24
24
24
28
28
24
24
24
25
25
25
25
25
25
25
25
25
25
25
25
25
25
25
25
25
25
25
25
25
25
27
23
26
23
25
26
26
26
26
29
27
27
27
27
27
27
28
28
27
28
28
28
31
28
28
60
29
29
30
29
29
29
30
30
30
30
29
30
30
30
30
30
30
30
30
31
31
31
31
31
60
60
31
32
32
32
32
33
60
34
34
34
35
35
35
35
35
35
38
38
38
38
38
38
38
38
40
38
39
36
39
39
39
39
39
39
40
40
40
40
39
41
40
41
41
41
41
41
41
41
42
42
42
42
42
42
42
42
42
42
43
43
43
43
43
42
43
43
43
46
43
43
43
44
44
69
44
44
44
44
44
44
45
46
46
46
46
46
46
46
46
46
47
48
48
48
48
48
49
49
49
49
49
49
50
49
49
49
49
49
49
49
50
50
51
51
51
46
52
52
46
55
52
53
53
75
53
53
53
53
53
54
54
51
51
56
56
56
56
56
56
56
56
56
57
57
57
57
57
58
58
58
58
58
58
58
58
58
59
59
59
60
60
60
60
61
61
61
61
61
61
61
61
61
61
61
61
61
61
61
62
56
62
62
63
63
62
62
63
63
62
64
64
64
64
64
64
64
65
62
65
65
65
65
66
66
66
66
63
66
66
66
70
65
67
67
67
61
67
67
67
67
67
67
67
67
66
66
66
67
67
67
61
61
68
61
68
68
71
71
69
69
42
69
69
69
69
69
69
69
70
70
70
70
70
70
70
70
71
71
71
71
71
71
71
71
71
71
71
71
71
71
71
72
72
72
72
72
75
72
73
73
73
73
73
73
73
73
74
74
74
75
75
75
75
75
75
75
76
76
76
76
76
10
53
75
30
77
3
4
7
22
21
20
23
25
19
18
16
13
6
6
6
22
22
24
7
7
60
28
60
28
46
49
43
45
42
40
61
61
61
67
63
63
56
37
37
38
38
38
38
40
41
40
36
36
23
23
27
27
27
27
27
27
27
28
28
28
7
29
29
51
60
32
35
35
35
60
60
60
60
60
60
59
59
30
30
35
34
31
31
29
29
29
29
69
60
35
23
8
24
44
69
61
58
31
29
30
60
28
29
30
39
5
61
42
76
56
