1
1
1
1
77
1
1
1
77
1
1
2
2
2
2
4
4
2
4
4
2
2
2
2
4
77
77
77
77
77
1
77
77
77
77
77
77
77
77
77
3
77
3
3
3
3
3
3
3
3
3
3
3
4
4
4
4
4
4
4
4
5
4
3
5
5
5
5
5
5
5
5
5
5
5
22
3
3
5
5
6
6
6
6
6
6
6
6
6
6
6
6
6
6
6
6
6
6
6
6
6
6
6
6
7
6
7
7
7
7
7
7
7
7
7
7
7
7
7
7
7
7
7
7
7
8
8
8
8
8
8
8
8
8
8
8
8
8
8
8
8
32
8
9
9
10
10
12
10
10
10
10
10
11
11
10
11
11
12
12
12
12
12
13
13
13
14
14
14
13
14
14
14
14
14
14
14
15
15
15
15
15
15
15
15
15
19
15
15
15
16
16
14
16
16
16
16
16
16
16
16
16
16
16
16
17
17
17
17
76
17
17
17
17
17
17
18
19
19
19
19
19
19
19
19
19
19
19
19
19
19
19
19
20
20
20
20
21
21
20
21
21
21
22
21
21
21
22
21
22
22
22
22
21
22
21
22
22
22
22
22
22
22
22
22
24
22
22
22
22
23
23
23
23
23
23
23
23
23
23
23
24
24
22
24
24
24
24
24
24
24
24
24
24
24
24
24
24
24
24
24
24
24
24
24
24
24
24
24
28
24
25
19
25
25
25
25
25
23
23
25
25
25
25
25
23
23
25
25
25
25
25
25
27
26
23
26
26
23
26
26
27
26
27
27
27
27
27
27
28
24
27
28
32
27
27
28
28
28
29
29
30
29
30
29
30
30
30
30
30
30
30
30
30
30
29
30
30
32
32
28
31
28
28
31
31
32
8
8
33
34
34
34
34
34
35
35
35
35
35
35
36
38
38
38
38
38
38
38
38
38
38
36
39
39
39
39
39
39
40
40
40
40
39
41
41
41
41
41
41
41
41
42
42
42
42
42
42
42
42
42
42
42
43
43
43
43
43
43
43
43
43
43
43
43
43
44
44
69
44
44
49
44
44
44
45
43
46
46
43
46
46
46
46
46
47
48
48
48
48
48
49
49
49
49
49
49
50
49
50
49
49
49
49
50
50
50
48
51
51
46
51
51
52
52
52
53
49
53
53
53
53
53
53
54
54
55
54
56
56
56
56
56
56
56
56
56
57
56
57
57
57
58
58
57
58
58
58
58
58
58
61
59
59
60
31
60
60
61
61
61
61
61
61
61
61
58
61
61
61
61
61
61
62
62
62
62
63
63
63
63
63
66
63
64
64
64
64
64
64
64
65
65
65
65
65
65
66
66
66
66
66
66
66
66
66
65
67
67
61
67
67
67
67
67
67
67
67
67
67
67
67
67
67
67
61
67
68
68
67
68
68
67
69
69
69
69
69
69
44
69
69
69
70
65
70
70
70
70
71
70
71
71
71
71
71
71
71
71
71
71
71
71
71
71
71
72
72
72
72
72
75
72
73
73
73
73
73
49
73
73
74
74
74
74
49
75
75
72
75
75
76
76
76
76
76
10
53
72
30
1
3
4
22
22
21
20
23
26
19
25
15
13
5
6
3
22
22
22
7
7
28
28
28
28
46
71
43
45
42
40
38
68
68
67
66
63
56
37
38
38
38
38
39
40
41
41
36
36
23
23
23
27
27
27
27
27
28
28
28
31
8
27
29
51
32
32
35
35
35
60
60
60
60
34
34
59
59
30
30
35
34
31
31
29
29
29
30
69
32
35
23
8
24
44
69
61
58
31
29
29
31
29
29
30
40
5
61
42
76
56
