1
2
1
1
1
1
1
1
1
1
1
2
2
2
2
2
2
13
2
13
13
2
2
2
2
77
77
1
1
2
2
77
77
77
77
77
77
77
77
77
77
77
4
4
4
3
3
3
3
3
3
4
3
4
4
4
4
4
4
4
4
4
5
4
5
5
5
5
5
5
5
5
5
5
5
5
4
4
5
4
6
6
6
3
3
6
6
3
6
6
6
6
6
5
4
4
5
5
5
5
5
5
6
5
6
7
5
7
7
7
7
7
7
7
7
21
21
21
7
7
7
7
22
8
22
8
8
8
8
8
8
8
8
8
8
8
32
32
32
8
32
28
28
9
9
9
10
12
10
76
76
10
10
10
10
11
11
11
11
12
12
12
12
13
13
13
14
14
14
14
14
14
14
14
14
14
14
15
11
11
15
15
15
15
15
15
19
16
15
18
16
16
16
16
14
16
16
16
16
16
21
21
16
16
21
17
17
17
17
76
76
76
17
18
17
17
18
19
19
19
18
18
18
19
19
19
19
19
19
19
19
19
19
20
20
20
20
20
21
21
21
21
21
21
21
21
21
21
22
21
22
22
22
22
22
22
22
22
21
22
21
22
22
22
22
22
22
22
22
24
23
23
23
23
23
23
26
23
26
26
26
24
24
22
24
24
24
24
24
22
22
24
24
24
24
24
24
24
24
24
24
24
23
23
28
28
24
24
28
24
24
19
18
18
18
25
18
19
25
25
25
25
25
26
25
25
23
26
25
25
26
23
23
26
26
26
23
23
23
26
26
27
26
27
27
27
27
27
29
28
28
27
27
32
27
28
28
28
28
29
29
29
29
29
29
30
30
30
30
31
30
31
30
30
30
30
30
30
31
32
28
31
31
31
31
31
32
32
32
32
33
34
34
34
34
35
35
35
35
35
35
36
38
38
34
38
38
38
38
38
38
38
36
39
39
40
39
39
39
40
40
40
40
39
39
40
41
41
41
41
42
41
41
42
42
42
42
40
42
42
42
42
42
43
43
43
43
43
43
46
43
43
46
43
43
46
45
45
45
44
44
44
44
44
49
45
46
46
46
46
46
46
46
46
46
47
48
45
48
48
48
44
49
49
49
49
49
50
50
49
49
53
49
49
50
50
50
46
51
51
52
46
52
52
52
52
53
53
75
75
53
53
53
53
54
54
55
55
56
56
56
56
56
56
56
56
56
57
56
57
57
62
31
31
56
58
58
58
58
58
58
31
59
59
60
31
31
60
61
61
61
68
61
61
61
61
58
58
61
67
61
61
68
62
62
62
62
63
58
63
63
63
63
62
56
64
64
64
64
64
64
65
56
65
65
65
65
66
66
66
65
66
66
65
66
65
65
68
68
67
58
58
58
67
67
68
68
67
67
67
67
67
67
67
67
68
68
68
68
68
68
68
68
42
69
42
69
69
69
68
68
69
45
65
70
70
70
70
70
65
72
71
71
65
65
71
71
71
71
71
71
71
71
71
49
49
72
72
72
72
75
72
72
73
73
73
73
73
49
73
75
74
74
74
75
75
75
75
75
75
75
76
76
76
76
76
76
53
75
56
1
3
4
21
22
21
20
25
26
18
18
16
13
4
3
3
22
22
22
21
22
28
28
28
28
46
49
45
45
42
40
40
68
68
67
66
63
56
37
68
38
38
38
40
40
41
40
36
36
23
23
27
27
27
23
27
27
28
27
28
28
8
29
29
51
32
32
33
33
35
60
60
60
60
60
60
31
59
30
30
33
34
31
31
29
30
29
30
69
32
35
23
8
24
44
42
61
58
28
29
30
31
29
30
31
40
5
68
42
76
56
