1
1
1
1
77
1
1
77
1
1
2
2
2
2
2
1
2
2
2
2
2
4
2
2
2
77
77
77
77
77
77
4
4
77
4
77
77
77
3
77
77
4
3
3
3
77
3
3
3
3
3
3
3
4
4
4
4
4
4
4
4
14
5
5
5
5
5
5
5
5
5
5
5
5
5
5
3
6
6
6
6
6
6
5
6
6
5
6
6
6
6
6
6
6
6
6
6
7
6
6
7
6
6
7
6
7
7
7
7
7
7
7
7
7
7
6
7
7
7
7
7
7
7
8
7
8
8
8
8
8
32
8
7
7
8
8
8
8
8
8
32
32
8
9
9
9
11
10
10
10
76
10
10
11
11
11
11
12
11
12
12
12
12
13
13
13
13
14
14
14
14
14
14
16
14
14
14
15
15
11
15
15
15
17
15
19
19
15
19
17
16
16
16
16
14
16
16
16
5
16
21
16
16
16
21
17
15
17
17
17
76
76
17
17
17
17
18
15
15
19
19
19
19
19
19
19
19
20
19
19
19
25
19
20
20
20
20
20
5
21
21
21
21
21
21
22
22
22
22
21
22
22
22
21
20
21
22
21
21
21
22
5
22
22
22
22
22
22
22
22
22
23
23
23
23
23
23
23
23
23
27
24
24
24
22
22
22
23
24
22
24
24
24
24
24
24
28
24
24
24
24
24
23
27
24
28
24
28
28
24
24
25
25
25
25
25
25
25
25
25
26
25
25
26
25
25
26
25
25
25
26
26
26
23
23
26
26
26
26
26
26
26
29
29
27
27
27
27
27
24
28
27
28
32
28
28
28
28
28
29
29
29
29
29
29
30
30
30
30
30
30
58
30
29
30
30
29
30
31
31
28
31
28
31
31
28
32
8
32
33
33
34
34
34
34
35
35
36
35
35
38
35
35
38
38
38
38
39
38
38
38
38
36
36
39
39
39
39
39
40
40
40
69
39
41
41
41
41
41
41
41
41
42
42
42
42
42
40
42
42
42
69
42
43
43
43
69
43
43
43
46
43
46
43
43
46
45
47
44
44
44
49
44
47
44
45
46
46
46
43
46
46
48
46
52
47
48
48
48
48
48
49
49
50
49
49
49
50
49
49
49
49
49
49
50
50
50
51
48
51
52
52
52
52
52
52
53
53
53
53
53
53
53
53
54
54
55
51
30
30
56
56
56
56
56
56
56
57
57
57
57
57
58
58
30
57
58
58
58
58
58
59
59
59
60
31
60
60
59
61
61
68
61
61
61
61
61
63
61
61
61
68
61
57
62
62
62
63
58
63
63
58
63
63
56
64
64
64
64
64
64
65
64
64
65
65
65
66
67
66
65
66
66
65
65
66
66
67
67
61
61
67
61
67
67
67
67
67
61
67
67
67
67
67
67
68
68
68
68
68
68
68
68
69
69
69
69
69
69
44
44
44
44
70
70
70
70
70
70
70
70
71
71
67
70
71
71
71
71
71
71
72
71
72
72
71
72
72
72
72
75
72
72
73
73
73
73
73
49
73
49
75
74
74
74
75
72
72
75
75
75
76
76
76
76
76
76
53
75
30
2
3
3
5
24
21
20
25
26
19
18
15
13
5
5
6
22
22
22
6
22
28
28
28
28
46
49
43
45
69
40
69
68
69
67
67
63
56
37
61
38
39
38
39
40
41
39
36
36
23
23
27
27
27
27
27
27
28
28
28
28
8
29
29
51
32
32
35
36
35
59
59
60
60
60
60
31
59
30
30
33
60
31
31
29
29
30
30
69
28
35
23
8
24
44
69
61
58
28
29
29
31
29
29
58
38
5
61
42
76
56
