1
2
2
1
77
1
1
1
1
1
1
2
2
2
1
1
2
2
2
4
13
4
2
4
2
77
77
77
77
77
2
77
77
77
77
77
77
77
77
77
77
77
3
3
3
3
3
3
3
3
3
3
3
4
4
4
4
4
4
4
4
5
4
5
5
5
5
5
5
5
5
5
5
5
5
5
6
6
6
6
6
6
6
6
6
6
6
6
6
6
6
6
6
6
6
6
6
6
7
7
6
6
6
6
6
6
6
7
7
7
7
7
7
7
7
7
7
7
7
7
7
7
7
7
7
8
8
8
8
8
8
8
8
8
8
8
8
8
32
8
32
8
8
9
9
9
10
10
10
10
10
11
10
11
11
11
11
11
11
12
12
12
12
13
14
13
14
14
14
14
12
14
14
16
14
14
14
11
11
15
15
11
15
15
15
15
19
15
15
15
16
16
16
16
16
16
16
16
16
16
16
16
16
16
16
17
17
17
17
17
17
17
17
17
18
17
18
19
19
19
19
19
19
19
19
19
19
19
19
19
19
19
19
20
20
20
19
20
5
21
21
21
21
22
21
22
22
22
22
21
22
22
20
21
20
20
22
22
22
22
5
5
5
22
22
22
23
22
22
23
23
23
23
23
23
23
23
23
23
26
26
24
24
24
24
24
23
24
24
24
24
24
24
24
24
24
24
24
24
24
24
24
24
24
24
24
24
28
24
24
24
19
19
25
25
25
19
25
25
25
19
25
25
25
25
25
25
25
25
25
25
25
26
26
23
26
23
26
26
26
26
26
26
27
27
27
27
27
27
32
28
28
27
28
28
29
28
28
28
29
29
29
29
30
29
30
30
30
30
30
30
30
30
30
30
30
30
30
28
31
31
31
31
29
31
31
32
8
32
33
34
34
34
34
34
35
35
35
38
35
35
36
38
38
38
38
38
38
38
38
38
38
36
39
39
38
39
39
39
40
40
40
40
41
41
41
41
41
41
41
41
41
41
42
42
42
42
40
42
42
42
42
42
43
43
43
69
43
43
43
43
43
43
43
43
43
44
47
44
47
44
44
44
44
49
45
51
46
46
46
46
46
46
51
51
47
48
48
48
48
48
49
49
49
49
49
49
49
49
49
49
49
49
49
50
50
50
51
51
51
51
51
52
51
51
52
49
53
53
53
53
53
53
53
55
54
51
55
30
56
56
56
56
56
56
56
64
57
57
57
57
57
59
58
30
58
58
58
58
58
58
59
59
61
60
60
60
60
61
61
61
61
61
61
61
61
61
61
61
67
61
61
61
62
57
62
62
63
63
63
63
63
63
63
64
64
64
64
64
64
64
62
65
65
65
65
65
66
63
66
66
66
66
66
66
66
66
67
67
67
67
63
67
67
67
67
67
67
67
67
66
67
67
67
67
67
68
68
68
68
68
71
71
69
69
69
69
44
69
69
44
69
69
70
70
70
70
70
70
71
72
71
71
71
71
71
71
71
69
69
71
71
71
71
71
49
72
72
72
72
72
72
72
73
73
71
73
73
73
73
73
75
74
74
74
73
75
75
75
75
75
76
76
76
76
76
10
53
75
30
1
3
4
5
24
21
20
25
25
19
18
15
4
6
6
6
22
7
22
7
7
28
28
28
28
46
49
43
45
42
40
69
61
61
67
66
63
56
37
37
38
38
38
38
40
41
40
36
36
23
23
26
27
27
27
27
27
27
28
27
28
8
29
29
51
32
32
34
35
35
60
60
60
60
60
31
59
31
30
30
34
34
31
31
30
29
29
30
69
28
35
23
8
24
44
69
61
58
29
29
29
31
29
29
30
38
5
61
42
76
56
