1
1
1
1
1
1
1
1
1
1
1
2
2
2
2
2
2
2
2
13
13
2
2
2
2
77
77
77
1
77
77
4
4
77
4
77
77
77
3
77
77
77
3
3
3
3
3
3
3
3
4
4
3
4
4
4
4
4
4
5
5
5
4
4
5
5
5
5
5
5
5
5
5
5
5
5
3
6
6
6
3
3
6
6
6
3
3
6
6
6
6
6
6
6
6
6
6
6
7
7
7
6
6
6
7
6
6
7
6
7
7
7
7
7
7
5
7
22
7
7
7
7
7
7
7
8
8
8
7
8
8
8
8
8
8
32
8
8
32
8
8
8
8
9
9
9
10
10
10
10
10
11
10
11
11
11
11
11
11
12
12
12
12
13
13
13
14
13
14
14
13
14
14
14
14
14
14
15
15
15
17
11
17
15
15
15
19
15
15
17
13
16
14
16
16
16
16
5
21
16
16
16
16
16
16
17
17
17
17
17
17
17
17
18
17
17
18
19
19
19
19
17
19
19
19
25
25
19
20
25
19
19
19
20
20
20
20
20
21
21
21
21
21
21
21
21
21
22
21
21
22
21
22
22
20
20
22
22
22
22
22
22
22
22
22
24
23
22
22
24
23
22
23
23
23
23
23
23
23
26
26
22
24
24
24
24
24
24
24
24
24
24
24
24
22
24
24
24
24
24
23
24
23
23
24
24
24
24
24
22
22
25
19
19
18
25
19
19
25
25
25
25
25
26
26
26
25
25
25
25
25
25
25
26
26
26
26
26
26
26
26
26
29
27
27
27
27
27
27
32
28
28
28
28
27
31
31
28
28
29
29
29
29
29
29
30
29
30
30
30
30
30
30
30
30
30
29
30
28
28
31
31
31
34
31
31
32
32
32
32
33
34
34
34
34
35
35
35
38
35
35
36
36
38
38
38
38
38
38
38
40
38
39
36
39
39
39
39
39
40
40
40
40
39
41
40
41
41
41
41
41
41
41
41
41
42
42
40
40
42
42
42
42
43
43
43
69
43
43
43
46
43
43
43
46
46
44
47
44
44
44
49
44
47
44
45
46
46
46
46
46
46
46
46
46
47
48
51
51
48
48
49
49
49
49
49
49
50
50
49
49
49
49
49
51
50
50
51
51
51
52
52
51
52
52
52
53
49
53
53
53
53
53
53
54
54
55
54
57
57
56
57
56
56
56
56
56
57
57
57
57
57
31
30
58
58
58
58
58
58
61
59
59
60
60
60
60
60
60
60
61
68
61
61
61
60
61
61
61
61
61
61
68
62
62
62
65
61
63
63
63
63
63
65
64
64
64
64
64
64
64
65
65
65
65
65
64
66
66
66
65
66
66
66
66
66
66
67
67
67
61
67
67
67
67
67
67
67
67
67
67
67
71
67
67
67
68
68
68
68
68
68
68
69
69
42
69
69
68
68
69
69
69
66
70
70
70
70
70
70
70
71
71
71
71
71
71
71
71
71
71
71
71
71
73
71
72
72
72
72
72
75
75
73
73
73
73
73
49
73
49
72
74
74
74
75
75
72
75
75
53
76
76
76
76
76
10
53
75
30
1
3
4
22
22
21
20
25
25
19
18
15
13
6
6
3
22
22
24
22
22
28
28
28
28
46
49
43
45
42
40
69
68
68
67
66
66
56
37
40
38
38
38
38
40
41
41
36
36
23
23
27
27
27
27
29
27
28
28
28
28
7
29
29
51
32
32
35
35
35
59
60
60
60
34
60
31
59
30
30
35
34
31
31
29
29
29
29
69
28
35
26
8
22
44
69
61
58
31
29
29
34
29
29
30
38
5
68
42
76
56
