1
2
1
1
1
1
1
1
1
2
2
2
2
2
2
2
2
2
2
2
2
2
2
4
2
77
77
77
77
1
77
77
77
77
77
77
3
3
77
3
77
77
4
3
77
3
3
3
3
3
4
3
3
4
4
4
2
4
4
4
4
4
4
5
5
5
5
5
5
5
5
5
5
5
5
5
6
6
6
6
6
6
6
6
6
6
6
6
6
6
6
6
6
5
5
6
5
5
5
7
7
7
6
6
6
6
6
7
7
7
7
7
7
7
7
5
7
24
7
7
7
7
7
7
7
8
8
8
7
7
8
8
32
8
8
32
8
8
32
8
32
8
24
9
9
9
11
10
10
10
10
11
10
11
11
11
11
12
11
10
12
12
12
13
13
13
14
14
14
14
13
14
14
16
14
14
14
15
11
15
15
11
15
15
15
15
15
16
15
17
14
16
16
16
5
21
5
5
21
21
21
21
16
16
16
15
17
17
17
76
76
17
17
17
18
17
18
21
19
15
19
15
19
19
19
19
19
20
19
19
19
19
19
21
20
20
19
20
21
21
21
21
21
21
21
5
5
5
21
21
22
22
22
22
22
20
22
22
22
22
22
5
22
22
22
22
22
23
22
22
22
23
20
23
23
20
23
23
23
20
23
24
24
24
24
22
22
24
22
24
24
24
24
24
24
28
24
24
24
24
24
24
23
24
24
24
24
24
28
24
28
19
25
25
25
25
25
25
25
25
25
25
25
25
25
23
25
25
25
25
26
25
25
26
23
26
23
23
26
26
26
27
26
27
27
27
27
26
27
28
28
27
27
32
28
28
28
28
28
26
29
29
29
29
26
30
30
30
30
30
30
31
30
29
30
29
29
30
31
28
31
31
31
28
31
31
32
32
32
33
33
34
35
35
60
36
35
36
35
38
38
35
39
38
60
38
38
38
37
38
38
40
39
39
39
41
39
41
39
40
40
40
40
41
41
40
41
41
41
41
41
42
42
41
42
41
42
40
40
42
42
69
43
43
43
42
45
45
43
43
43
45
43
43
43
43
44
45
44
44
69
44
44
49
49
46
52
46
46
46
46
46
48
46
46
47
46
48
48
48
48
49
49
49
73
49
49
49
50
49
49
49
49
53
50
50
50
46
51
51
52
52
52
52
52
52
53
75
75
75
75
53
53
53
54
54
55
55
56
56
56
56
56
56
56
56
56
30
30
57
57
57
59
30
58
58
58
58
58
58
58
61
59
59
60
31
31
31
61
61
61
61
60
61
61
61
63
67
61
61
61
61
61
63
63
62
62
63
63
63
63
63
63
62
64
64
56
64
64
64
64
62
62
62
62
65
65
66
66
65
65
66
66
66
65
66
66
68
67
67
61
67
67
67
67
68
67
67
66
67
66
67
71
67
67
68
68
68
67
68
68
68
68
69
69
69
69
69
68
69
69
69
44
70
65
65
70
70
70
70
72
71
71
67
70
70
67
67
71
71
71
71
72
71
71
71
72
72
72
75
75
72
72
73
73
71
71
73
73
73
73
74
74
74
74
75
75
75
75
75
49
76
76
76
76
76
76
53
74
30
1
3
4
22
22
21
20
19
26
18
25
14
13
6
6
6
22
7
22
7
24
28
28
28
28
46
71
45
45
42
40
68
68
68
67
67
67
56
37
68
37
38
38
38
40
41
41
39
36
23
23
23
27
27
27
27
27
28
27
28
28
24
29
29
55
32
32
35
35
35
60
60
60
60
34
60
59
59
30
30
33
34
31
31
30
29
29
29
69
28
38
23
24
24
44
68
60
58
28
26
29
31
29
29
30
39
5
61
42
76
64
