1
2
2
1
1
1
1
1
1
2
1
2
2
13
13
2
2
13
13
4
13
4
13
2
2
77
77
77
1
2
2
2
77
77
77
77
77
77
77
77
77
4
4
4
3
3
3
3
3
3
4
3
3
4
4
4
4
4
4
4
4
4
4
4
5
16
5
5
5
5
5
5
5
5
5
5
3
3
5
3
5
6
6
5
5
5
5
6
6
6
6
6
6
6
6
5
5
5
6
7
7
7
6
7
6
6
7
7
7
7
7
22
7
7
7
22
22
22
7
7
7
7
7
8
32
8
8
8
8
8
8
8
8
8
8
8
32
32
32
32
8
32
8
9
9
9
10
9
10
10
76
10
10
9
9
11
11
11
11
12
12
12
12
13
13
13
14
14
14
14
14
14
16
14
14
14
14
12
12
11
15
11
15
15
15
15
15
15
15
15
16
16
16
16
16
16
16
16
16
16
16
16
16
20
21
17
17
17
17
76
76
76
17
18
17
17
18
20
19
19
18
18
18
19
19
19
19
20
20
19
19
18
19
20
20
20
20
20
21
20
21
21
21
21
21
21
21
22
21
21
22
21
21
21
20
20
20
22
22
22
22
22
22
22
22
22
22
22
22
23
23
23
23
23
23
23
23
23
23
23
27
22
24
24
22
24
24
24
24
24
24
24
24
24
24
24
24
24
28
24
24
24
23
24
24
28
28
24
28
28
28
18
18
18
18
18
25
25
23
25
25
25
25
26
26
26
26
26
25
25
25
26
26
27
27
26
26
26
26
27
26
26
26
27
27
27
27
27
27
28
28
27
27
28
28
28
28
28
28
29
29
29
29
29
29
30
30
30
30
30
30
31
30
30
30
57
30
30
31
31
31
31
31
31
31
31
32
32
33
33
33
34
34
34
34
35
35
35
35
38
35
36
38
38
34
34
38
38
38
40
38
38
36
36
39
39
39
39
39
40
40
40
40
41
39
40
41
41
41
41
42
42
41
42
42
40
40
40
40
42
42
69
42
42
43
69
43
43
43
43
46
46
46
43
43
46
45
45
44
44
44
44
44
44
49
45
46
46
46
46
46
46
46
46
46
47
48
48
48
48
48
49
49
49
49
49
49
50
50
50
50
50
53
50
50
50
50
48
51
51
52
52
52
52
52
52
53
53
53
53
53
53
53
53
54
54
55
55
57
56
56
56
56
56
56
56
56
57
57
57
57
57
59
58
57
57
58
58
58
58
59
59
59
59
60
60
59
60
59
61
61
68
61
61
61
61
59
59
61
61
61
61
68
62
62
62
62
63
63
63
63
63
63
63
64
64
64
64
64
64
64
65
62
65
65
65
65
66
66
66
65
66
67
66
66
66
66
67
67
67
59
59
67
67
67
68
67
67
67
67
67
67
67
67
67
68
68
68
68
68
68
69
68
68
69
69
69
69
69
69
69
69
69
70
70
70
70
70
70
70
72
71
71
67
67
71
71
71
71
71
71
71
71
71
71
49
72
72
72
74
74
74
72
73
73
73
73
73
50
73
50
74
74
74
74
75
75
75
74
75
50
76
76
76
76
76
10
53
74
57
1
3
4
22
22
21
20
18
26
18
18
12
4
5
6
3
22
22
22
22
22
28
28
28
28
46
49
43
45
42
40
68
68
68
67
66
63
56
37
40
34
38
38
39
40
41
41
36
36
23
23
27
27
27
27
27
27
27
28
28
28
8
29
29
51
32
32
33
35
35
60
60
60
60
60
60
59
59
30
30
33
34
31
31
29
29
29
30
69
33
35
23
32
24
44
69
61
58
28
29
29
59
29
29
59
38
5
68
42
76
56
