1
1
1
1
1
1
1
1
1
1
77
1
2
2
2
2
2
4
2
4
2
4
4
2
2
77
1
1
1
77
77
77
77
77
77
77
77
77
77
77
77
77
3
3
3
3
3
3
3
3
3
3
3
4
4
4
4
4
4
4
4
4
4
4
5
4
5
5
5
5
5
5
5
5
5
5
6
6
6
6
6
6
6
6
6
6
6
6
6
6
6
6
6
6
6
6
6
6
6
7
6
6
6
6
6
6
7
7
7
7
7
7
7
7
7
7
7
7
7
7
7
7
7
7
7
7
8
8
7
7
8
8
8
8
8
8
8
8
32
8
32
8
8
9
9
9
10
10
10
10
76
10
10
12
12
11
11
12
11
12
12
12
12
13
13
13
14
14
14
14
14
14
16
14
14
14
14
15
15
11
15
15
15
15
15
15
15
16
15
15
16
16
16
16
16
16
16
16
16
16
16
16
16
16
16
17
15
17
17
17
17
17
17
17
17
17
18
16
19
15
19
19
19
19
19
19
19
19
19
19
19
25
19
16
20
20
20
20
21
22
21
22
21
21
21
22
5
22
22
22
22
21
22
22
22
20
22
22
22
22
22
22
22
22
22
23
22
22
22
23
23
23
23
23
23
23
23
23
23
23
26
24
24
24
24
24
24
24
24
24
24
24
24
24
24
24
24
24
24
24
24
24
24
24
24
24
24
24
24
24
24
25
25
25
25
25
25
25
25
25
25
25
25
25
25
25
25
25
25
25
25
25
25
26
26
26
26
25
25
26
29
29
26
29
27
27
27
29
29
32
28
27
27
28
29
29
29
29
28
29
29
29
29
29
29
30
30
30
30
30
30
30
30
30
30
30
30
30
34
34
34
31
31
31
34
34
32
32
32
33
35
61
34
34
34
35
35
35
35
35
35
36
38
38
34
38
38
38
38
40
38
38
39
39
39
39
39
39
39
40
40
40
40
41
39
41
41
39
41
41
41
42
41
42
42
42
42
42
42
42
42
42
43
43
43
43
43
43
43
43
43
43
43
43
43
43
44
44
44
44
44
44
44
44
44
45
46
46
46
46
46
46
46
46
46
47
45
48
48
48
48
49
49
49
49
49
49
49
49
49
49
49
49
49
48
50
50
48
48
48
52
52
52
52
55
52
53
49
53
53
49
53
53
53
54
54
55
51
56
56
56
56
56
56
56
56
56
57
57
57
57
57
58
58
58
57
57
58
58
58
58
59
59
59
60
34
60
60
61
61
61
61
61
61
61
61
61
61
61
61
61
61
68
62
62
56
62
63
63
63
63
63
63
63
64
64
64
64
64
64
64
65
65
65
65
65
65
66
66
66
66
63
66
66
65
66
65
67
67
67
67
67
67
67
67
68
67
67
67
67
67
67
67
67
67
61
68
69
68
68
68
68
67
69
69
69
69
69
69
69
69
69
69
70
70
70
70
70
70
70
70
71
71
71
67
71
71
71
71
71
71
71
71
71
71
71
72
72
72
72
72
72
75
73
73
73
73
73
73
73
73
74
74
74
75
75
75
75
75
53
75
76
76
76
76
76
10
53
75
30
77
3
4
22
22
21
20
23
25
19
18
15
13
6
6
6
22
22
22
7
7
29
32
28
28
46
49
69
45
42
40
68
68
68
67
63
63
56
37
37
38
38
38
38
40
41
41
36
36
23
23
27
27
27
27
27
27
28
29
28
29
8
29
29
51
32
32
35
35
35
60
60
60
61
61
34
59
59
30
30
35
34
59
59
29
29
29
30
69
32
35
23
8
24
44
69
61
58
29
29
29
34
29
29
30
40
5
61
43
76
56
