1
1
1
1
1
77
1
1
77
1
1
1
2
2
2
1
2
2
2
2
2
4
4
4
1
77
77
77
77
77
77
77
77
77
77
77
77
77
3
77
77
77
3
3
3
3
3
3
3
3
3
3
3
4
4
4
13
4
4
4
4
4
5
5
5
5
16
5
5
5
5
16
5
5
5
5
6
6
6
6
6
6
6
6
6
6
6
6
6
6
6
6
6
6
6
5
7
6
6
6
6
6
6
6
6
7
6
7
7
7
7
7
7
7
7
7
7
7
7
7
7
7
7
7
7
8
8
8
8
8
8
8
8
8
8
8
8
8
8
8
8
8
8
9
9
9
10
10
10
10
76
10
10
11
10
11
11
11
11
12
12
12
12
13
12
13
14
14
14
14
12
14
14
14
14
14
14
15
15
15
15
15
15
15
15
15
15
15
15
15
16
16
16
16
16
16
16
16
16
16
16
16
16
16
16
17
17
17
17
17
17
17
17
17
17
17
18
19
19
19
19
19
19
19
19
19
19
19
19
19
19
19
19
21
20
20
20
20
21
21
21
21
21
21
21
21
16
22
22
22
22
21
22
20
22
22
22
22
22
22
22
22
22
22
22
22
23
23
22
23
23
23
23
23
23
23
23
23
23
23
23
24
24
24
24
24
24
24
24
24
24
24
24
24
24
24
24
24
24
24
24
24
24
24
24
24
24
24
24
24
24
19
25
25
25
25
25
25
25
25
25
25
25
26
26
25
26
25
25
25
25
25
26
23
23
26
26
26
23
23
26
26
26
29
27
27
27
27
27
32
28
27
28
32
27
27
28
28
28
29
29
30
29
29
29
29
30
29
30
30
30
30
30
30
30
29
30
30
31
31
31
31
31
28
31
31
32
8
32
32
33
34
34
34
34
35
34
35
35
35
35
36
38
38
38
38
38
38
38
40
38
38
39
39
36
39
39
39
39
42
40
42
40
41
41
40
41
41
41
41
41
41
41
42
42
42
42
42
42
42
42
42
43
43
42
43
43
43
43
43
43
43
43
43
43
43
44
44
69
69
44
44
69
44
44
45
43
46
46
46
46
46
46
46
46
47
48
45
48
48
48
49
49
49
49
73
49
49
49
49
49
49
49
49
50
50
50
51
48
51
46
52
52
52
52
51
53
53
53
53
53
53
53
53
54
54
55
55
56
56
56
56
56
56
56
56
56
57
57
57
58
62
58
58
58
58
58
58
58
58
58
59
59
59
60
60
60
60
37
61
61
61
61
61
61
61
61
63
61
61
61
61
61
62
62
62
62
63
58
63
63
63
63
63
64
56
64
64
64
64
64
65
65
65
65
65
65
66
63
66
66
66
66
66
66
66
66
67
67
67
67
67
67
67
67
68
67
67
67
67
67
67
67
67
67
68
68
68
67
67
68
71
71
69
69
69
69
69
69
69
69
69
69
70
70
70
70
70
70
70
70
71
71
71
71
70
70
71
71
71
71
71
71
71
71
71
72
72
72
72
75
75
72
73
73
73
73
73
73
73
73
74
74
74
74
75
75
75
75
75
49
76
76
76
76
76
10
53
75
58
1
3
4
22
22
21
20
25
25
19
18
16
13
6
6
3
22
22
22
7
7
32
28
32
28
46
49
43
45
42
40
37
61
68
67
66
63
56
37
37
38
38
38
38
40
41
41
36
36
23
23
27
27
27
27
27
27
28
28
32
28
8
29
29
51
32
32
35
35
35
60
60
60
60
60
60
31
59
30
30
35
34
31
31
29
29
30
30
69
33
35
23
8
24
44
69
37
58
28
29
29
31
29
29
30
40
16
61
42
76
56
