1
2
1
1
1
1
1
1
1
1
1
2
2
2
2
2
1
2
2
2
2
4
2
2
2
77
77
77
1
77
77
77
77
77
77
77
77
77
77
77
77
77
3
3
3
3
3
3
3
3
5
3
3
4
4
4
4
4
4
4
4
4
5
5
5
16
5
5
5
5
5
5
5
5
7
5
6
6
6
6
3
6
6
6
6
6
6
6
6
6
6
6
6
6
6
6
7
6
6
6
7
6
6
6
6
6
6
7
7
7
7
7
7
7
7
7
7
7
7
7
7
7
7
7
7
8
8
8
8
8
8
8
8
7
8
8
8
8
8
8
8
28
8
9
9
10
10
10
10
10
10
10
10
11
10
10
11
11
11
12
12
12
12
13
13
13
14
14
14
14
14
14
14
14
14
14
14
15
15
15
15
15
15
15
15
15
15
15
19
15
14
16
14
16
16
16
14
16
16
16
16
16
16
16
21
17
15
17
17
17
17
17
17
18
17
17
18
19
19
19
19
19
19
19
19
19
19
19
19
19
19
19
19
20
20
19
20
20
21
21
21
21
21
21
21
21
21
22
22
22
22
22
22
20
22
20
22
22
22
22
22
22
22
22
22
22
22
22
22
22
23
23
23
23
25
23
23
23
23
23
23
24
24
22
24
24
24
24
24
24
24
24
24
24
24
24
24
24
24
24
24
24
24
24
24
24
28
24
24
24
24
25
25
19
19
25
25
25
23
25
25
25
25
25
25
25
25
25
25
25
25
25
25
26
23
23
26
26
23
26
26
26
26
27
27
27
27
29
27
28
28
28
28
28
28
28
28
28
28
29
29
29
29
29
29
30
30
30
30
30
30
30
30
30
30
30
30
30
31
28
31
31
31
28
31
31
32
32
32
33
33
60
34
34
34
35
35
35
35
38
35
36
38
38
35
38
38
38
38
38
38
40
39
39
39
39
39
39
39
41
40
40
40
41
41
41
41
41
41
41
41
41
41
42
41
42
41
42
42
42
42
42
43
43
42
69
43
43
43
43
43
43
43
43
43
43
44
44
44
44
44
44
44
44
44
45
46
46
46
46
46
46
46
46
46
47
48
48
51
48
48
49
49
49
73
73
49
49
49
49
49
49
49
49
50
50
50
51
51
51
52
51
52
52
52
51
53
53
53
53
53
53
53
54
54
54
55
51
56
56
56
56
56
56
56
56
56
57
57
57
57
57
58
58
58
58
58
58
58
58
58
59
59
59
60
60
60
60
61
61
61
61
61
61
61
61
61
61
61
61
67
61
61
62
62
62
63
61
63
58
63
63
63
63
64
56
64
64
64
64
64
65
65
65
65
65
65
66
66
66
66
66
67
66
66
66
66
67
67
67
67
67
67
67
67
67
68
67
67
67
67
67
67
67
67
68
68
68
68
68
68
68
68
69
69
69
69
44
69
69
44
69
43
66
70
70
70
70
70
71
70
71
71
71
67
71
71
71
71
71
71
71
71
71
71
71
72
73
72
72
74
72
73
71
73
73
73
73
73
73
73
74
74
74
74
75
72
75
75
75
75
76
76
76
76
76
10
53
75
30
1
3
5
22
22
16
20
25
25
19
18
15
13
6
6
6
22
22
22
7
7
28
28
28
28
46
49
43
45
42
40
68
61
68
68
66
63
56
37
40
37
38
38
38
40
41
41
36
36
23
24
27
27
27
24
27
27
28
28
28
28
8
29
29
51
32
32
35
35
35
60
60
60
60
60
60
31
31
30
30
33
34
31
30
29
29
29
30
69
28
35
23
7
28
69
69
60
58
28
29
29
31
29
29
58
38
5
61
42
76
62
