1
1
1
1
77
1
1
1
1
1
1
1
2
2
2
2
2
2
13
13
2
13
13
4
2
77
77
77
77
77
77
77
77
77
77
77
77
77
77
77
77
77
3
3
3
3
3
3
3
3
3
3
3
4
4
4
4
4
4
4
14
4
4
4
16
16
5
4
5
5
21
21
5
5
5
5
3
6
6
6
6
6
6
6
6
6
6
6
6
6
6
6
6
6
6
6
6
6
7
6
6
6
6
6
6
6
6
7
7
7
7
7
7
7
7
7
7
7
7
7
7
7
7
7
7
8
8
8
8
8
8
8
8
8
8
8
8
8
32
8
8
8
8
9
9
10
10
10
10
10
10
10
10
11
10
11
11
11
11
12
12
12
12
13
14
13
14
14
14
14
14
14
14
14
14
14
14
15
15
15
15
15
15
15
15
15
15
15
15
15
16
16
16
16
16
21
16
16
16
21
16
16
16
21
16
17
17
17
17
17
17
17
17
18
17
17
18
19
19
19
19
19
19
19
19
19
19
19
19
19
19
19
19
20
20
20
20
20
21
21
21
21
21
21
21
21
21
21
21
21
22
22
20
20
22
20
20
22
22
22
21
21
22
22
22
22
22
22
22
23
23
23
23
23
23
23
23
23
23
23
26
24
24
24
24
24
24
24
24
24
24
24
24
24
24
24
24
24
24
24
24
24
24
24
24
24
24
28
24
24
24
25
25
25
25
25
25
25
23
25
25
25
25
25
25
25
25
25
25
25
25
25
25
26
26
26
26
26
26
26
26
26
26
26
27
27
26
27
27
28
28
28
28
28
27
28
28
28
28
29
29
29
29
29
29
30
30
30
30
30
30
31
30
30
30
30
30
30
34
31
31
31
31
31
31
31
32
8
33
33
34
34
34
34
34
35
35
35
38
35
35
35
38
38
38
38
38
38
38
38
38
38
39
39
39
41
39
39
39
40
40
40
69
41
41
41
41
41
41
41
41
41
41
42
42
42
42
42
42
42
42
42
43
43
43
43
43
43
43
43
43
43
43
43
43
46
69
45
44
44
49
44
44
44
44
45
46
46
46
46
46
46
46
46
46
49
48
45
45
48
48
49
49
49
49
73
49
49
49
49
49
49
49
49
51
51
50
46
47
47
52
51
51
52
52
52
53
53
49
53
53
53
53
53
54
54
52
55
56
56
56
56
56
56
56
56
56
30
57
57
57
57
58
30
58
58
58
58
58
58
58
59
61
59
60
60
60
60
61
61
61
61
61
61
61
61
61
61
61
61
61
61
61
62
62
62
62
63
63
63
63
63
63
63
64
64
64
64
64
64
64
65
65
65
65
65
64
66
66
66
66
66
66
66
66
66
66
67
67
67
67
67
67
67
67
67
67
67
67
67
67
67
67
67
67
68
67
68
67
68
68
68
67
69
69
69
69
69
69
68
69
69
69
70
70
70
70
70
70
70
70
71
71
71
71
71
71
71
71
71
71
71
71
71
71
71
72
72
72
72
72
72
72
73
73
73
73
73
73
73
73
75
75
74
74
75
75
75
75
75
49
76
76
76
76
76
76
53
75
30
1
3
4
22
22
21
20
25
25
19
18
16
13
6
6
6
22
7
22
7
7
28
28
28
28
46
49
43
45
42
40
68
68
68
67
66
63
56
37
61
38
38
38
38
40
41
41
39
36
23
23
27
27
27
27
27
27
24
28
28
28
8
29
29
51
33
32
35
35
35
60
60
60
60
60
60
59
59
30
30
34
34
31
31
30
29
29
30
69
28
34
23
8
24
49
69
61
58
28
29
29
34
29
29
30
39
21
61
42
76
56
