1
1
1
1
1
1
1
1
1
1
1
2
2
2
2
2
2
2
2
2
2
4
4
2
77
77
77
77
77
1
77
77
77
77
77
77
77
77
3
77
77
77
77
3
3
77
3
3
3
3
77
3
3
4
4
4
4
4
4
4
4
14
5
5
5
5
5
5
6
5
5
5
5
5
5
5
6
5
6
6
3
3
6
6
3
3
6
3
6
6
6
6
6
5
6
6
5
5
5
6
7
6
6
7
7
6
6
7
7
7
7
7
7
7
5
22
7
7
7
7
7
7
7
7
7
8
8
7
7
8
8
8
8
8
8
8
32
32
32
32
32
8
8
9
9
10
10
10
10
10
76
76
11
11
10
11
11
10
11
12
12
12
11
12
13
13
13
13
14
14
13
16
14
14
13
14
14
15
11
15
15
15
17
15
15
15
19
16
15
15
16
16
16
14
16
16
16
5
21
16
16
16
16
16
16
17
17
17
17
76
17
17
17
17
18
17
18
19
19
15
17
19
19
19
19
19
19
19
25
19
25
25
25
20
20
20
20
22
21
20
21
21
21
21
22
22
5
22
22
22
22
22
22
22
22
20
22
23
22
22
22
22
22
22
22
22
23
23
23
23
23
23
23
23
23
26
23
23
23
26
26
24
24
22
24
24
24
24
24
24
24
24
22
24
24
24
24
24
24
24
24
24
24
24
24
24
24
24
24
24
28
19
19
25
19
25
19
25
25
25
25
25
25
25
25
23
25
25
25
25
25
25
25
26
26
26
25
26
26
26
26
26
26
26
27
27
27
27
27
32
24
27
27
28
28
28
28
28
28
29
29
29
29
29
29
29
30
30
30
30
30
31
30
29
30
29
29
57
31
31
28
28
31
28
31
31
32
32
32
33
33
34
35
34
34
35
35
35
35
35
35
36
38
38
38
38
38
38
38
38
38
38
39
39
39
38
41
41
39
40
40
40
42
41
41
41
41
41
41
41
41
41
42
42
42
42
42
42
42
42
42
69
43
42
43
69
43
43
43
43
43
43
46
43
43
46
69
44
69
44
44
44
44
44
44
45
46
46
46
46
46
46
46
46
46
47
45
48
48
48
48
44
44
50
49
49
49
49
50
49
49
53
53
49
50
50
50
48
51
51
52
51
52
52
52
52
53
53
53
53
53
53
53
53
55
54
55
55
56
56
56
57
56
56
56
56
64
58
57
57
57
62
30
58
58
58
58
58
58
58
58
59
59
59
60
60
59
60
61
61
61
61
61
61
61
61
61
63
61
61
67
61
68
62
62
62
62
63
62
63
63
63
63
63
65
64
64
64
64
64
64
66
65
65
65
65
65
66
63
63
66
66
66
66
66
70
66
68
67
67
67
67
66
67
67
67
67
67
66
66
67
67
71
67
67
68
68
68
68
68
68
71
68
69
69
69
69
69
69
69
44
69
69
70
65
65
70
70
70
70
70
71
71
71
71
71
71
71
71
71
71
71
70
71
71
71
72
72
72
72
72
72
72
73
73
73
73
72
73
73
73
74
74
74
74
49
75
75
75
75
75
76
76
76
76
76
76
53
72
57
1
3
4
22
22
21
20
25
25
19
18
16
13
6
3
3
22
22
22
22
7
28
28
28
28
46
49
43
45
69
40
68
68
68
67
66
67
56
37
37
38
38
38
38
40
41
38
36
36
23
26
27
26
27
27
27
27
27
28
27
27
8
29
29
51
32
32
33
35
35
59
60
60
60
34
60
31
59
30
30
33
34
28
31
30
29
29
30
69
33
35
23
8
24
69
42
37
62
28
29
29
31
27
29
30
38
5
61
42
76
62
