1
1
1
1
1
1
1
1
1
1
1
2
2
13
2
1
2
13
2
13
13
2
2
4
2
77
77
77
77
77
77
77
77
77
77
77
77
77
77
77
77
77
3
3
3
3
3
3
3
3
3
3
3
4
4
4
4
4
4
4
14
5
4
5
4
5
4
5
5
5
4
5
5
5
5
22
6
5
6
6
6
6
6
6
6
6
6
6
6
6
7
6
6
6
6
6
6
6
6
6
6
7
7
6
7
7
6
7
7
7
7
7
7
7
7
7
7
7
7
7
7
7
7
7
7
8
8
8
8
8
8
8
8
7
8
8
8
8
8
8
8
24
8
9
9
9
11
10
10
10
10
10
11
12
11
11
11
11
12
12
12
12
12
12
13
13
14
14
14
14
14
14
14
14
14
14
14
15
15
15
15
15
17
15
15
16
15
15
15
15
16
14
16
16
16
16
16
16
16
16
16
16
16
16
16
17
17
17
17
17
17
17
17
17
17
17
18
19
19
15
19
19
19
19
19
19
19
19
19
19
19
19
19
20
20
20
20
20
5
16
16
20
16
20
5
5
5
22
22
21
22
22
22
20
22
22
22
22
22
22
22
22
22
22
22
22
22
22
20
23
23
23
23
23
23
23
23
23
23
23
27
24
24
22
24
22
24
24
24
24
24
24
24
24
24
24
24
24
24
24
24
24
24
24
24
24
24
24
24
24
24
25
19
19
18
25
25
25
23
25
25
25
25
25
25
25
25
25
25
25
25
25
25
27
23
26
26
26
26
26
26
29
29
26
27
27
27
27
27
32
28
28
28
28
27
28
28
28
28
29
29
29
29
29
29
30
30
30
30
30
30
31
30
30
30
30
30
30
28
31
28
28
31
31
31
31
32
8
32
33
35
34
34
34
34
35
35
35
35
35
35
36
36
35
38
38
38
38
38
40
38
40
36
39
39
39
39
39
39
42
40
40
40
39
41
40
41
41
39
41
41
41
41
42
42
42
42
42
42
42
42
69
43
43
43
43
43
43
43
43
43
43
43
43
43
52
69
44
44
44
44
44
44
44
44
45
52
46
46
43
46
46
46
46
46
47
48
48
48
48
48
49
49
49
49
49
49
49
49
49
49
75
53
49
50
50
50
46
51
51
52
52
52
52
52
52
53
53
75
53
53
53
53
53
54
53
55
54
56
56
56
56
56
56
56
64
56
57
57
57
57
57
58
58
58
58
58
58
58
58
58
61
59
59
60
60
60
60
61
61
61
61
61
61
61
61
61
61
61
61
61
61
61
57
57
62
62
63
63
63
63
63
66
63
64
64
64
64
64
64
64
65
65
65
66
65
65
66
66
66
66
66
63
66
66
66
66
67
67
61
67
61
67
67
67
67
67
67
67
67
67
67
67
67
67
68
67
68
68
68
68
69
71
69
69
69
69
69
69
69
69
69
69
70
65
70
70
70
70
70
70
71
71
71
71
71
71
71
71
71
71
71
71
71
71
71
70
72
72
72
72
72
75
73
73
73
73
72
73
73
73
72
74
74
75
75
75
75
75
75
75
76
76
76
76
76
10
53
75
30
1
3
4
22
22
5
20
25
25
19
18
16
13
6
6
6
22
22
22
7
8
28
28
28
28
46
49
45
45
42
40
61
68
68
67
63
63
56
37
40
38
38
38
38
40
41
41
36
36
23
23
27
27
27
27
27
27
27
28
28
28
8
29
29
54
32
32
35
35
35
60
60
60
60
60
60
58
59
30
30
35
34
31
31
29
29
30
30
69
28
35
23
8
24
44
69
61
58
28
29
29
31
29
29
30
40
5
61
42
76
56
