1
1
1
1
1
77
1
77
77
1
77
1
4
4
4
4
4
4
4
4
2
4
4
4
4
77
77
77
77
77
77
3
77
77
77
77
3
77
3
77
77
3
3
3
3
3
3
3
3
4
4
4
3
4
14
4
4
14
4
4
14
4
4
4
16
16
16
4
4
16
16
16
5
4
4
22
3
6
6
6
6
3
3
6
6
6
4
6
6
6
6
6
6
6
6
6
4
6
7
6
6
6
6
6
6
6
6
7
6
7
7
6
7
7
7
7
7
7
7
7
7
7
7
7
7
8
7
7
7
7
7
8
28
8
28
28
28
28
28
8
8
8
7
9
11
10
10
11
10
10
76
10
10
11
10
11
11
11
11
12
12
12
11
12
14
13
14
14
14
14
14
14
14
14
14
14
14
16
15
15
15
15
15
17
15
15
16
16
19
19
16
16
16
16
16
16
16
16
16
16
16
20
20
16
20
17
17
17
17
76
76
76
17
17
19
17
18
16
19
19
19
19
19
19
19
19
19
20
23
19
25
19
25
20
20
20
20
23
21
20
16
20
20
20
20
22
22
22
22
22
22
22
20
20
22
20
22
22
22
22
22
22
22
22
22
24
23
23
23
23
23
23
23
23
23
23
23
23
23
23
23
24
24
22
24
24
24
24
24
24
22
24
22
24
24
24
24
24
24
24
24
27
24
27
24
24
24
24
24
28
24
19
25
25
25
25
25
25
23
23
25
25
25
25
25
25
25
25
25
29
29
29
25
23
23
23
23
29
23
26
23
29
29
23
27
27
27
29
29
28
28
28
28
28
29
28
28
28
28
29
29
29
29
30
29
29
30
30
30
30
30
30
30
30
30
29
30
30
28
28
28
28
28
31
28
28
28
32
34
33
34
34
34
34
34
35
34
35
35
38
35
36
38
35
38
38
38
38
38
38
38
38
39
39
39
39
39
39
39
41
41
41
69
41
41
41
41
41
42
41
41
42
42
42
42
42
42
42
69
42
42
42
42
42
43
43
69
43
43
42
43
43
43
43
42
43
44
44
44
44
44
49
44
44
47
43
51
51
43
46
43
43
48
43
48
48
48
48
50
48
48
49
49
49
49
49
49
49
49
49
49
49
49
49
50
50
49
51
48
50
51
51
51
52
51
51
49
49
53
53
49
51
49
51
54
51
51
55
57
56
56
57
56
56
56
56
56
30
30
57
62
62
58
30
58
58
58
58
58
58
58
61
61
61
60
60
59
60
61
61
61
61
61
61
61
63
63
61
61
61
61
61
61
62
65
65
62
63
58
63
63
63
63
63
56
56
56
56
56
64
56
65
65
65
65
65
56
66
65
65
65
66
66
66
66
70
70
67
67
67
67
67
67
67
67
67
67
67
67
67
70
67
67
67
67
67
67
69
67
67
69
71
67
69
69
69
69
69
69
69
69
69
69
70
65
70
70
70
70
70
70
71
67
67
70
71
67
71
71
71
71
71
71
71
71
73
71
73
74
74
74
75
72
73
73
73
73
73
73
73
49
74
74
74
74
75
75
75
49
49
49
76
76
76
76
76
76
53
49
30
77
3
4
22
22
16
23
25
29
19
19
16
14
4
6
6
7
7
22
7
7
28
28
28
34
51
49
45
69
42
40
68
69
69
67
63
63
56
34
37
38
38
38
38
41
42
41
38
35
23
24
27
27
29
27
27
29
28
29
28
29
7
29
29
51
34
28
35
35
35
59
60
60
61
34
34
59
59
30
30
34
34
29
59
30
29
29
29
69
34
35
23
7
24
44
69
61
58
28
29
29
59
29
29
30
38
16
61
42
76
56
