1
2
2
1
1
1
1
1
1
1
1
2
2
2
2
2
2
2
2
2
2
4
4
4
2
77
77
77
77
77
4
4
77
77
77
77
77
77
77
77
77
4
4
77
3
3
3
3
3
3
4
4
3
4
4
4
4
4
4
4
4
5
5
5
5
5
5
5
5
5
5
5
5
5
5
5
6
6
6
6
3
6
6
6
3
6
6
6
6
6
6
6
6
6
6
6
5
7
6
6
6
6
7
6
6
6
6
7
7
7
7
7
7
7
7
7
7
7
32
7
7
7
7
8
32
8
8
8
8
8
8
8
8
8
8
32
8
8
32
32
32
32
32
9
9
9
10
10
10
76
76
10
10
11
11
11
11
11
11
12
12
12
13
13
13
13
14
14
14
14
14
14
14
14
14
14
5
15
15
11
15
11
15
15
15
15
15
15
15
17
16
16
16
16
16
16
16
5
5
16
21
16
16
16
21
17
17
17
17
76
17
17
17
17
17
17
18
19
19
19
19
19
19
19
19
19
19
19
19
18
19
18
19
21
20
20
20
20
21
21
21
21
21
21
21
21
21
22
22
21
22
22
22
22
22
22
22
22
22
22
22
22
22
22
22
22
22
22
22
22
22
23
22
23
23
23
23
23
23
23
23
24
24
24
24
24
24
24
24
24
28
28
24
24
24
24
24
28
28
24
24
24
24
28
28
28
28
24
24
28
28
18
18
18
18
25
18
25
23
25
25
25
25
25
25
25
26
26
25
25
26
25
26
27
26
26
23
26
26
26
26
26
26
27
27
27
27
27
27
28
28
27
28
32
28
28
28
28
28
29
29
29
29
29
29
30
30
30
30
30
31
31
30
30
30
30
30
30
31
28
31
28
28
31
31
31
32
32
33
33
33
34
34
34
34
35
35
35
38
35
35
36
38
38
35
38
38
40
40
40
38
38
39
39
39
39
39
41
39
40
40
40
40
41
41
40
40
41
41
41
42
41
41
42
42
40
40
40
40
42
42
69
42
43
43
43
43
43
43
43
46
43
46
43
43
52
69
45
69
44
44
44
44
44
44
45
52
46
46
52
46
46
46
46
46
47
48
45
48
48
48
44
49
49
68
49
49
49
49
49
49
49
49
49
50
50
50
52
51
51
52
52
52
52
52
52
53
53
49
53
53
53
53
53
54
54
55
55
56
56
56
56
56
56
56
56
56
57
57
57
57
57
58
58
58
58
58
58
58
58
58
31
59
59
60
31
31
31
61
61
61
68
61
61
61
61
63
63
61
61
61
68
68
62
62
62
62
63
63
63
63
63
63
63
65
64
64
64
64
64
64
65
65
65
65
65
65
66
66
66
66
66
66
66
66
67
66
67
67
67
67
67
67
67
67
68
67
67
67
67
67
68
68
67
67
68
68
68
68
68
68
68
71
40
69
69
69
69
69
68
44
69
69
70
70
70
70
70
70
70
70
71
71
71
71
71
71
68
68
68
71
71
71
71
71
68
72
72
72
72
72
72
75
73
73
73
73
73
49
72
75
74
74
74
74
75
75
75
75
75
49
76
76
76
76
76
76
53
75
57
1
3
4
22
22
21
20
25
25
17
18
15
4
5
3
3
22
22
22
7
22
28
28
28
28
46
68
43
45
42
40
40
68
68
68
66
63
56
37
40
38
38
38
38
40
41
40
36
36
23
23
23
27
27
23
27
27
28
28
28
28
32
29
29
51
32
32
35
35
35
60
31
60
60
60
60
31
59
30
30
33
34
31
31
29
29
29
30
69
31
35
23
32
22
44
40
61
58
28
29
30
31
29
29
30
40
5
40
42
76
56
