1
1
1
1
1
1
1
1
1
2
2
2
2
13
2
2
2
2
2
13
13
13
13
13
13
77
77
77
77
1
1
1
77
77
77
77
77
77
77
77
77
3
3
3
77
3
3
3
3
3
4
4
6
4
4
4
4
4
4
4
4
14
4
4
5
5
5
5
5
5
5
5
5
5
5
5
6
6
6
6
3
3
3
6
6
6
6
6
6
6
6
6
7
6
6
5
6
6
7
7
7
7
6
6
7
6
6
7
7
7
7
7
22
22
22
5
22
7
7
8
7
7
8
8
8
8
7
8
8
8
8
8
8
8
32
32
32
32
8
32
32
8
8
9
9
10
11
10
10
10
76
10
10
11
11
11
11
11
12
10
12
12
12
13
13
13
14
14
14
14
14
14
16
14
14
14
14
16
15
12
12
15
15
15
15
15
15
15
19
17
16
16
16
16
16
16
16
5
5
16
16
16
15
16
16
15
15
17
17
76
76
17
17
18
17
17
18
15
15
19
19
19
19
19
19
19
19
19
19
19
25
19
19
21
20
20
20
20
21
21
21
21
21
22
21
22
21
22
22
22
22
22
22
22
20
20
22
23
22
22
22
22
24
24
22
22
23
22
23
22
23
23
23
23
23
23
23
23
23
23
23
22
24
24
24
24
24
23
23
24
24
24
24
24
24
24
24
28
24
24
24
24
24
23
28
28
28
24
28
24
24
25
25
19
19
25
25
25
25
25
25
25
25
25
25
25
25
25
25
25
25
25
25
26
26
26
26
26
26
26
26
26
25
27
27
27
27
27
27
28
28
28
23
28
28
31
28
31
28
26
26
31
29
29
29
29
29
30
30
30
30
30
29
29
29
29
30
30
31
31
31
31
31
31
31
31
32
32
33
33
33
60
34
34
34
35
35
38
38
35
35
36
38
38
38
38
38
38
38
38
40
38
39
39
39
39
41
39
39
40
40
40
42
41
41
40
41
41
41
41
42
42
41
42
42
42
42
42
42
69
42
69
43
43
43
69
69
43
43
43
43
69
43
43
43
43
45
44
69
44
44
44
44
44
49
45
46
46
43
43
46
46
46
46
46
47
48
48
48
48
46
49
49
49
49
73
49
49
49
49
49
49
49
53
51
50
50
51
51
51
52
51
52
52
52
52
53
53
75
53
53
53
53
54
54
54
55
54
56
56
56
57
56
56
56
56
56
57
57
57
57
57
58
30
57
58
58
58
58
58
61
61
59
60
34
34
34
60
61
37
61
61
61
61
61
61
61
61
61
61
61
67
61
62
62
62
65
63
63
58
63
63
63
63
64
56
64
64
64
64
64
65
64
64
65
65
64
66
66
63
65
66
66
66
66
66
65
67
67
61
67
61
67
61
67
67
67
67
67
67
67
67
71
67
67
67
68
68
68
67
68
68
68
69
69
69
69
69
69
71
44
69
45
66
65
70
70
70
70
70
70
71
71
71
71
70
71
71
71
71
71
71
70
71
71
49
72
72
72
74
74
75
75
73
73
73
72
72
73
73
73
74
74
74
74
75
75
75
75
75
49
76
76
76
76
76
10
53
75
30
1
3
4
22
22
21
20
23
25
19
18
15
13
6
6
6
22
22
22
22
8
31
28
28
28
46
49
46
45
42
40
68
68
68
67
61
63
56
37
61
38
38
38
38
40
41
41
38
36
23
23
27
23
27
23
27
27
23
28
28
28
8
29
26
55
33
32
35
35
35
59
60
60
60
60
34
61
59
30
30
33
34
31
31
29
26
29
30
69
28
35
23
8
24
44
69
37
58
31
26
29
28
29
29
30
38
5
61
69
76
56
