1
2
1
1
1
1
2
1
2
1
1
2
2
2
2
1
2
2
2
4
2
2
2
4
2
77
77
77
77
1
77
77
77
77
77
77
77
77
77
77
77
77
77
3
3
3
3
3
3
3
4
4
3
4
4
4
4
4
4
4
4
4
4
5
5
16
5
5
5
5
5
5
5
5
5
5
6
6
6
6
3
6
6
6
6
6
6
6
6
6
6
6
6
6
6
6
6
7
6
6
7
6
6
7
6
6
6
7
7
7
7
7
7
7
7
5
7
7
7
7
7
7
7
7
7
7
8
7
8
8
8
8
8
8
8
8
8
8
8
8
32
8
8
9
9
9
10
10
10
10
10
11
10
10
11
11
11
11
11
12
12
12
12
13
14
4
14
14
14
14
14
14
14
16
14
14
14
16
15
15
17
15
15
17
15
16
15
15
15
15
16
16
16
16
16
16
16
16
16
16
16
21
16
16
21
17
17
17
17
17
17
17
17
17
18
19
18
20
15
19
19
19
19
19
19
19
19
19
19
19
19
19
19
20
20
20
20
20
21
21
21
21
21
21
21
21
21
22
22
22
22
22
22
22
22
22
22
22
22
22
22
22
22
22
22
22
22
22
20
22
23
23
22
23
23
23
23
23
23
23
23
24
24
24
24
24
24
23
24
24
24
24
24
24
24
24
24
24
24
24
24
24
24
24
24
28
24
24
24
28
24
25
19
25
25
25
25
25
25
25
25
25
25
25
25
25
25
25
25
25
25
25
26
23
26
26
26
26
26
26
26
26
26
27
27
27
27
27
27
28
28
28
28
32
28
28
28
28
28
29
29
29
29
29
29
29
30
30
30
30
30
30
58
30
30
30
29
30
28
28
31
31
31
28
31
31
32
32
32
32
33
34
34
34
34
35
35
35
35
35
35
36
38
38
37
38
38
38
37
38
38
38
39
39
39
39
41
39
39
40
40
40
40
41
41
41
41
41
41
41
42
42
41
42
42
42
42
42
42
42
42
42
43
43
43
42
43
43
43
43
43
45
46
43
43
43
69
44
44
44
44
44
44
47
44
45
46
46
46
43
46
46
46
46
46
47
48
48
48
48
48
44
49
49
49
49
49
49
49
53
49
49
53
49
50
50
50
55
51
51
52
52
52
52
55
52
53
53
75
53
53
53
53
53
54
54
55
55
56
56
56
56
56
56
56
56
56
57
56
57
57
56
58
58
58
57
58
58
58
58
58
59
59
59
60
60
60
60
61
61
61
61
61
61
61
61
61
61
61
61
61
61
68
62
62
62
62
63
63
63
63
63
63
63
56
64
64
64
64
64
64
65
62
65
65
65
65
66
66
66
66
66
67
66
66
67
66
67
67
67
67
61
67
67
67
67
67
67
67
67
67
67
67
71
67
68
68
68
68
68
68
71
68
69
69
69
69
69
69
69
69
44
69
71
65
70
70
70
70
70
70
69
71
71
71
70
71
71
71
71
71
71
71
71
71
71
72
72
72
72
72
72
72
73
73
73
73
73
49
73
73
72
74
74
74
75
75
75
75
75
49
76
76
76
76
76
10
53
75
58
2
3
4
5
24
21
23
25
25
19
18
15
13
6
6
3
22
22
22
7
7
28
28
28
28
46
49
45
45
69
40
68
68
68
67
66
63
56
37
37
37
38
38
39
40
41
41
36
36
23
23
27
27
27
27
27
27
28
28
28
28
8
29
29
55
32
32
35
35
35
60
60
60
60
60
60
59
31
30
58
33
34
29
30
29
29
29
29
69
28
35
23
7
24
44
69
61
58
28
29
29
31
29
30
58
38
5
61
42
76
56
