1
2
1
1
1
4
4
1
4
1
1
2
2
13
2
1
1
13
2
12
13
2
2
2
4
77
77
77
77
4
4
4
77
77
77
77
77
77
77
77
4
4
4
4
3
3
3
3
3
3
4
4
3
4
5
4
12
5
5
5
14
5
5
4
5
5
4
4
5
5
5
5
5
5
5
5
6
6
4
6
3
6
6
6
3
3
6
3
6
6
3
3
6
6
7
6
6
7
7
6
6
6
6
6
7
7
7
7
7
7
7
7
7
7
7
5
22
7
7
7
7
8
7
8
8
8
8
8
8
8
8
8
32
28
32
32
32
28
32
28
8
8
8
9
9
76
11
10
10
76
76
11
76
12
11
11
11
11
11
10
10
13
12
13
12
12
12
12
14
12
15
15
14
14
14
14
14
15
11
15
15
11
17
15
15
15
15
16
17
17
15
15
15
14
5
5
14
5
14
14
14
16
16
16
16
17
17
17
76
76
76
76
17
18
17
17
18
16
16
19
17
17
19
17
19
17
19
16
19
19
19
19
19
16
20
19
19
20
16
16
16
16
16
16
20
22
21
5
22
20
22
20
20
20
22
20
22
22
22
22
22
22
22
22
22
22
22
23
22
23
23
23
23
23
23
23
23
23
23
27
27
24
22
24
22
24
23
24
24
22
22
24
24
24
24
24
24
24
24
24
24
24
23
28
28
28
28
24
24
28
24
19
19
25
18
25
25
25
23
23
23
25
25
25
23
23
25
25
29
29
25
29
25
27
26
27
23
25
27
26
27
27
27
29
27
27
27
29
27
28
28
27
27
35
29
29
27
28
28
29
29
29
30
30
29
30
29
30
30
30
59
59
30
30
57
29
30
29
35
28
28
35
28
28
59
59
32
28
34
33
35
60
60
35
60
36
60
36
36
35
38
39
39
36
38
60
38
38
37
61
61
38
39
39
39
38
40
40
39
40
40
40
40
40
40
40
40
41
41
41
42
42
42
42
42
42
40
42
40
42
42
42
42
42
43
43
69
43
43
42
43
69
43
43
43
52
69
69
69
69
44
49
69
47
47
45
52
43
45
43
45
46
48
48
52
51
48
51
51
51
48
49
49
49
49
49
50
49
50
49
49
74
54
54
50
50
50
48
51
51
52
48
48
52
52
51
53
53
74
74
54
54
54
54
54
54
55
51
62
62
62
62
56
56
56
64
64
62
57
62
62
62
58
30
57
58
30
30
58
58
61
59
61
61
60
31
60
60
61
61
61
61
61
61
67
61
61
61
61
67
67
61
61
62
62
62
62
63
62
62
63
62
63
65
65
64
64
64
64
65
65
65
62
65
65
65
65
66
66
66
65
66
65
65
66
66
65
61
67
67
61
66
67
67
67
61
67
66
67
66
66
67
71
67
67
61
61
67
67
67
68
69
71
69
40
42
42
40
69
69
69
69
69
71
70
70
70
71
70
70
70
71
71
71
71
70
70
70
71
69
71
71
73
73
71
71
72
72
72
72
72
72
75
73
71
73
73
73
49
73
73
72
72
72
74
49
75
72
74
74
74
76
76
76
76
76
76
74
74
57
1
3
4
5
22
16
19
19
29
19
18
16
12
6
3
6
5
22
22
7
22
27
28
28
28
48
69
45
45
42
38
40
40
61
67
66
63
65
60
61
60
38
38
39
38
40
40
39
39
23
23
27
27
27
23
27
27
27
29
27
29
24
27
30
51
34
28
35
36
38
59
60
60
60
60
60
59
59
30
30
35
35
59
59
29
29
29
30
69
35
35
23
24
24
49
40
61
58
29
29
29
35
29
29
30
38
5
61
42
76
65
