1
2
1
1
1
1
1
1
1
2
1
2
12
12
2
2
1
2
2
2
12
2
2
4
4
77
77
77
77
77
77
77
77
77
77
77
77
77
77
3
77
77
3
3
3
3
3
3
3
3
3
3
3
4
4
2
4
4
4
4
4
4
4
4
5
4
5
5
5
22
5
22
22
5
5
22
6
3
3
6
3
3
6
6
6
6
6
6
6
6
6
6
6
6
5
5
6
6
6
7
6
6
6
6
6
6
7
7
7
7
7
7
7
7
7
7
7
7
7
7
7
7
7
7
7
7
8
8
8
8
8
8
8
8
8
8
8
8
8
8
8
8
8
9
9
10
10
10
10
10
11
10
11
11
11
11
11
11
11
12
12
12
12
12
12
13
14
14
14
14
14
14
16
14
14
14
14
11
15
15
15
15
15
17
15
15
15
15
17
17
16
16
16
16
16
16
16
16
16
16
16
16
16
16
16
15
15
17
17
17
17
17
17
17
17
17
18
19
19
17
19
19
19
19
19
19
19
19
19
19
19
19
19
20
20
20
20
20
21
21
21
20
21
21
21
21
21
21
22
21
22
22
22
20
22
22
23
22
22
22
22
22
22
22
22
23
23
23
22
23
23
23
20
23
23
23
23
23
23
23
23
24
24
24
24
24
23
24
24
24
24
24
24
24
24
24
24
24
24
24
24
24
24
24
24
24
28
24
24
24
24
25
25
25
25
25
25
25
25
25
25
25
25
25
25
25
26
26
25
25
25
26
26
27
23
23
26
26
23
26
26
29
26
29
27
27
27
27
27
28
28
28
28
28
29
29
28
28
28
29
29
29
29
29
29
30
30
30
30
30
30
30
30
30
30
30
30
30
28
31
31
31
28
28
31
31
33
8
32
33
33
34
35
34
34
35
35
35
35
35
35
36
38
38
35
38
38
38
38
38
38
38
39
39
39
39
39
39
39
40
40
40
42
41
41
40
41
41
41
41
41
41
41
42
41
42
42
42
42
42
42
42
43
43
42
42
42
43
43
43
43
42
43
43
43
43
44
47
44
44
44
49
44
44
44
45
52
52
46
43
46
46
48
46
46
47
48
45
48
48
48
49
49
49
49
49
49
49
49
49
49
49
49
49
50
50
50
51
51
51
52
52
51
52
52
52
53
53
49
53
53
53
53
53
54
54
55
51
56
56
56
56
56
56
56
56
56
57
57
57
57
62
58
58
58
58
58
58
58
58
58
61
59
59
60
60
60
60
61
61
61
61
61
67
61
61
61
61
61
61
67
61
61
62
62
65
62
63
58
63
63
63
63
63
64
64
64
64
64
64
64
65
65
65
65
65
65
66
63
65
66
66
66
66
66
66
66
67
67
67
67
67
67
67
67
67
67
67
67
67
67
67
67
67
67
67
68
68
68
67
68
68
68
69
69
69
69
69
68
69
69
69
69
70
70
70
70
70
70
70
70
71
71
71
71
71
71
71
71
71
71
71
71
71
73
71
72
72
72
72
72
75
72
73
73
73
73
73
73
73
73
74
74
74
74
49
75
75
75
75
49
76
76
76
76
76
76
53
72
30
1
3
4
22
24
21
20
25
29
19
18
15
13
3
6
6
22
7
23
7
7
28
28
28
28
46
49
43
45
42
40
40
61
68
67
66
63
56
37
40
37
38
38
38
40
41
41
38
36
23
23
27
27
29
23
27
29
28
28
28
29
8
29
29
51
33
33
35
35
35
60
60
60
60
60
31
59
59
30
30
35
34
31
30
29
29
29
30
69
28
35
23
8
24
44
69
61
58
29
29
29
31
29
29
30
40
22
61
42
76
65
