1
1
1
1
1
1
77
77
1
1
1
2
2
2
13
2
2
13
13
2
13
2
2
2
2
77
77
77
1
77
77
77
77
77
77
77
77
77
77
77
77
4
3
77
3
3
3
3
3
3
3
3
3
4
4
2
4
4
4
4
4
4
4
5
5
4
5
5
5
5
5
5
5
5
5
5
3
3
6
3
3
6
6
6
6
6
6
6
6
6
6
6
6
6
6
6
7
6
6
6
7
6
6
6
6
6
6
7
7
7
7
7
7
6
7
7
7
7
7
7
7
7
7
8
7
8
8
8
7
8
7
7
8
8
8
8
8
8
8
8
8
8
8
9
9
9
10
11
10
9
10
10
10
11
11
11
11
11
15
12
12
12
14
13
13
13
14
13
14
14
14
14
14
14
14
14
14
15
15
15
15
15
15
15
15
19
15
19
15
15
16
16
16
16
14
16
16
16
16
16
16
21
16
20
21
17
17
17
17
76
17
17
17
17
17
17
18
19
15
19
19
19
19
19
19
19
19
19
25
19
19
19
19
20
20
20
20
20
21
22
21
21
21
21
21
21
21
21
22
22
22
22
22
22
20
20
22
22
22
22
22
22
22
22
23
22
23
22
22
23
23
23
20
23
23
23
23
23
24
23
23
22
24
24
24
24
23
24
24
24
24
24
24
24
24
24
24
24
24
24
24
24
24
24
28
24
24
24
24
28
28
25
25
25
25
25
25
25
25
25
25
25
25
25
25
23
26
25
25
25
25
25
25
26
26
23
26
26
26
26
26
26
25
27
27
27
27
27
27
28
24
27
28
28
28
28
28
28
28
29
29
29
29
29
29
30
30
30
30
30
30
31
30
30
30
29
30
30
31
31
31
31
31
31
31
31
32
32
32
33
33
34
34
34
34
35
35
35
35
35
35
36
38
35
34
37
38
38
38
38
40
38
39
36
39
39
39
39
39
41
40
40
40
41
41
41
41
41
41
41
41
41
41
42
42
42
41
42
42
42
42
42
43
42
43
43
43
43
43
43
43
43
46
43
46
43
44
44
44
44
44
44
44
44
44
45
46
46
46
46
46
46
46
46
46
47
48
48
48
48
48
44
49
49
49
49
49
50
50
49
75
49
49
49
50
50
50
51
51
51
52
52
52
52
52
52
53
53
75
75
53
53
53
53
54
54
55
55
56
56
56
57
56
56
56
56
56
57
57
57
57
57
58
58
30
58
58
58
58
58
61
59
59
59
60
60
60
60
61
61
61
61
61
61
61
67
61
67
67
61
61
61
61
62
62
62
62
63
58
63
63
63
63
63
56
64
56
64
64
64
64
65
62
65
65
65
64
66
66
66
66
66
66
66
66
67
66
67
67
67
67
67
67
67
67
68
68
68
67
67
67
67
71
67
67
68
68
68
68
68
68
71
68
69
69
69
69
69
69
69
44
69
69
70
65
70
70
70
70
70
70
71
71
71
71
70
71
71
71
44
71
71
71
72
71
71
72
72
72
72
74
72
72
73
73
73
73
73
73
73
73
74
74
74
75
75
72
75
75
75
75
76
76
76
76
76
10
53
75
30
1
3
5
22
22
21
20
25
25
17
18
15
13
6
6
6
22
22
23
7
7
28
28
28
28
46
71
46
45
42
40
68
68
68
68
66
63
56
37
37
37
38
38
38
40
41
39
36
36
24
23
23
27
27
23
27
27
28
28
28
28
8
28
29
51
32
32
35
35
35
60
60
60
60
34
60
58
59
30
30
33
34
31
31
30
29
29
29
69
28
35
23
8
24
44
69
61
58
28
29
29
31
28
29
30
38
5
61
42
76
56
