1
1
1
1
77
1
1
1
1
1
1
2
2
2
2
2
2
13
2
13
13
4
2
2
77
77
77
77
77
77
77
77
77
77
77
77
77
77
77
77
77
77
3
3
3
3
3
3
3
3
3
3
3
77
4
4
4
4
4
4
4
4
5
4
5
5
5
5
5
22
22
5
5
5
5
22
3
6
6
3
6
6
6
6
6
6
6
6
6
6
6
6
6
6
6
6
6
6
6
7
6
6
6
6
6
6
6
7
7
7
7
7
7
7
7
7
7
7
7
7
7
7
7
8
7
7
8
8
7
8
8
8
8
8
8
8
8
8
8
8
8
8
8
9
9
9
10
12
10
10
10
10
10
11
11
11
11
11
11
12
12
12
13
13
13
13
14
14
14
14
14
14
14
14
14
14
14
15
15
15
15
15
15
17
15
19
19
15
15
15
16
16
16
16
16
16
16
16
16
21
16
16
16
16
16
17
17
17
17
17
76
17
17
17
17
17
18
19
19
19
19
15
19
19
19
19
19
19
19
19
25
19
19
20
20
20
20
20
22
20
20
20
20
21
21
21
21
22
21
22
22
21
22
22
22
22
22
22
22
22
22
22
22
22
22
22
22
22
22
23
23
23
23
23
23
23
23
23
23
23
23
24
24
24
24
24
24
24
24
24
24
24
24
24
24
24
24
24
24
24
24
24
24
24
24
24
24
24
24
24
24
19
25
25
19
25
25
25
23
25
25
25
25
25
25
23
25
25
25
25
25
26
25
27
26
26
26
26
26
26
26
27
26
27
27
27
27
27
27
28
23
23
23
28
29
28
23
28
28
29
29
29
29
29
29
30
30
30
30
30
30
30
30
30
30
30
30
30
31
31
31
31
31
31
31
31
32
8
32
33
34
34
34
34
34
35
35
35
35
35
38
38
38
38
38
38
38
38
38
38
38
38
38
39
39
39
39
39
39
40
40
40
40
41
41
41
41
41
41
41
41
41
41
42
42
42
42
40
42
42
42
42
43
43
42
43
43
43
43
46
43
43
43
43
43
46
69
47
44
44
44
44
44
44
44
45
46
46
46
46
46
46
46
46
46
47
45
48
48
48
48
49
49
49
49
49
49
49
50
49
49
49
49
49
50
50
50
46
51
47
52
51
52
52
52
52
53
49
53
53
53
53
53
53
54
54
51
55
56
56
56
57
56
56
56
56
56
57
57
57
57
57
30
58
57
58
58
58
58
58
61
59
61
59
60
60
60
60
61
61
61
61
61
61
61
61
61
61
61
61
61
61
61
62
62
65
62
63
63
63
63
63
63
63
64
64
64
64
64
64
64
65
65
65
65
65
65
66
66
66
66
66
66
66
66
66
66
67
61
67
67
67
67
67
67
67
67
67
67
67
67
67
67
67
67
61
67
69
68
68
68
69
71
69
69
69
69
69
69
69
69
69
69
70
70
70
70
70
70
70
70
71
71
71
67
71
71
71
71
71
71
71
70
71
71
71
72
72
72
74
74
72
72
71
73
73
73
73
73
73
49
74
74
74
75
75
75
75
75
75
75
76
76
76
76
76
10
53
75
56
1
3
4
22
22
21
20
25
26
19
18
15
14
6
6
6
22
22
22
7
7
28
28
28
31
46
49
43
45
42
40
68
61
68
67
66
66
56
37
37
38
38
38
38
40
41
39
38
36
23
23
27
27
27
23
27
27
23
28
23
23
8
29
29
51
32
32
35
35
35
60
60
60
60
60
60
59
59
30
30
35
34
29
59
29
29
29
30
69
31
35
23
8
24
44
69
61
58
28
29
29
59
29
29
30
38
22
37
42
76
56
