1
1
1
1
77
1
1
1
1
1
1
2
2
2
2
2
2
2
2
4
13
2
2
2
2
77
77
77
77
1
77
77
77
77
77
77
77
77
3
77
77
77
3
3
3
3
3
3
3
3
3
4
3
4
4
4
4
4
4
4
4
4
4
5
5
5
5
5
5
5
5
5
5
5
5
5
6
5
6
6
6
6
6
6
6
6
6
6
7
6
6
6
6
6
6
5
6
6
6
6
6
6
7
6
7
7
6
7
7
7
7
7
7
7
7
7
7
7
7
7
7
7
7
7
8
8
8
8
8
8
8
8
8
8
8
8
8
8
8
8
8
24
8
9
9
9
10
10
10
10
10
10
10
11
11
11
11
11
11
12
12
12
12
13
13
13
14
14
14
14
14
14
14
14
14
14
16
15
15
15
15
15
15
15
15
15
15
15
15
15
16
16
16
14
16
16
16
16
16
16
16
16
16
15
16
17
17
17
17
76
17
17
17
17
17
17
18
15
19
19
19
19
19
19
19
19
19
19
19
19
19
25
19
20
20
20
20
20
21
21
21
21
21
21
22
21
21
22
22
22
22
22
22
22
22
22
22
22
22
22
22
22
22
22
22
24
24
22
22
23
23
23
23
23
23
23
23
23
23
23
23
24
22
22
22
24
24
24
24
24
24
24
24
22
24
24
24
24
24
24
24
24
24
24
24
28
24
28
24
24
24
25
25
25
25
25
25
25
25
25
25
25
25
25
25
25
25
25
25
25
25
25
25
27
26
26
26
26
26
26
26
29
26
26
27
27
27
27
27
28
28
28
28
28
28
28
28
28
28
29
29
29
29
29
29
29
30
30
30
30
30
31
30
30
30
30
30
30
28
31
28
31
31
28
31
31
32
32
33
33
33
34
34
34
34
35
33
35
35
35
35
36
38
38
38
38
38
38
38
38
38
38
36
39
39
41
39
39
39
40
40
40
40
41
41
41
41
41
41
41
41
41
41
41
42
42
42
42
42
42
42
69
43
43
43
69
43
43
43
43
43
43
43
43
43
43
44
44
44
44
44
44
44
44
44
45
46
46
46
43
46
46
46
46
46
47
45
45
48
48
48
49
49
49
49
73
49
49
49
49
49
53
53
49
50
50
50
51
48
51
52
51
52
52
52
52
53
53
53
53
53
53
53
53
54
54
55
51
56
56
56
56
56
56
56
56
56
58
57
57
57
57
58
58
58
58
58
58
58
58
58
59
59
59
60
60
60
60
61
61
61
68
61
61
61
61
61
61
61
61
61
61
68
63
62
62
62
63
63
63
63
63
63
65
64
56
64
64
64
64
64
65
65
65
65
65
65
66
66
66
66
66
67
66
66
66
66
61
67
67
61
67
61
67
67
67
67
67
67
67
67
67
67
67
67
68
67
68
68
68
68
68
68
69
69
69
69
69
69
69
69
69
69
70
70
70
70
70
70
71
70
71
67
67
71
71
71
71
71
71
71
71
71
71
73
71
72
72
72
72
72
72
72
49
73
73
73
73
73
75
75
74
74
74
74
75
75
75
75
75
75
76
76
76
76
76
76
53
75
30
1
3
4
22
22
21
20
25
25
19
18
15
13
5
6
3
22
22
22
22
7
28
28
28
28
46
49
43
45
42
40
68
68
68
67
66
63
56
37
37
38
38
38
38
40
40
41
36
36
23
23
27
27
27
27
27
27
28
28
28
28
8
29
29
51
33
32
35
35
35
60
60
60
60
34
60
59
59
30
30
33
34
31
31
29
29
29
30
69
28
35
23
8
24
44
69
61
58
28
29
29
31
29
29
30
38
5
61
43
76
56
