1
1
1
1
1
1
1
1
1
1
1
2
2
2
2
1
1
13
2
4
13
2
2
2
4
77
77
77
1
77
77
77
77
77
77
77
77
77
77
77
77
77
3
3
3
3
3
3
3
3
3
3
3
4
4
4
4
4
4
4
4
4
4
5
5
4
5
5
5
5
5
5
5
5
5
5
6
6
6
6
6
3
6
6
6
6
6
6
6
6
6
6
6
6
6
6
6
7
6
6
6
6
6
6
6
6
6
7
7
7
7
7
7
7
7
7
7
7
7
7
7
7
7
7
7
7
8
8
7
7
8
8
8
8
8
8
8
8
8
8
8
8
8
9
9
9
10
10
10
10
10
11
10
11
11
11
11
11
11
12
12
12
12
13
13
13
14
14
13
13
14
14
14
14
14
14
14
15
11
15
15
11
15
15
15
15
15
15
15
17
16
16
16
16
16
16
16
16
16
16
16
16
15
16
16
17
17
17
17
76
76
17
17
17
17
17
18
19
19
19
19
19
19
19
19
19
19
19
19
19
19
19
19
20
20
20
20
22
21
16
16
16
16
16
21
21
21
21
21
21
22
22
22
22
20
20
22
22
22
22
21
22
22
22
22
22
23
22
22
23
23
23
20
23
23
20
23
23
23
20
23
24
24
24
24
24
24
24
24
24
24
24
24
24
24
24
24
24
24
24
24
24
24
24
24
24
24
24
24
24
24
19
19
25
25
25
25
25
23
25
25
25
25
25
25
23
23
25
25
25
25
26
26
26
26
26
26
26
26
29
26
29
29
27
27
27
27
29
27
28
28
28
28
28
28
28
28
28
28
29
29
29
29
29
29
30
30
30
30
30
30
30
30
30
30
30
30
30
31
32
28
31
28
29
31
31
32
8
32
32
33
34
34
34
34
35
35
35
35
35
35
36
38
38
34
38
38
38
38
38
38
38
36
39
39
39
39
39
39
40
40
40
40
41
41
41
41
41
41
41
41
42
42
42
42
42
42
42
42
42
42
42
43
43
43
43
43
43
43
43
43
43
43
43
43
43
69
69
69
44
44
44
44
44
47
45
52
52
46
43
46
46
46
46
51
47
48
48
51
48
48
49
49
49
49
49
49
49
50
49
49
49
49
49
50
50
50
51
51
51
52
51
52
52
52
52
49
53
53
53
53
53
53
53
55
54
51
55
56
56
56
56
56
56
56
56
56
30
57
57
57
56
58
30
58
58
58
58
58
58
61
59
61
59
60
60
60
60
61
61
61
61
61
61
61
61
61
61
61
61
61
61
61
63
62
62
62
63
63
63
63
63
63
63
64
64
64
64
64
64
64
65
65
65
65
65
65
66
63
66
65
66
66
65
66
66
70
67
67
67
67
67
67
67
67
67
67
67
67
67
66
67
67
67
67
67
68
68
68
68
68
71
71
69
69
69
69
69
69
69
69
69
69
70
70
70
70
70
70
70
70
71
71
71
70
71
71
71
71
71
71
71
71
71
71
71
72
72
72
72
74
72
72
73
73
73
73
73
73
73
73
74
74
74
74
75
75
75
75
75
49
76
76
76
76
76
10
53
75
30
1
3
4
22
22
16
20
23
26
19
19
15
14
6
6
6
22
22
22
7
7
32
28
32
28
46
49
43
45
42
40
61
61
68
67
66
63
56
37
61
38
38
38
38
40
41
39
36
36
23
23
27
27
27
23
27
28
28
28
32
28
8
29
29
51
32
32
35
35
35
59
60
60
60
60
60
59
59
29
30
32
34
31
31
29
29
29
30
69
32
35
23
8
24
44
69
37
58
29
29
30
31
29
30
30
38
5
61
42
76
56
