1
2
1
1
1
1
1
1
1
1
1
2
2
4
2
2
1
2
2
4
4
4
2
2
2
77
77
77
77
1
77
77
77
77
77
77
77
77
77
77
77
77
3
3
77
3
3
3
3
3
3
3
3
4
4
4
4
4
4
4
4
4
4
5
5
5
5
5
5
5
5
5
5
5
5
7
6
5
6
6
3
6
6
6
6
6
6
6
6
6
6
6
6
6
6
6
6
6
7
6
6
6
6
6
7
6
7
7
7
7
7
7
7
7
7
7
7
7
7
7
7
7
7
7
7
8
8
28
8
8
28
28
8
8
32
8
8
32
8
8
8
28
28
9
9
9
10
10
9
10
10
9
10
11
11
10
11
11
11
12
12
13
12
13
13
13
14
14
14
14
14
16
14
14
14
14
14
15
15
15
15
15
15
15
15
15
15
15
15
17
16
15
16
16
16
16
16
16
16
16
16
16
16
16
16
17
17
17
17
17
17
17
17
17
17
17
18
19
19
19
19
19
19
19
19
19
19
19
19
19
19
19
19
20
20
20
20
20
5
16
16
20
16
5
5
5
5
22
22
22
22
22
20
20
20
20
22
22
22
22
22
22
22
22
22
22
22
23
20
22
23
23
23
23
23
23
23
23
23
23
26
24
24
24
24
24
24
24
24
24
24
24
24
24
24
24
24
24
24
24
24
24
24
24
24
24
24
24
24
24
24
19
25
25
25
25
19
19
25
25
25
25
25
25
23
23
23
25
25
25
25
25
26
26
26
26
26
26
26
26
26
26
26
27
27
27
27
29
29
28
28
28
28
28
29
28
28
28
31
29
29
29
29
29
29
30
30
30
30
30
30
30
30
30
30
29
29
30
31
28
31
31
31
29
29
31
32
32
33
34
34
34
35
34
34
35
35
35
35
35
35
36
38
38
38
38
38
38
38
38
38
38
39
39
39
39
39
41
39
40
40
40
40
39
41
40
41
41
41
41
41
41
42
42
42
42
42
40
42
42
42
42
43
43
43
69
43
43
43
43
43
46
46
43
43
43
44
44
69
44
44
44
44
44
49
45
46
46
46
46
46
46
46
46
51
47
48
45
48
48
48
49
49
49
49
49
49
49
50
49
49
49
49
49
50
50
50
51
51
51
46
52
52
52
52
52
54
53
53
53
53
53
53
53
54
54
55
54
56
56
56
56
56
56
56
56
56
57
30
57
57
57
58
58
58
57
57
58
58
58
58
59
59
59
60
31
60
60
61
61
61
61
61
61
61
61
61
61
61
61
61
61
68
62
62
62
62
63
63
63
63
63
63
63
64
64
56
64
64
64
64
63
65
65
65
65
65
63
63
63
65
66
66
66
66
66
70
67
67
67
67
67
67
67
67
67
67
67
67
67
67
67
67
67
67
61
68
68
68
67
68
71
67
69
69
69
69
69
69
69
44
69
69
70
70
70
70
70
70
70
72
71
71
71
71
71
71
71
71
49
71
71
70
71
71
71
72
72
72
72
74
75
72
71
73
73
73
73
73
73
75
74
74
74
75
75
75
75
75
75
75
76
76
76
76
76
76
53
75
30
1
3
4
5
22
21
20
19
25
19
18
15
13
6
6
6
22
22
22
7
7
28
28
28
28
46
49
46
45
42
40
40
68
68
67
66
63
56
37
38
37
38
38
39
40
41
41
36
36
23
27
27
27
27
28
27
28
28
28
28
28
8
29
29
51
33
28
35
35
35
60
59
59
60
60
60
59
59
30
30
35
34
31
59
29
29
30
30
69
28
35
23
28
24
49
69
61
58
29
29
29
31
29
29
30
40
5
61
42
76
56
