1
1
1
1
1
1
1
1
1
1
1
2
2
2
2
2
2
2
2
2
2
2
2
2
2
77
1
1
1
77
77
77
77
77
77
77
77
77
77
77
77
77
3
3
3
3
3
3
3
3
3
3
3
4
4
4
4
4
4
3
4
4
4
5
5
5
5
5
5
5
5
5
5
5
5
5
6
6
6
6
3
3
6
6
6
3
6
6
6
6
6
6
6
6
6
6
6
7
6
6
6
6
6
6
7
6
6
7
7
7
7
7
6
7
7
7
7
7
7
7
7
7
7
7
7
8
8
8
8
8
8
8
8
7
8
8
8
8
8
8
8
8
8
9
9
10
10
10
10
10
76
10
10
11
11
11
11
11
11
12
12
13
12
13
13
13
14
14
12
14
12
14
14
14
14
14
14
15
15
15
15
15
15
15
15
15
15
15
15
15
16
16
16
16
16
16
16
16
16
16
16
16
16
16
16
17
17
17
17
17
17
17
17
17
17
17
18
19
19
19
19
19
19
19
19
19
19
19
19
19
19
19
19
20
20
20
19
20
21
20
21
21
21
21
21
21
21
21
22
22
22
22
22
22
22
22
22
22
22
22
22
22
22
22
22
24
22
22
22
23
23
23
22
23
23
23
23
23
23
23
23
24
22
22
24
24
24
24
24
24
24
24
24
24
24
24
24
24
24
24
24
24
24
24
24
24
24
28
24
24
24
25
25
25
25
25
25
25
25
25
25
25
25
25
25
25
26
25
25
25
25
25
25
26
26
23
26
26
26
26
26
26
26
29
27
27
27
27
27
24
28
28
28
32
28
28
28
28
28
29
29
29
29
29
29
30
30
30
30
30
30
30
30
30
30
30
30
30
31
31
31
31
31
31
31
31
32
8
32
33
33
34
34
34
34
35
33
35
35
35
35
36
38
38
38
38
35
38
38
38
38
38
36
39
39
39
39
39
39
40
40
40
40
41
41
41
41
41
41
41
41
41
41
42
42
41
42
42
40
42
42
42
43
42
43
42
43
43
43
46
43
43
43
43
43
46
44
44
44
44
44
44
44
47
44
45
46
46
46
46
46
46
46
46
46
47
48
47
48
48
48
49
49
49
73
49
49
49
49
49
49
49
53
49
50
50
50
51
51
51
52
52
52
52
52
52
53
53
53
53
53
53
53
53
54
54
55
55
56
56
56
56
56
56
56
64
64
57
57
57
57
57
58
30
58
58
58
58
58
58
58
59
59
59
60
60
60
60
61
61
61
61
61
61
61
61
63
61
61
61
61
61
61
62
66
66
62
63
63
63
63
63
63
63
64
56
64
64
64
64
64
66
66
65
65
65
70
66
66
66
66
66
66
66
66
66
66
67
67
67
67
66
67
67
67
67
67
67
67
66
67
67
67
67
67
68
68
68
68
68
68
68
68
69
69
69
69
69
69
69
69
69
44
70
70
70
70
70
70
70
70
71
71
71
70
71
71
71
71
71
71
71
71
72
71
71
72
72
72
72
72
72
72
73
73
73
73
73
73
73
49
74
74
74
74
49
75
75
75
75
75
76
76
76
76
76
10
53
75
30
2
3
3
22
22
21
20
25
25
19
18
15
13
6
6
6
22
22
22
7
7
28
24
28
28
46
49
45
45
42
68
68
68
68
67
66
63
56
37
37
38
35
35
38
40
41
41
36
36
23
23
27
27
27
27
27
27
28
28
28
28
8
29
29
51
32
32
35
35
35
59
60
60
60
60
60
59
59
30
30
33
34
28
31
29
29
30
30
69
28
35
23
8
24
44
69
61
62
28
29
29
31
27
29
30
38
5
61
42
76
56
