1
1
1
1
1
1
1
1
1
2
1
2
2
2
2
2
2
2
2
2
2
4
4
4
2
77
77
77
77
77
77
77
77
77
77
77
77
77
77
77
77
77
3
3
3
3
3
3
3
3
4
3
3
4
4
4
4
4
4
4
4
4
4
5
5
5
5
5
5
5
5
5
5
5
5
5
6
6
6
6
6
6
6
6
6
6
6
6
6
6
6
6
6
6
6
6
6
6
7
6
6
6
6
7
6
6
7
7
7
7
7
7
7
7
7
7
7
7
7
7
7
7
7
7
7
8
8
8
7
8
7
7
8
8
8
8
8
8
8
8
8
8
8
9
9
9
10
10
10
10
10
10
10
11
11
11
11
12
11
12
12
12
12
13
13
13
14
14
14
14
14
14
14
14
14
14
14
15
15
15
15
15
15
15
15
15
19
15
15
15
16
16
16
16
16
16
16
16
16
16
16
16
16
16
16
17
17
17
17
17
17
17
17
17
17
17
18
19
19
19
19
19
19
19
19
19
19
19
19
19
19
19
19
20
20
20
20
20
5
21
21
21
21
22
22
5
22
22
5
22
22
22
22
22
22
20
22
23
22
22
22
22
5
22
24
22
23
23
22
23
23
23
23
23
23
23
23
23
23
23
27
24
24
24
24
24
24
23
24
24
24
24
24
24
24
24
24
24
24
24
24
24
24
24
24
24
24
28
24
24
24
19
25
25
25
25
25
25
25
25
25
25
25
25
25
23
25
25
25
25
25
25
25
27
27
23
23
26
26
26
26
26
26
27
27
27
27
27
29
28
28
27
28
28
28
29
28
28
28
29
29
29
29
29
29
29
30
29
30
30
30
30
30
30
30
30
29
30
31
28
31
31
31
31
31
31
32
8
32
33
34
34
34
34
34
35
35
35
36
35
35
36
38
38
35
38
38
38
38
38
38
38
39
39
39
39
41
41
39
40
40
40
40
41
41
41
41
41
41
41
41
42
41
42
42
42
42
42
40
42
42
42
43
43
43
43
43
43
43
43
43
43
43
43
43
43
69
44
44
44
69
44
44
44
44
45
46
46
46
43
46
46
46
46
46
47
48
48
48
48
48
49
49
49
49
73
49
49
49
49
75
49
49
49
50
50
50
48
51
51
46
46
52
52
55
52
53
53
75
53
53
53
53
53
54
53
55
54
56
56
56
56
56
56
56
56
56
58
57
57
57
57
58
30
58
58
58
58
58
58
61
59
61
59
60
60
60
60
61
61
61
61
61
67
61
61
61
61
61
67
67
61
61
62
56
62
62
61
63
63
63
63
63
63
56
64
64
64
64
64
64
65
65
64
65
65
64
66
63
66
66
66
66
66
66
66
65
67
67
67
67
67
67
67
67
67
67
67
67
66
67
67
67
67
67
68
68
68
68
68
68
68
67
69
69
69
69
69
69
69
69
69
69
70
65
70
70
70
70
70
70
71
71
71
71
71
71
71
71
71
71
71
71
71
71
71
72
72
72
72
72
72
75
73
73
73
73
73
73
73
73
74
74
74
74
75
75
75
75
75
75
76
76
76
76
76
10
53
72
30
1
3
4
5
22
21
20
25
29
19
18
15
13
6
6
6
22
7
22
7
7
28
28
28
28
46
71
43
45
42
40
61
68
68
67
66
63
56
37
37
35
38
38
38
38
41
41
38
36
23
23
27
27
27
24
27
27
27
28
28
28
8
29
29
51
32
32
35
35
35
59
60
60
60
60
31
59
59
30
30
34
34
31
31
29
29
29
29
69
28
35
23
8
24
44
69
61
58
29
29
29
31
29
29
30
38
5
61
42
76
56
