1
1
1
1
1
1
1
1
1
77
77
2
2
2
2
2
2
2
2
2
13
2
2
2
77
77
77
77
77
1
77
77
77
77
77
77
77
77
77
77
3
77
3
3
3
3
3
4
3
4
4
4
3
2
4
2
4
2
4
4
4
5
4
5
5
5
5
5
5
5
5
5
5
5
5
5
6
6
6
5
6
6
6
6
6
5
5
6
6
7
6
6
6
6
6
5
6
6
7
6
7
6
7
6
6
7
6
7
6
7
7
7
6
7
6
5
7
7
7
7
7
8
7
7
7
8
8
8
8
7
8
8
8
8
8
8
8
8
32
8
32
32
8
9
9
9
10
10
10
9
10
11
10
11
11
11
11
12
11
12
12
13
12
13
13
13
14
14
14
13
14
14
16
14
14
14
5
12
15
11
15
11
11
15
15
15
15
16
15
15
16
16
16
16
16
16
16
16
21
16
21
21
16
16
16
17
17
17
17
17
76
17
18
18
17
15
18
19
19
15
19
15
19
19
15
19
19
20
19
19
19
19
19
20
20
20
19
20
21
21
21
21
21
21
21
21
21
21
21
22
22
21
20
20
22
22
22
21
22
22
21
22
22
22
22
22
22
22
23
23
23
23
23
23
23
23
23
23
23
23
23
22
22
22
24
24
23
24
24
24
24
24
22
24
24
24
24
24
24
24
24
24
24
24
24
27
27
24
24
28
28
19
25
18
18
25
25
25
25
25
25
25
25
25
25
23
25
25
25
25
25
25
25
26
26
26
25
25
26
26
26
26
29
26
27
26
26
27
29
28
28
27
28
28
29
28
28
28
28
29
29
30
29
29
29
30
29
30
30
30
30
31
30
29
30
30
30
30
31
28
28
31
28
28
31
31
32
8
32
33
33
34
34
34
34
35
35
35
35
35
38
36
38
38
38
38
40
40
40
38
40
40
39
39
39
38
39
39
39
40
40
40
40
41
41
40
41
41
42
41
41
41
42
41
42
42
41
41
40
42
42
42
42
43
43
43
69
43
42
43
43
43
43
43
43
43
44
44
69
44
44
47
47
47
47
45
43
46
46
46
46
46
46
46
48
47
48
47
48
48
48
49
49
50
49
49
49
49
50
49
49
53
53
49
50
50
50
48
51
47
52
52
52
52
52
51
53
53
53
53
53
53
53
53
54
54
55
55
57
57
56
57
56
56
56
56
56
30
57
57
57
62
59
58
30
30
58
58
58
61
58
59
61
61
35
60
59
60
61
61
61
68
68
61
61
61
63
63
61
61
61
61
61
62
62
62
62
63
62
62
63
62
63
63
64
64
56
64
64
64
64
65
64
65
65
66
65
66
63
63
65
66
70
66
66
70
70
68
67
67
67
66
66
66
67
68
67
66
67
66
67
67
67
67
67
68
68
68
68
68
69
68
68
69
68
42
69
69
69
69
69
69
69
70
70
70
70
71
70
71
70
68
71
71
71
71
71
70
71
69
71
70
70
71
71
71
72
72
72
72
72
72
75
73
73
73
73
73
49
73
49
75
74
74
74
75
75
72
75
75
75
76
76
76
76
76
10
53
75
30
77
4
4
22
22
21
23
25
29
19
18
12
4
5
5
6
22
22
22
7
22
28
28
31
28
43
49
43
45
42
40
68
61
61
68
66
63
56
37
38
38
40
38
38
40
41
41
36
36
23
23
27
27
29
27
27
27
27
28
28
28
8
29
29
51
32
32
33
35
38
59
60
60
60
60
35
59
59
30
58
33
35
31
31
29
29
29
29
69
31
35
23
7
24
44
68
61
58
28
29
29
31
29
29
58
38
5
68
42
76
56
