1
1
1
1
1
1
1
1
2
1
1
1
1
1
2
2
2
2
2
13
2
13
13
4
4
77
77
77
1
77
77
77
77
77
77
77
77
77
77
77
77
77
3
3
3
3
3
3
3
3
4
3
3
4
4
4
4
4
4
4
4
4
4
5
5
4
5
5
5
5
5
5
5
6
5
5
3
3
6
3
6
6
6
6
6
6
6
6
6
6
6
6
6
6
6
6
6
6
6
7
6
6
7
6
6
6
6
7
7
7
7
7
7
7
7
7
7
7
7
7
7
7
7
7
7
8
8
8
8
8
8
8
8
8
8
8
8
8
8
8
8
8
8
9
9
9
10
10
10
10
10
10
10
11
11
11
11
11
11
11
12
13
11
13
13
13
14
14
14
14
14
14
14
14
14
14
14
15
15
15
15
11
15
17
15
15
15
15
15
15
16
16
16
16
16
16
16
16
16
16
16
16
16
16
16
17
17
17
17
17
76
17
17
17
17
17
18
19
19
19
17
19
19
19
19
19
19
20
19
19
19
19
19
20
20
20
20
20
21
22
21
21
21
21
21
21
5
21
21
21
20
22
20
22
22
20
20
22
21
22
22
21
22
22
22
22
22
22
22
23
23
23
23
23
23
23
23
23
23
23
23
24
24
24
24
24
24
24
24
24
24
24
24
24
24
24
24
24
24
24
24
24
24
24
24
24
24
24
24
24
24
19
25
25
25
25
25
25
25
25
25
25
25
25
25
25
25
25
25
25
25
25
29
26
26
26
26
26
26
26
29
29
26
27
27
27
27
29
27
28
28
27
28
31
27
28
28
28
28
29
29
30
29
30
29
30
30
30
30
30
30
30
30
30
30
30
30
30
31
28
31
31
31
31
28
28
31
31
33
32
34
34
34
34
35
35
35
35
35
35
35
36
38
38
38
38
38
38
38
38
38
38
36
39
39
39
39
39
39
40
40
40
40
39
41
41
41
41
41
41
42
41
41
42
42
42
42
42
42
42
42
42
43
43
43
43
43
43
43
43
43
43
43
43
43
46
44
47
44
44
44
44
44
44
44
45
46
46
46
46
46
46
46
46
46
47
48
45
48
48
48
49
49
49
49
49
49
49
50
49
49
49
49
50
50
50
50
48
51
51
52
48
52
52
52
51
53
53
75
53
53
53
53
53
55
54
52
55
56
56
56
56
56
56
56
56
56
57
57
57
57
57
58
58
58
58
58
58
58
58
58
59
59
59
60
60
60
60
61
61
61
61
61
61
61
61
61
61
61
61
61
61
61
62
62
62
62
63
63
63
63
63
63
63
64
64
64
64
64
64
64
65
64
65
65
65
65
66
66
66
66
66
66
66
66
66
66
67
67
67
67
67
67
67
67
67
67
67
67
67
67
67
67
67
67
61
68
68
68
67
68
69
71
69
69
69
69
69
69
69
69
69
69
66
70
70
70
70
70
70
70
71
71
71
71
71
71
71
71
71
71
71
71
71
71
71
72
72
72
72
74
72
75
73
73
73
73
73
73
73
73
74
74
74
75
75
72
75
75
75
75
76
76
76
76
76
10
53
75
30
2
3
4
22
22
16
20
19
29
19
18
16
13
6
6
6
22
7
22
7
7
31
28
31
28
46
49
43
45
42
40
68
61
68
67
63
63
56
37
37
38
38
38
38
40
41
41
36
36
23
26
26
27
27
27
29
27
27
28
28
28
8
27
29
51
33
31
34
35
35
60
60
59
60
60
60
59
59
30
30
34
34
30
59
29
29
29
29
69
31
35
26
8
24
44
42
61
57
28
29
29
31
27
30
58
38
5
61
42
76
56
