1
1
1
1
1
1
1
1
1
1
1
1
2
2
2
2
2
2
2
2
13
2
2
4
2
77
77
77
77
1
77
77
77
77
77
77
3
3
3
77
77
77
4
3
3
77
77
3
3
3
3
3
3
4
4
4
4
4
4
4
14
14
4
5
5
5
5
5
5
5
5
5
5
5
5
7
6
5
6
6
6
3
3
6
3
6
6
6
6
6
6
6
6
6
6
6
6
7
6
6
6
6
7
6
6
6
6
7
7
7
7
7
6
7
7
7
7
7
7
7
7
7
7
8
7
8
8
8
7
8
8
8
8
8
8
8
8
8
32
32
32
8
8
9
9
9
10
9
10
9
10
10
10
11
10
11
11
11
11
12
12
12
13
13
13
13
13
14
16
14
14
14
16
14
14
14
14
15
15
15
15
15
17
17
15
15
19
19
15
15
16
16
16
16
14
16
16
16
16
16
21
16
16
21
21
17
17
17
17
17
76
76
17
17
18
17
18
20
19
19
19
15
19
19
19
19
19
20
19
19
19
19
19
20
20
20
20
20
5
21
21
21
21
22
21
21
22
22
22
21
22
22
22
22
20
22
22
22
22
22
22
22
22
22
22
22
22
22
22
22
23
22
23
23
23
23
23
23
23
23
26
24
24
24
24
22
22
24
22
24
24
24
24
24
24
24
24
24
24
24
24
24
24
24
28
24
24
24
28
24
24
25
25
25
25
25
25
25
26
25
26
25
25
26
25
25
26
25
25
25
25
25
25
27
26
26
26
25
26
26
27
26
26
27
27
26
26
27
29
28
28
28
28
32
27
28
28
28
28
29
29
29
29
29
29
30
29
29
30
30
30
30
30
30
30
30
30
30
31
31
28
31
31
31
31
31
32
8
33
33
33
60
34
34
34
35
35
35
35
35
34
36
38
38
38
38
38
38
38
38
40
38
36
39
39
38
39
39
39
40
40
40
40
41
41
40
41
41
41
41
42
41
41
42
42
42
42
42
42
42
42
42
43
42
43
43
43
43
43
43
43
43
46
43
43
43
44
44
69
44
44
49
44
44
49
45
46
46
46
43
46
46
46
46
51
47
45
48
48
48
48
49
49
50
49
49
49
50
50
50
49
49
49
49
50
50
50
51
51
51
52
51
51
52
52
52
53
53
53
53
53
53
53
53
54
54
51
55
30
56
56
56
56
56
56
56
56
57
57
57
62
57
58
58
58
58
58
62
62
58
61
59
61
59
60
34
60
34
61
61
61
61
61
61
67
61
62
61
61
67
61
61
61
62
62
56
62
61
63
63
63
63
63
63
64
64
64
64
64
64
64
65
64
65
65
65
65
66
63
66
65
66
66
66
66
66
66
67
67
67
67
63
67
67
67
67
67
67
67
67
67
67
67
67
66
67
68
69
68
68
68
68
67
69
69
42
69
69
69
44
69
69
69
70
70
70
70
70
70
70
70
71
71
67
71
71
71
67
71
71
71
71
71
71
73
71
72
72
75
75
75
72
72
73
73
73
73
73
73
73
73
74
74
74
74
72
75
75
75
75
75
76
76
76
76
76
76
53
74
30
1
3
4
7
22
21
20
25
25
19
18
15
13
5
6
3
7
22
22
7
7
28
28
28
28
46
49
46
45
42
40
68
61
68
68
66
63
56
37
37
38
38
38
39
40
41
41
36
36
23
23
26
26
27
27
27
27
28
27
28
27
8
29
29
51
32
32
35
35
35
60
34
60
60
60
34
59
59
31
30
33
34
31
31
29
29
29
29
69
28
35
26
7
24
44
42
61
62
28
29
31
31
29
29
30
38
5
61
42
76
56
