1
2
2
1
1
1
1
1
1
2
1
13
13
13
13
2
2
13
2
4
13
2
2
4
2
77
77
77
1
1
2
1
1
77
1
77
77
77
77
77
77
77
4
77
3
77
3
3
3
3
4
4
3
4
14
4
4
4
4
14
14
14
5
5
5
16
5
5
5
5
5
5
5
5
5
5
4
5
5
4
3
3
6
3
3
6
6
6
6
6
6
6
6
6
6
6
5
5
5
6
7
6
6
7
7
7
6
7
7
6
6
7
7
7
7
5
22
7
7
7
7
7
8
8
8
7
8
8
8
8
32
8
32
8
8
32
8
8
32
32
32
32
8
9
9
9
10
9
10
76
76
10
10
9
9
10
9
11
11
9
12
12
12
13
14
13
14
14
16
14
12
12
16
14
14
16
14
12
11
11
11
17
17
15
11
15
15
15
15
15
12
12
16
16
16
16
14
16
16
16
20
16
16
15
20
17
17
17
17
76
76
76
17
17
18
17
17
19
19
19
17
15
18
15
19
15
15
19
19
19
19
18
19
20
20
19
20
20
21
20
21
21
21
20
21
21
21
21
21
20
20
20
20
20
21
20
21
21
21
21
21
22
22
22
22
22
22
22
23
22
23
23
23
19
19
23
23
24
23
23
23
22
22
22
22
22
24
24
22
22
24
24
24
24
24
28
28
28
27
24
24
24
24
27
27
27
28
27
28
24
24
25
25
18
18
25
25
25
19
19
25
25
25
25
19
23
23
25
25
29
25
29
23
23
26
26
23
23
23
26
27
26
26
27
29
27
27
29
30
28
27
29
29
32
28
29
27
27
28
29
30
30
30
30
29
30
30
30
58
30
30
30
30
58
30
58
58
30
31
31
31
31
31
31
31
31
32
8
33
33
33
34
34
35
35
35
34
35
36
38
35
36
36
36
35
37
38
40
40
37
40
40
39
39
39
39
39
41
39
42
42
40
40
41
41
40
40
41
41
41
41
41
42
41
42
42
42
42
40
42
69
69
43
42
43
69
69
69
43
46
43
45
43
43
43
46
44
47
44
44
44
44
47
47
47
48
46
43
46
43
45
45
48
46
48
47
48
47
51
51
48
47
49
49
73
53
49
50
49
49
53
53
49
49
50
50
50
51
48
51
52
51
52
52
55
51
49
53
75
75
53
53
53
49
54
54
55
55
58
58
57
57
56
56
56
56
56
58
57
57
62
57
59
58
58
58
58
59
58
59
59
61
61
59
37
31
60
60
61
61
37
37
37
61
61
61
61
66
66
61
61
61
61
62
56
62
62
62
62
62
62
63
63
63
62
64
56
64
64
64
64
63
62
64
65
65
64
66
63
66
63
66
66
66
63
66
66
67
67
67
67
66
66
66
67
68
67
67
66
67
67
67
67
67
67
68
68
68
67
68
68
68
67
69
69
69
69
44
69
68
44
69
44
65
65
65
65
65
70
70
70
67
67
70
70
70
71
71
68
68
71
71
71
71
71
71
72
72
72
72
75
75
72
73
73
73
72
73
73
73
72
74
74
74
74
72
75
75
74
75
75
76
76
76
76
76
76
53
74
58
2
3
14
5
22
20
19
19
29
18
18
12
13
4
3
3
22
22
22
22
24
27
28
28
27
52
73
45
45
42
40
42
42
68
67
66
63
56
37
40
37
38
38
38
40
40
41
36
35
23
23
27
27
29
27
29
29
27
29
27
27
32
30
29
51
33
32
35
35
36
60
60
59
37
37
60
59
59
31
58
35
34
31
31
30
30
30
30
69
28
35
23
8
24
68
42
37
59
28
29
30
31
28
29
30
40
5
37
42
76
56
