1
1
1
1
1
1
1
77
77
1
1
1
2
2
2
2
2
2
2
2
13
2
2
4
2
77
77
77
77
77
77
4
77
77
77
77
77
77
77
3
77
77
3
77
3
3
3
3
3
3
3
3
3
4
4
4
4
4
4
4
4
14
4
4
5
5
5
5
5
5
5
5
5
5
5
5
6
6
6
6
3
3
6
6
3
3
6
6
6
6
6
6
6
6
6
6
6
6
7
6
6
6
7
6
6
6
6
7
7
7
7
7
7
7
7
7
7
7
7
7
7
7
7
7
7
8
8
8
8
7
8
8
8
8
8
8
8
32
8
8
8
8
8
9
9
9
10
10
10
10
76
76
11
11
11
11
11
12
11
12
12
12
12
13
13
13
14
14
14
14
14
14
14
14
14
14
14
15
15
11
15
15
15
15
15
15
15
16
15
15
16
16
16
16
16
16
16
16
16
16
16
16
16
16
16
17
17
17
17
17
17
17
17
17
17
17
18
19
15
15
19
19
19
19
19
19
19
19
19
25
19
25
19
20
20
20
20
20
21
21
21
21
21
22
22
22
21
22
22
22
22
22
20
22
22
20
20
20
22
22
22
22
22
22
22
22
22
22
22
23
23
23
23
23
23
23
23
23
23
23
23
24
24
24
24
24
22
24
24
24
24
24
24
24
24
24
24
24
24
24
24
24
23
24
28
24
28
28
24
24
24
25
25
25
19
25
25
25
23
25
25
25
25
25
25
25
25
25
25
25
25
25
25
26
26
26
23
25
26
26
26
26
25
27
27
27
27
27
27
28
28
28
28
28
27
28
28
28
28
29
27
29
29
29
29
30
30
29
30
30
30
31
29
30
30
30
30
30
31
28
28
31
28
31
31
31
32
32
32
33
33
34
34
34
34
35
33
35
38
35
38
36
38
38
38
37
38
38
38
38
38
40
39
39
39
39
39
39
39
40
40
40
40
41
41
40
41
41
41
41
41
42
41
41
42
42
42
42
40
42
42
42
43
42
43
43
43
43
43
43
43
43
43
43
43
43
45
45
44
44
44
44
44
44
44
45
43
46
46
46
46
46
46
46
46
47
48
48
48
48
48
49
49
49
49
73
49
50
49
49
49
49
49
49
50
50
50
46
51
51
52
52
52
52
52
55
53
53
53
53
53
53
53
54
54
54
55
54
56
56
56
56
56
56
56
64
56
57
57
57
57
57
30
58
58
58
58
58
58
58
61
59
59
59
60
59
59
60
61
61
61
61
61
61
67
61
61
61
61
67
61
61
61
62
62
62
62
63
63
62
63
63
63
63
64
64
64
64
64
64
64
65
65
64
65
65
65
66
63
66
66
66
67
66
66
67
66
68
67
67
67
63
67
67
67
68
68
67
67
67
67
67
68
67
67
68
68
69
68
68
68
68
68
69
69
69
69
69
69
69
69
69
69
66
65
70
70
70
70
70
70
71
71
71
71
71
71
71
71
71
71
71
71
72
71
73
72
72
72
72
72
75
75
73
73
73
73
73
73
73
73
72
74
74
74
75
75
75
75
75
75
76
76
76
76
76
76
53
75
30
1
3
4
22
22
21
20
25
25
19
18
15
13
6
6
6
22
22
22
22
22
28
28
28
28
46
71
43
45
42
40
68
61
68
67
66
63
56
37
37
37
38
38
38
40
41
41
36
36
23
23
27
27
27
27
29
27
28
28
28
28
8
29
29
46
32
32
33
35
35
60
60
60
60
60
31
59
59
29
30
33
34
31
31
29
29
29
30
69
28
35
23
8
24
44
69
61
63
28
27
29
31
29
30
30
38
5
61
42
76
56
