1
2
1
1
1
1
1
1
1
1
1
2
2
2
2
2
1
2
2
2
2
2
2
2
2
77
77
77
77
77
1
77
77
77
77
77
77
77
77
77
3
77
4
3
77
3
3
3
3
3
3
3
3
4
4
4
4
4
4
4
4
4
5
5
5
5
5
5
5
5
5
5
5
5
5
5
3
3
5
6
3
3
6
6
6
6
6
6
6
6
6
7
6
6
6
6
6
6
6
7
7
6
6
7
7
7
6
6
7
7
7
7
7
7
7
5
5
7
7
7
7
8
7
7
7
8
8
8
8
8
8
8
32
8
8
8
32
32
32
32
8
8
8
9
9
12
10
12
10
10
76
11
11
10
11
11
11
11
11
12
12
12
12
13
13
13
14
14
14
14
16
16
14
14
14
14
4
15
15
15
15
15
17
15
15
15
15
15
19
15
16
16
16
16
16
16
5
5
5
21
16
16
16
21
21
17
17
17
17
76
17
17
17
17
17
17
18
15
15
19
19
19
17
19
19
19
19
15
19
19
19
19
19
21
22
19
19
20
21
21
21
21
21
21
22
21
21
5
21
22
22
22
22
22
22
20
22
22
22
21
22
22
22
22
22
22
22
23
23
24
23
23
20
23
23
20
20
23
23
23
26
24
24
22
24
24
24
24
24
24
24
24
24
24
24
24
28
24
24
24
24
24
23
24
28
28
24
28
24
24
28
25
19
25
25
25
25
25
25
25
25
25
25
25
23
23
25
25
25
25
25
25
25
26
26
26
25
25
26
26
26
26
26
27
27
27
27
27
27
8
28
27
28
32
28
28
28
28
28
29
29
31
29
30
29
30
30
29
30
30
58
30
30
30
30
29
29
29
28
31
31
31
31
28
28
31
32
32
33
33
33
34
33
34
60
35
33
35
35
35
60
38
38
38
38
38
39
38
38
38
38
38
39
36
39
39
39
39
39
40
40
40
40
41
41
41
42
42
41
41
42
41
41
42
42
42
42
40
42
42
42
42
43
42
42
42
42
43
43
52
43
43
43
43
52
52
44
49
44
44
44
44
49
49
49
45
52
46
43
43
46
46
46
46
46
47
48
47
48
48
48
44
49
49
49
49
49
50
49
49
49
53
49
49
50
50
50
46
51
51
52
52
52
52
52
52
49
53
53
53
53
53
53
54
54
54
55
55
56
56
56
56
56
56
56
64
56
30
57
57
30
57
58
58
30
58
58
61
58
58
58
59
59
61
34
60
60
60
58
61
61
61
61
61
61
61
61
67
67
67
61
61
68
56
56
62
62
66
61
56
63
61
63
63
64
64
64
64
64
64
64
65
65
64
65
65
65
66
66
66
65
66
66
66
66
70
66
67
67
67
67
67
67
67
67
67
67
67
67
67
67
67
67
70
70
67
68
69
68
68
68
68
71
69
69
42
69
69
69
69
69
44
69
70
70
70
70
70
70
70
71
71
71
70
71
71
70
70
71
71
71
71
71
72
73
71
72
72
72
72
74
75
72
49
73
49
73
73
73
73
73
74
74
74
74
72
75
74
75
75
75
76
76
76
76
76
76
53
74
30
1
3
5
5
24
21
20
19
25
17
18
15
13
5
6
6
22
7
22
5
7
28
28
32
28
46
49
46
45
42
40
68
68
68
67
66
66
56
37
40
37
39
38
39
40
42
41
36
36
23
23
27
27
27
27
27
27
28
28
28
28
8
29
29
51
32
32
33
35
35
60
60
60
60
34
60
59
60
30
30
33
60
31
31
29
29
29
30
69
28
35
23
28
28
44
69
61
61
28
29
30
31
29
29
58
39
5
40
42
76
56
