1
2
1
1
1
1
1
1
1
2
1
2
2
13
2
2
2
2
2
2
13
2
2
2
2
77
77
1
1
1
77
77
77
77
77
77
3
77
3
77
77
4
4
3
3
3
3
3
3
3
3
3
3
4
4
4
4
4
4
5
4
4
4
5
4
5
5
5
5
5
5
5
5
5
5
5
6
3
6
6
3
3
6
6
6
6
5
6
6
6
6
6
6
6
6
5
7
6
6
7
7
6
6
7
6
7
6
7
7
7
7
7
7
7
7
7
22
22
7
7
7
7
7
7
8
8
8
8
8
7
8
8
8
8
8
8
8
8
32
8
8
8
8
9
9
9
10
9
10
9
10
10
11
11
11
11
11
11
11
12
12
12
12
13
12
13
13
14
14
14
12
14
14
14
14
16
14
15
15
11
15
11
15
15
15
15
15
15
15
15
14
16
16
16
16
16
16
5
5
16
21
16
15
20
16
17
17
17
17
17
17
17
18
18
17
17
18
19
19
19
19
15
19
15
19
19
19
20
20
19
19
19
19
20
20
20
20
20
21
16
21
21
21
21
21
5
5
22
22
22
22
22
22
20
20
20
22
22
22
22
22
22
22
24
22
23
23
22
20
23
23
23
23
23
23
23
23
23
23
23
23
22
24
24
24
22
23
24
24
24
28
24
24
24
24
24
24
28
24
28
24
24
24
27
28
28
28
24
28
24
28
19
25
19
19
19
25
25
25
25
25
25
25
25
25
23
25
25
25
25
25
25
25
26
23
26
26
26
26
26
26
26
26
27
27
27
27
27
27
28
28
28
28
32
29
28
28
28
28
29
29
29
29
29
29
29
29
30
29
30
30
30
30
30
30
30
30
30
28
28
31
31
31
31
31
31
32
8
32
32
33
60
34
34
34
35
35
35
35
38
38
36
38
35
38
38
38
38
40
40
38
40
39
39
36
36
39
39
39
42
40
40
69
39
41
41
41
41
41
41
41
41
42
42
42
42
42
42
42
42
69
69
42
42
42
43
43
42
42
43
43
43
43
43
43
46
44
44
44
44
44
44
44
44
50
45
46
46
46
46
46
46
46
46
46
47
48
48
48
48
48
49
50
50
49
49
49
50
49
49
49
53
49
49
50
50
50
46
51
51
46
52
52
46
52
52
49
53
53
53
53
53
53
53
54
54
55
55
30
56
56
56
56
56
56
56
56
57
57
57
57
62
58
58
57
58
58
58
58
58
58
59
61
59
60
31
60
60
61
61
61
68
61
61
61
61
61
67
67
61
61
61
68
62
62
65
62
58
58
63
63
63
63
63
65
64
56
64
64
64
64
65
65
65
65
65
65
66
63
66
66
66
66
66
66
67
66
67
61
61
61
67
67
67
67
67
67
67
67
67
67
67
67
67
67
68
68
68
68
68
68
68
71
69
69
69
69
69
69
69
44
69
69
70
65
65
70
70
70
70
71
71
71
67
70
71
71
71
71
71
71
71
71
73
71
73
72
75
72
72
74
74
75
73
71
73
73
73
49
73
73
74
74
74
74
49
75
75
75
75
75
76
76
76
76
76
10
53
75
30
1
3
5
22
22
21
20
25
25
19
18
15
13
5
6
6
22
22
22
22
24
28
28
28
28
46
49
43
45
42
40
68
68
68
68
63
67
56
37
37
40
38
38
38
40
41
41
36
36
24
23
27
27
27
27
29
27
28
29
28
28
8
29
29
51
32
32
33
35
35
59
60
60
60
60
60
59
59
30
30
33
34
31
31
29
29
29
29
69
28
35
23
8
24
44
69
61
58
29
29
30
31
29
29
30
40
5
61
42
76
56
