1
1
1
1
1
1
1
1
1
1
1
2
2
2
2
2
2
2
2
2
2
4
2
2
2
77
77
77
1
1
77
77
77
77
77
77
77
77
77
77
77
77
3
77
3
3
3
3
3
3
3
4
3
4
4
4
4
4
4
4
4
4
4
5
4
5
5
5
5
5
5
5
5
5
5
5
6
6
6
6
6
6
6
6
6
6
6
6
6
6
6
6
6
6
6
5
6
6
6
7
6
6
6
6
6
7
6
7
7
7
7
7
7
7
7
7
7
7
7
7
7
7
7
7
7
8
8
8
8
24
8
8
8
8
8
8
8
32
8
32
8
8
8
9
9
9
10
11
10
10
10
10
10
11
11
11
11
11
11
12
12
12
12
13
13
13
13
14
14
14
14
14
14
14
14
14
14
12
12
15
15
15
17
15
15
15
15
19
15
15
14
16
16
16
14
16
16
16
16
16
16
16
16
16
16
17
17
17
17
76
76
17
17
17
17
17
18
19
19
19
19
19
19
19
19
19
19
19
19
19
19
19
19
21
20
20
20
20
21
21
21
21
21
21
21
22
21
22
22
22
22
22
22
22
22
22
22
22
22
22
22
22
22
22
22
22
22
22
22
23
23
23
23
20
23
23
23
23
23
23
23
24
24
24
24
24
24
24
24
24
24
24
24
24
24
24
24
24
24
24
24
24
24
24
28
24
24
24
24
24
28
19
19
25
25
25
25
25
23
25
25
25
25
25
25
23
25
25
25
25
29
25
25
27
26
26
26
26
26
26
26
26
26
27
27
27
27
27
27
28
28
28
28
28
28
28
28
28
28
29
29
29
29
29
29
30
29
29
30
30
31
30
30
30
30
30
29
30
31
31
31
31
31
31
31
31
32
32
32
33
33
34
34
34
34
35
35
35
35
35
35
36
38
38
38
38
38
38
38
40
38
38
39
36
39
39
39
39
41
40
40
40
40
41
39
41
41
41
41
41
41
41
41
41
42
42
42
42
42
42
42
42
43
43
42
42
43
43
43
43
43
43
43
43
43
43
44
44
44
44
44
44
44
44
44
45
46
46
46
43
46
46
46
46
46
47
48
48
48
48
48
49
49
49
73
49
49
50
49
49
49
49
49
49
50
50
50
51
51
51
52
52
52
52
52
52
53
53
53
53
53
53
53
53
54
54
55
55
56
56
56
57
56
56
56
56
56
57
30
57
57
57
58
58
58
57
58
58
58
58
61
61
61
59
60
60
60
60
61
61
61
61
61
61
61
61
61
61
61
61
61
61
61
62
62
62
62
63
58
65
63
63
63
65
64
64
64
64
64
64
64
65
65
65
65
66
70
66
63
66
66
66
66
66
66
66
70
67
67
67
61
67
67
67
67
67
67
67
67
67
67
67
67
67
67
68
68
68
68
68
68
68
68
69
69
69
69
69
69
69
69
69
69
70
70
70
70
70
70
70
72
71
71
67
71
71
71
71
71
71
71
71
70
71
71
71
72
72
72
72
75
72
49
73
73
73
73
73
73
73
49
74
74
74
74
75
75
75
75
75
75
76
76
76
76
76
10
53
75
30
1
3
4
22
22
21
20
25
29
19
18
16
13
6
6
6
22
22
22
7
7
28
28
28
28
46
49
45
45
42
40
68
68
68
67
66
63
56
37
37
38
38
38
38
40
41
41
36
36
23
23
27
27
27
27
27
27
28
28
28
28
8
27
29
51
33
32
35
35
35
60
60
60
60
60
60
59
59
30
30
33
34
31
31
29
29
29
30
69
33
34
23
24
24
44
69
61
58
28
29
29
31
29
29
31
38
5
61
42
76
56
