1
1
1
1
1
1
1
1
1
1
1
1
2
2
2
2
2
2
13
13
13
2
13
2
2
77
77
77
1
77
77
2
77
77
77
77
77
3
3
77
77
77
4
77
3
3
3
3
3
3
3
3
3
2
4
4
4
4
4
4
4
4
5
5
5
5
5
5
5
5
5
5
5
5
5
5
3
5
5
5
6
3
6
6
6
6
6
6
6
6
6
6
6
6
6
5
6
6
6
6
7
7
6
6
6
6
6
7
7
7
7
7
7
7
7
7
7
7
7
7
7
7
7
7
8
8
8
8
7
8
8
8
8
8
8
8
8
32
32
32
32
32
8
9
9
10
11
10
10
10
10
11
10
11
11
11
15
11
11
12
12
12
12
13
13
13
14
14
14
14
14
16
14
14
14
14
14
12
11
15
15
11
17
15
15
15
15
15
15
17
16
15
16
16
16
16
5
16
16
16
16
16
16
16
21
17
15
17
17
76
76
17
17
17
17
17
18
15
19
19
19
19
19
19
19
19
19
19
20
19
19
25
19
20
20
20
20
22
21
21
21
21
21
21
21
21
21
22
22
21
22
22
22
22
22
20
22
21
21
22
22
22
22
22
22
22
22
22
22
22
23
22
20
23
23
23
23
23
23
23
26
24
24
22
22
24
24
23
24
22
24
24
24
24
24
24
24
24
24
24
24
24
23
24
28
24
24
24
24
24
24
25
25
25
18
25
25
25
23
23
25
25
25
25
26
26
26
26
25
25
25
25
26
26
23
26
26
26
26
26
26
26
29
26
27
27
27
27
27
28
28
28
28
28
28
28
28
31
31
29
29
29
29
29
29
30
30
30
30
30
30
31
30
30
30
29
30
30
28
31
59
31
31
59
31
31
32
32
33
33
33
34
34
34
38
35
34
35
35
38
35
36
38
38
38
38
38
38
38
38
38
40
36
39
39
39
39
39
39
40
40
40
40
41
39
41
41
41
41
41
41
42
41
41
42
42
41
42
42
42
42
42
42
43
43
69
69
43
43
43
69
43
69
43
43
43
44
47
44
44
44
44
44
44
47
45
52
46
46
43
46
46
46
52
46
47
45
48
48
48
48
49
49
49
49
49
49
50
49
50
49
49
49
49
50
50
50
48
51
51
52
51
52
52
52
52
53
53
75
75
53
53
53
53
54
54
55
55
30
56
56
56
56
56
56
56
56
57
57
57
58
57
58
58
58
57
58
57
58
61
58
61
61
59
60
60
59
60
61
61
61
67
67
67
61
61
61
61
61
61
67
67
61
58
62
62
62
61
58
58
63
58
63
63
62
64
64
64
64
64
64
65
62
65
65
66
65
66
63
63
63
66
66
63
66
66
66
68
67
61
67
67
67
67
67
68
67
67
67
66
67
71
67
71
67
61
68
68
68
68
68
68
67
69
69
69
69
69
69
68
69
44
69
71
71
70
70
70
70
70
72
49
71
71
71
71
71
70
71
49
71
71
70
71
71
71
72
72
72
72
72
72
72
73
73
73
73
73
49
73
49
74
74
74
74
72
75
75
75
75
72
76
76
76
76
76
10
53
72
30
1
3
5
21
24
21
20
25
26
19
18
15
13
6
6
3
22
22
22
7
7
28
24
28
31
46
49
69
45
42
40
68
61
68
67
63
63
56
37
37
38
38
38
38
40
41
39
36
36
23
23
26
27
27
27
27
27
28
28
28
28
8
29
29
51
32
32
35
35
35
59
60
60
61
60
60
59
59
31
30
33
34
31
31
29
29
29
30
69
28
35
23
8
24
44
69
61
58
31
29
29
59
29
29
30
38
5
61
42
76
56
