1
1
1
1
1
1
1
1
1
1
1
2
2
2
2
2
2
2
2
2
13
2
2
2
2
77
77
77
1
77
2
77
77
77
77
3
3
77
77
3
77
77
3
3
77
3
3
3
3
3
3
3
3
4
4
4
4
4
4
4
14
14
4
5
5
5
5
5
5
5
5
5
5
5
5
5
6
5
6
6
3
6
6
6
6
6
7
6
6
6
6
6
7
6
6
6
6
6
6
7
6
6
6
6
6
7
6
7
7
7
7
7
7
7
7
7
7
7
7
7
7
7
7
7
8
7
8
8
8
7
8
8
8
8
8
8
8
8
8
32
32
8
7
9
9
9
10
10
10
9
10
10
10
11
10
15
11
11
11
12
12
12
12
13
13
13
4
14
14
14
14
14
14
14
14
14
14
16
15
11
15
15
15
17
15
15
15
16
15
15
16
16
16
14
16
16
16
16
16
16
16
16
16
16
21
17
17
17
17
76
17
17
17
17
17
17
18
19
19
19
19
19
19
19
19
19
19
19
19
19
19
19
19
20
20
20
20
20
21
21
21
21
21
21
21
21
5
22
22
22
22
21
22
22
22
22
23
22
22
22
22
22
22
22
22
22
22
23
22
23
23
23
23
23
23
23
23
23
27
23
27
24
24
24
24
22
24
24
24
24
24
24
24
24
24
24
24
24
24
24
24
24
24
27
24
27
24
24
24
24
28
19
25
25
25
25
25
25
25
25
25
25
25
25
25
23
23
25
25
25
25
25
25
26
23
26
26
26
26
26
26
26
26
27
27
27
27
27
29
32
24
27
28
32
29
28
28
28
28
29
29
29
29
29
29
30
30
30
30
30
30
31
30
30
30
30
29
30
31
31
31
31
31
31
31
31
32
32
32
33
33
34
34
34
34
35
35
35
35
35
34
36
36
38
38
38
38
38
38
38
38
38
39
39
39
39
39
39
39
40
40
40
69
41
41
41
41
41
41
41
41
41
41
42
42
41
42
42
40
42
42
42
43
43
42
42
43
42
43
43
42
42
43
43
43
43
44
44
44
44
44
44
44
44
44
45
46
46
48
46
46
46
48
46
46
47
48
48
48
48
48
49
49
49
73
49
49
49
49
49
49
49
49
49
50
50
50
51
51
51
52
50
52
52
52
52
53
49
75
53
53
53
53
53
54
54
55
55
56
56
56
57
56
56
56
56
56
57
56
57
57
57
58
30
58
58
58
58
58
58
58
59
59
59
60
60
60
60
61
61
61
61
61
61
61
61
63
61
61
61
61
61
38
62
62
62
62
63
58
63
63
63
63
62
64
64
56
64
64
64
64
65
65
64
65
65
64
66
62
62
66
66
67
67
66
66
66
67
67
67
67
67
67
67
67
67
67
67
67
67
67
67
67
67
67
61
68
68
68
68
68
68
68
69
69
69
69
69
69
68
44
69
69
70
65
70
70
70
70
70
71
68
71
67
71
71
71
71
71
71
71
71
71
73
71
71
72
72
72
72
72
72
72
73
73
73
73
73
73
73
73
75
74
74
74
72
75
72
75
75
49
76
76
76
76
76
10
53
75
58
1
3
4
22
22
21
20
25
25
19
18
15
13
6
6
6
22
22
22
22
24
28
28
28
28
46
49
43
45
42
69
68
61
61
67
66
63
56
37
38
38
38
38
38
40
41
41
36
36
23
23
27
27
27
27
27
27
27
28
27
28
7
29
29
50
32
32
33
35
38
60
60
60
60
60
60
31
59
31
30
33
34
31
31
29
29
30
30
69
28
35
23
8
24
44
69
61
58
28
29
29
31
29
29
30
39
5
38
42
76
56
