1
1
1
1
1
1
1
1
1
1
1
2
2
2
2
2
2
13
2
4
13
2
2
4
4
77
77
77
77
77
77
77
77
77
77
77
77
77
77
77
77
77
3
3
3
3
3
3
3
3
3
3
3
4
4
4
4
4
4
4
4
4
4
4
4
5
5
4
4
5
5
5
5
5
5
22
6
6
6
6
6
6
6
6
6
6
6
6
6
6
6
6
6
6
6
6
6
6
6
6
6
6
6
6
7
7
7
7
7
7
7
7
7
7
7
7
7
7
7
7
7
7
7
7
7
8
8
8
8
8
8
8
8
8
8
8
8
8
8
32
8
8
8
9
9
9
10
10
10
10
76
10
10
12
11
11
11
12
11
12
12
12
12
13
12
4
14
14
14
14
14
14
14
14
14
14
14
15
11
15
15
15
15
15
15
15
15
15
15
15
16
16
16
16
16
16
16
16
16
16
16
16
16
16
16
17
17
17
17
17
76
17
17
17
17
17
18
19
19
19
19
19
19
19
19
19
19
19
19
19
19
19
19
20
20
20
20
20
5
16
16
21
16
21
21
5
5
5
22
21
21
22
21
21
20
20
22
22
22
22
5
5
22
22
22
23
23
22
22
23
23
22
23
20
23
23
23
23
23
23
23
24
24
24
24
24
22
24
24
24
24
24
24
24
24
24
24
24
24
24
24
24
24
24
24
28
24
24
24
24
24
25
19
25
19
25
25
25
23
25
25
25
25
25
25
25
25
25
25
25
25
25
25
26
23
26
23
23
26
26
26
26
26
27
27
27
27
27
27
28
28
28
28
28
29
28
28
28
28
29
29
31
29
29
29
30
30
30
30
30
30
30
30
30
30
30
30
30
31
31
28
31
31
31
31
31
32
32
32
32
33
34
34
60
34
35
34
35
35
35
35
36
38
38
38
38
38
38
38
38
38
38
36
39
39
39
39
39
39
40
40
40
40
41
41
41
41
41
41
41
41
41
41
42
42
41
42
42
40
42
42
42
42
43
42
43
43
43
43
43
43
43
43
43
43
46
44
47
44
44
69
44
44
44
44
45
46
46
46
46
46
46
46
46
46
47
48
45
48
48
48
49
49
49
49
49
49
49
49
53
49
49
53
49
50
50
50
46
48
51
52
52
51
52
55
51
53
53
53
53
53
53
53
53
54
54
55
51
56
56
56
56
56
56
56
56
56
57
57
57
62
56
58
58
57
58
58
58
58
58
58
59
59
59
60
60
60
60
61
61
61
61
61
61
61
61
61
61
61
61
61
61
68
62
62
62
62
61
63
63
63
63
66
63
64
64
56
64
64
64
64
65
62
65
65
65
65
66
66
65
66
66
66
66
66
66
70
67
67
67
67
67
67
67
67
67
67
67
67
67
67
67
67
67
67
68
68
68
68
68
68
69
68
69
69
69
69
69
69
69
69
69
44
70
65
70
70
70
70
71
70
71
71
71
71
71
71
71
71
71
71
71
71
71
71
71
70
72
72
72
72
75
72
73
73
73
73
73
73
73
73
74
74
74
74
75
75
72
75
75
75
76
76
76
76
76
10
53
75
30
2
3
4
22
24
5
20
25
25
19
18
15
13
4
6
6
22
7
22
7
7
28
28
28
28
46
49
43
45
42
40
69
68
68
67
66
63
56
37
61
38
38
38
38
40
41
41
36
36
23
23
27
27
27
27
29
29
28
29
29
29
8
29
29
51
28
32
35
35
35
60
60
60
60
60
31
59
59
30
30
34
34
31
31
29
29
29
30
69
28
34
23
7
24
44
69
61
58
28
29
30
31
29
29
30
38
5
61
42
76
64
