1
2
1
1
1
1
1
1
1
2
1
2
2
13
13
2
2
2
2
13
13
2
2
2
2
77
77
77
1
1
2
4
77
77
77
77
77
77
77
77
77
77
4
3
3
3
3
3
3
3
4
4
3
4
4
4
4
4
4
4
14
4
4
4
5
4
5
5
5
5
5
5
5
5
5
5
4
4
4
4
4
3
6
6
4
4
5
5
6
6
6
6
6
6
6
5
5
5
5
5
5
6
6
5
6
7
5
7
7
7
7
7
7
7
7
22
32
32
32
7
7
7
7
32
32
8
8
8
8
8
8
32
8
8
8
32
8
8
32
32
32
32
8
9
9
9
10
12
10
10
76
10
10
11
11
11
11
11
11
12
12
12
12
13
13
13
14
13
14
14
14
14
14
14
14
14
14
12
12
15
15
17
17
15
15
15
15
15
15
15
16
16
16
16
16
16
16
16
16
16
21
16
16
21
16
17
17
17
17
76
17
17
17
18
17
17
18
19
19
19
18
19
18
19
20
19
20
20
20
19
19
18
19
20
20
20
20
20
21
21
21
21
21
21
21
21
21
21
21
21
21
21
21
21
20
21
20
20
22
22
22
22
22
22
22
22
22
22
20
22
23
23
23
23
23
23
23
23
23
23
27
22
22
22
24
22
24
24
22
24
24
24
24
24
24
24
24
24
24
24
24
24
24
31
31
31
31
24
28
28
28
20
20
25
18
25
25
20
25
25
25
25
25
25
23
25
23
23
25
25
25
23
26
27
27
26
23
26
26
26
26
27
26
27
27
27
27
27
27
28
31
31
28
28
31
28
31
28
28
29
29
29
29
29
29
30
30
30
30
30
30
31
30
30
30
57
57
57
31
31
28
31
31
31
31
31
32
32
32
33
33
34
34
34
34
35
35
35
35
35
35
36
38
38
38
38
38
38
38
38
38
38
36
36
39
39
39
39
39
40
40
40
40
41
41
40
41
41
41
41
42
41
41
42
42
42
42
42
42
42
42
42
42
43
43
43
46
43
42
43
43
43
46
43
43
50
45
45
44
44
44
44
44
44
44
45
50
46
46
50
46
46
46
50
50
47
48
48
48
48
48
49
49
49
49
49
49
49
50
49
49
75
49
49
50
50
50
50
51
51
52
52
52
52
52
52
53
53
75
53
53
53
53
53
54
54
55
55
56
56
56
56
56
56
56
56
56
57
57
57
57
57
58
58
57
57
58
58
58
58
58
59
59
59
60
31
31
60
61
61
61
40
61
61
61
61
61
61
61
61
61
61
68
62
62
62
62
63
63
63
63
63
63
63
64
64
64
64
64
64
64
65
65
65
65
65
65
66
66
66
65
66
66
66
66
67
65
67
67
67
67
67
67
67
67
67
67
67
67
67
67
67
68
67
67
68
68
68
68
68
68
68
68
68
69
69
69
69
69
69
44
69
69
70
70
70
70
70
70
70
72
71
71
71
71
71
71
71
71
71
71
71
71
71
49
49
72
72
72
72
74
72
72
73
73
73
73
73
73
73
73
74
74
74
74
75
75
74
75
75
75
76
76
76
76
76
10
53
75
57
1
3
4
22
22
21
20
20
25
18
18
12
13
5
5
4
22
22
22
22
22
28
28
28
28
50
49
46
45
42
40
40
68
68
67
66
63
56
37
40
38
38
38
40
40
41
40
36
36
23
23
27
27
27
31
27
27
31
28
28
31
8
29
29
50
32
32
33
33
35
60
60
60
60
60
60
59
59
30
30
33
34
31
31
29
29
29
30
69
28
35
23
32
24
44
69
61
58
31
29
30
31
29
29
30
40
5
40
42
76
62
