1
2
1
1
1
1
1
1
1
1
1
2
2
2
2
2
2
2
2
13
13
2
2
2
2
77
77
77
77
77
77
77
77
77
77
77
77
77
77
77
3
77
3
3
3
3
3
3
3
3
4
4
3
77
4
4
4
4
4
4
4
4
4
5
5
5
5
5
5
5
5
5
5
5
5
5
6
6
6
5
6
6
6
5
5
5
6
5
6
6
6
6
5
6
5
5
5
5
6
6
6
6
6
6
6
6
6
7
7
7
7
7
7
7
7
5
7
8
7
7
7
7
7
7
8
8
8
8
8
8
8
8
8
8
8
8
32
32
8
8
8
32
8
9
9
9
10
10
10
10
76
10
11
11
11
11
11
13
11
12
12
12
13
13
13
13
13
14
14
14
14
14
14
14
14
14
14
11
11
11
15
11
15
15
15
15
15
21
15
15
16
16
16
16
16
16
16
16
21
21
21
21
16
21
21
17
17
17
17
76
17
17
17
17
17
17
18
19
19
19
19
19
19
19
19
19
19
20
25
19
19
19
19
20
20
20
20
22
21
21
21
21
21
22
21
21
21
22
22
22
22
22
22
22
22
22
22
22
22
22
22
22
22
22
22
22
22
22
22
23
23
23
23
23
23
23
27
23
27
27
27
24
24
24
24
24
24
24
24
24
28
28
24
24
24
24
24
24
28
24
24
24
23
24
24
28
24
28
24
28
28
25
25
25
25
25
25
25
25
25
25
25
25
26
25
26
26
25
25
25
25
26
26
27
26
26
23
26
26
26
26
26
26
26
27
27
27
27
27
28
28
27
27
28
27
28
28
28
28
29
27
29
29
29
29
30
30
30
30
30
30
30
30
30
30
30
30
30
31
31
28
31
28
28
28
31
8
32
32
33
33
34
34
34
34
35
35
35
36
38
35
36
38
38
38
38
38
38
38
68
38
68
36
39
39
39
39
39
39
40
40
40
40
39
41
41
41
41
41
41
42
42
42
42
42
42
42
40
42
42
42
69
42
43
43
43
43
43
43
43
69
43
69
43
43
43
69
44
69
44
69
44
44
44
49
45
46
46
46
46
46
46
46
46
46
47
48
48
48
48
48
44
49
49
49
49
49
49
50
49
49
49
49
49
50
50
50
46
51
51
52
52
52
52
52
52
53
53
75
75
53
53
53
53
54
54
55
55
56
56
56
56
56
56
56
56
56
57
57
57
57
57
31
58
30
57
58
58
58
58
58
59
59
59
60
31
59
60
61
61
61
68
61
61
61
61
61
67
61
61
61
61
68
62
62
62
62
63
63
63
63
63
63
66
65
64
64
64
64
64
64
65
65
65
65
65
65
66
66
66
65
66
66
65
65
66
65
67
67
67
67
67
68
67
67
68
68
68
68
67
67
67
67
67
67
67
68
68
68
68
68
68
68
68
69
69
69
68
68
68
69
69
69
70
70
70
70
70
70
70
72
71
71
67
71
71
71
71
71
68
71
71
70
71
71
49
72
72
72
72
75
72
49
73
73
73
73
73
49
49
75
74
74
74
75
75
75
75
75
75
75
76
76
76
76
76
76
53
75
30
1
3
4
22
22
21
20
25
25
17
18
11
13
5
5
6
22
22
22
7
8
28
28
28
28
46
49
69
45
42
40
68
67
68
67
66
66
56
37
68
38
38
38
68
68
41
41
36
36
23
23
27
27
27
27
27
27
28
28
28
28
8
27
27
51
32
32
33
35
36
60
60
60
60
60
60
31
59
30
30
33
34
31
31
29
29
29
30
69
31
35
23
8
22
44
69
61
58
28
27
29
31
29
29
30
68
5
68
42
76
56
