1
1
1
1
1
1
1
1
1
1
1
2
2
2
2
2
2
2
2
2
2
2
4
4
4
77
77
77
77
77
77
77
77
77
77
77
77
77
77
77
77
77
3
3
3
3
3
3
3
3
3
3
3
4
4
4
4
4
4
4
4
4
4
5
5
16
5
5
5
5
5
5
5
5
5
5
6
6
5
6
6
6
6
6
6
6
6
6
6
6
6
6
6
6
6
6
6
6
7
7
6
6
6
6
7
6
6
7
7
7
7
7
7
7
7
7
7
7
7
7
7
7
7
7
7
8
8
8
8
8
8
8
8
8
8
8
8
8
32
8
8
8
8
9
9
10
10
10
10
10
10
10
10
11
11
11
11
11
11
12
12
12
11
13
13
13
14
14
14
14
14
14
16
14
14
14
14
15
15
15
15
15
15
15
15
15
15
15
15
15
16
16
16
16
16
16
16
16
16
16
16
16
16
16
16
17
15
17
17
17
17
17
17
17
17
17
18
19
19
19
19
19
19
19
19
19
19
19
19
19
19
19
19
20
20
20
20
20
5
16
20
20
20
21
21
21
21
21
22
22
20
20
22
20
20
22
22
20
20
22
22
22
22
22
22
22
22
22
22
23
23
23
20
23
23
23
23
23
23
23
23
24
24
24
24
24
24
24
24
24
24
24
24
24
24
24
24
24
24
24
24
24
24
24
24
24
24
27
24
24
24
25
19
25
25
25
25
25
25
25
25
25
25
26
26
26
26
25
25
25
25
25
26
23
26
26
23
26
26
26
26
26
29
27
27
27
27
29
27
28
27
27
28
28
28
28
28
28
28
29
29
29
29
29
29
29
30
30
30
30
30
59
30
30
30
30
30
30
32
32
28
29
29
29
31
31
32
8
32
33
32
34
34
34
34
35
35
35
36
35
34
36
38
38
38
38
38
38
38
38
38
38
36
39
39
39
39
39
39
40
40
40
40
41
41
41
41
41
41
41
41
41
41
42
42
41
42
42
42
42
42
42
43
43
43
43
43
43
43
43
43
43
43
43
43
43
44
44
44
44
44
44
44
44
44
45
46
43
46
43
46
46
46
46
46
47
48
47
48
48
48
49
49
49
49
49
49
49
49
49
49
49
49
49
50
50
50
46
48
51
52
52
52
55
55
52
49
53
53
53
53
53
53
53
54
54
55
54
56
56
56
56
56
56
56
56
56
58
57
57
57
57
58
58
30
58
58
58
58
61
58
59
59
59
60
60
60
60
61
61
61
61
61
61
61
61
61
61
61
61
67
61
61
62
62
62
62
61
63
63
63
63
63
62
64
64
56
64
64
64
64
65
65
65
65
65
65
63
63
63
65
66
67
66
66
66
70
67
67
67
67
67
67
67
67
68
67
67
67
67
67
67
67
67
67
68
68
68
68
68
68
68
68
69
69
42
69
69
69
68
69
69
69
70
70
70
70
70
70
70
70
71
71
71
71
71
71
71
71
71
71
71
70
71
71
71
72
72
72
72
72
72
73
73
73
73
73
73
73
73
73
74
74
74
74
75
75
75
75
75
49
76
76
76
76
76
76
53
75
30
1
3
4
5
22
21
20
25
25
19
18
16
4
6
6
6
22
5
22
7
7
28
28
28
28
46
49
43
45
42
40
69
68
68
67
66
63
56
37
37
37
38
38
38
40
41
41
36
36
23
23
27
27
27
24
27
27
27
28
27
28
8
29
29
51
32
32
35
35
38
60
60
60
60
34
60
59
59
30
30
35
34
31
59
29
29
29
30
69
32
35
23
8
24
44
69
61
58
29
29
29
31
29
29
30
38
5
61
42
76
56
