1
1
1
1
1
1
1
77
1
2
1
1
1
2
2
2
2
2
4
2
2
4
4
4
2
77
77
77
77
77
77
77
77
77
77
77
77
77
3
77
77
77
4
3
3
3
3
3
3
3
4
3
3
4
4
4
4
4
4
4
4
4
4
5
5
5
5
5
5
5
5
5
5
5
5
5
6
6
6
6
6
6
6
6
6
6
6
6
6
6
6
6
6
6
6
6
6
6
6
6
6
6
6
6
6
6
6
7
7
7
7
7
7
7
7
7
7
7
7
7
7
7
7
7
7
7
7
8
8
8
8
8
8
7
8
8
8
8
32
8
8
8
8
9
9
10
11
10
11
10
10
10
10
11
11
11
11
12
11
12
12
12
12
13
12
13
14
14
14
14
14
14
14
14
14
16
14
15
15
15
15
15
15
15
15
15
19
15
15
15
16
16
16
14
16
16
16
16
5
16
16
16
16
16
16
17
17
17
17
17
17
17
17
17
17
17
18
20
19
19
19
15
19
19
19
19
19
19
19
19
19
19
19
20
20
20
20
20
21
22
21
21
21
21
22
22
5
22
22
22
23
22
23
22
22
22
23
23
22
22
22
22
22
22
22
23
23
23
22
23
23
23
23
23
23
23
23
23
23
23
23
24
24
24
24
24
24
24
24
24
24
24
24
24
24
24
24
24
24
24
24
24
24
23
24
28
24
24
24
24
24
25
25
19
19
25
25
25
25
25
25
25
25
25
25
23
25
25
25
25
25
25
25
26
23
26
25
25
26
26
26
26
26
27
27
27
27
27
27
28
28
28
28
28
28
31
28
28
28
29
29
31
29
29
29
30
30
30
30
30
30
30
30
30
30
30
30
30
60
60
31
60
31
60
31
31
32
8
32
33
34
60
34
34
34
35
35
35
35
35
34
36
39
38
37
38
38
38
38
38
38
38
39
39
39
39
39
39
39
40
40
40
42
41
39
41
41
41
41
41
41
41
41
42
42
42
42
42
42
42
69
42
43
43
43
69
43
43
43
43
43
43
43
43
43
43
44
44
69
44
44
44
44
44
44
45
46
46
46
43
46
46
46
46
46
47
48
45
48
48
46
49
49
49
49
49
49
49
49
49
49
49
49
49
50
50
50
51
51
51
46
52
52
46
55
52
53
53
53
53
53
53
53
53
54
54
52
51
56
56
56
56
56
56
56
64
56
57
57
57
57
57
59
58
58
58
58
58
58
58
58
59
59
59
60
60
60
60
61
61
61
61
61
61
61
61
61
61
61
61
61
61
68
63
62
62
62
63
63
63
63
63
63
66
64
64
64
64
64
64
64
65
65
65
65
65
65
66
66
66
66
66
66
66
65
66
66
67
67
67
67
67
67
67
67
67
67
67
67
67
67
67
67
67
67
68
67
68
68
68
68
69
68
69
69
69
69
44
69
69
44
69
69
70
70
70
70
70
70
71
70
71
68
71
71
71
71
71
68
71
71
71
70
71
71
71
72
72
72
72
72
75
75
73
73
73
73
73
73
73
73
74
74
74
74
49
75
72
75
75
75
76
76
76
76
76
10
53
72
30
1
3
4
22
22
21
20
19
25
19
19
15
13
6
6
6
22
22
22
7
7
28
28
28
28
46
49
45
45
69
40
69
68
68
67
66
63
56
37
37
38
38
38
39
40
41
39
36
36
23
23
26
27
27
28
27
29
28
28
28
28
8
29
29
51
32
32
35
35
35
60
60
59
60
60
60
59
59
30
30
35
34
31
60
29
29
30
30
69
28
35
23
8
24
44
69
61
58
31
29
29
60
29
29
30
38
5
61
42
76
56
