1
1
1
1
1
1
1
1
1
1
1
2
2
2
2
1
2
2
2
4
2
4
4
2
77
77
77
77
77
77
77
77
77
77
77
77
77
77
77
77
77
77
3
3
3
3
3
3
3
3
4
3
3
77
4
4
4
4
4
4
4
4
4
4
5
16
5
5
5
5
5
5
21
21
7
21
3
6
6
6
6
3
6
6
6
6
6
6
6
6
6
6
6
6
6
6
6
6
6
6
6
6
6
6
6
6
6
7
7
7
7
7
7
7
7
7
7
7
7
7
7
7
7
7
7
8
8
8
8
7
8
8
8
8
8
8
8
8
8
8
8
8
8
9
9
10
10
9
10
10
10
10
10
11
11
11
11
11
11
12
12
12
12
13
13
13
14
14
14
14
14
14
14
14
14
14
14
15
15
15
15
11
15
15
15
15
15
15
15
15
16
16
16
16
16
16
16
16
16
16
16
16
16
16
16
17
17
17
17
17
17
17
17
17
17
17
18
19
19
19
19
19
19
19
19
19
19
19
19
19
19
19
19
20
20
20
20
20
21
21
16
21
21
21
21
21
21
22
22
21
22
21
22
22
20
20
22
22
22
22
22
22
22
24
22
22
23
22
20
22
23
23
23
23
23
23
23
23
23
23
23
24
24
24
24
24
24
24
24
24
24
24
24
24
24
24
24
24
24
24
24
24
24
24
24
28
24
24
24
24
24
25
25
25
25
25
25
25
25
25
25
25
25
25
25
25
25
25
25
25
25
25
25
26
23
23
26
26
26
23
26
26
26
27
27
27
27
29
29
28
28
27
28
28
28
28
28
28
31
29
29
29
29
29
29
30
30
30
30
30
30
30
30
30
30
30
30
30
28
28
28
28
31
31
28
31
32
8
32
32
33
34
34
34
34
35
35
35
35
35
35
38
38
38
61
38
38
38
38
38
38
38
39
39
39
38
39
41
39
40
40
40
40
41
41
41
41
41
41
41
41
41
42
41
42
42
42
42
42
42
69
42
43
43
43
43
43
43
43
43
43
43
43
43
43
43
44
44
44
44
44
44
44
47
49
45
46
46
46
46
46
46
48
46
46
47
48
48
48
48
48
49
49
49
49
49
49
49
49
49
49
49
49
49
50
50
50
51
51
50
52
51
52
52
52
55
49
53
53
53
53
53
53
53
54
54
51
51
56
56
56
56
56
56
56
56
56
57
57
57
57
57
58
58
58
57
58
58
58
58
58
59
61
59
60
60
60
60
61
61
61
61
61
61
61
61
61
61
61
61
61
61
61
62
62
62
62
63
63
63
63
63
63
66
64
64
64
64
64
64
64
65
65
65
65
65
65
66
63
66
65
66
66
66
66
70
66
67
61
67
67
67
67
67
67
67
67
67
67
67
67
67
67
67
67
61
68
68
68
68
68
68
68
69
69
69
69
69
69
69
69
69
69
70
65
70
70
70
70
70
70
71
71
71
71
71
71
71
71
71
71
71
71
71
73
71
72
72
72
72
72
74
72
73
73
73
73
73
73
73
73
74
74
74
74
75
74
74
75
75
75
76
76
76
76
76
10
53
74
30
1
3
4
21
22
16
20
25
25
19
18
16
13
6
6
6
22
22
22
7
7
28
28
28
28
46
49
43
45
42
40
69
61
68
67
66
63
56
61
37
38
38
38
39
40
41
39
36
38
23
23
27
27
27
27
27
27
28
28
28
28
8
29
29
51
32
32
35
35
35
60
60
60
34
60
60
59
59
29
30
34
34
31
31
29
29
29
29
69
28
35
23
8
24
44
69
61
58
28
29
29
31
29
30
30
38
5
37
42
76
56
