1
2
1
1
1
1
1
1
1
2
2
2
2
2
2
2
1
2
1
4
4
4
2
2
2
77
77
77
77
77
77
77
77
77
77
77
77
77
77
77
77
77
3
3
3
3
3
3
3
3
3
3
3
4
4
4
4
4
4
4
4
4
4
4
5
5
4
4
5
5
4
5
5
5
5
5
6
6
6
6
6
6
6
6
6
6
6
6
6
6
6
6
6
6
6
6
6
6
6
6
6
7
6
6
7
6
7
7
7
7
7
7
7
7
7
7
7
7
7
7
7
7
7
7
28
8
8
8
7
8
8
8
8
7
8
8
8
8
32
32
32
28
28
9
9
9
10
10
10
10
10
10
10
11
11
11
11
12
11
12
12
12
12
13
13
13
4
14
14
14
14
14
14
16
14
14
14
15
11
11
15
15
15
15
15
15
15
15
15
15
16
16
16
16
16
16
16
16
16
16
16
16
16
16
16
17
17
17
17
17
17
17
17
17
17
19
18
19
19
19
19
19
19
19
19
19
19
19
19
19
19
19
19
20
20
20
20
20
21
21
21
21
21
22
21
21
21
21
22
22
22
22
22
20
20
20
22
23
22
22
22
21
22
22
23
23
23
22
20
23
23
23
23
23
23
23
23
23
23
23
23
22
24
24
24
24
24
24
24
24
24
24
24
24
24
24
24
24
24
24
24
24
24
24
24
24
24
24
24
24
24
19
25
25
25
25
25
19
25
25
25
25
25
25
25
25
26
25
25
25
25
25
25
27
23
26
26
25
26
26
26
29
26
27
27
27
27
29
27
28
28
28
27
28
28
28
28
28
28
29
29
29
29
29
29
30
30
30
30
30
30
30
30
30
30
30
30
30
28
28
28
31
31
28
28
28
32
32
32
33
28
34
35
35
38
35
35
35
35
35
35
36
38
38
38
38
38
38
38
40
38
38
39
39
36
39
39
39
39
40
40
40
40
41
41
40
41
41
41
41
41
41
41
41
42
42
42
42
42
42
42
42
42
43
43
43
43
43
43
46
43
43
43
43
43
46
69
44
44
44
44
44
44
44
44
45
46
46
46
46
46
46
46
46
48
47
48
48
48
48
48
49
49
50
49
49
49
53
49
49
49
75
53
53
50
50
50
51
51
48
46
52
52
46
51
52
53
53
75
53
53
53
53
53
54
54
51
55
30
56
56
56
56
56
56
56
56
57
57
57
62
57
58
58
30
58
58
58
58
58
61
59
59
59
60
60
60
60
61
61
61
61
61
61
61
61
61
61
61
61
61
61
61
62
62
62
62
63
58
63
63
63
63
63
64
64
64
64
64
64
64
65
65
65
65
65
65
66
66
66
65
66
66
65
66
66
66
67
67
67
67
67
67
67
67
67
67
67
67
67
67
67
67
67
67
67
68
68
68
68
68
69
67
69
69
69
69
69
69
71
69
69
69
70
70
70
70
70
70
71
70
71
71
71
71
71
71
71
71
71
71
71
71
71
71
49
74
72
74
74
74
75
72
73
73
73
73
73
49
73
73
74
74
74
74
75
75
75
75
75
75
76
76
76
76
76
76
53
75
30
1
3
4
21
22
21
20
19
29
19
18
15
13
6
6
3
22
22
22
7
7
28
28
28
28
46
49
43
45
42
40
61
61
68
67
66
63
56
37
61
37
38
38
38
40
41
41
36
36
23
23
27
27
27
27
27
28
27
28
28
28
8
29
29
51
32
32
35
35
35
60
60
60
60
60
60
58
58
30
30
35
34
28
31
29
29
29
30
69
28
35
23
28
24
44
69
61
58
28
29
29
31
29
29
30
38
5
61
42
76
56
