1
1
1
1
77
1
1
1
1
1
1
1
2
13
2
1
2
13
2
2
13
2
2
4
4
77
77
77
77
77
1
4
4
77
77
77
77
77
77
3
77
77
3
77
3
3
3
3
3
3
3
3
3
4
4
4
4
4
4
4
4
4
4
4
4
4
5
4
6
6
16
16
16
6
7
16
6
4
6
6
3
3
6
6
6
3
6
6
6
6
6
6
6
6
6
6
7
7
6
7
6
6
6
6
6
7
6
7
6
7
7
7
7
7
7
7
7
7
7
7
7
7
7
7
7
8
8
8
7
8
8
8
8
8
8
8
8
8
8
8
8
8
8
9
9
9
10
10
10
10
76
10
10
11
11
11
11
11
11
12
12
12
13
13
13
2
14
14
14
14
14
14
14
14
14
14
16
15
15
11
15
15
15
15
15
15
15
15
15
15
16
16
16
16
16
16
16
16
16
16
16
16
16
21
16
15
17
17
17
76
76
17
17
17
17
17
18
19
19
19
17
19
19
19
19
19
19
19
19
19
19
19
19
20
20
20
20
20
21
21
21
22
21
21
22
22
21
21
22
22
22
22
22
22
20
20
22
22
22
22
21
22
22
22
22
22
23
22
23
23
23
23
23
23
23
23
23
23
23
23
23
24
22
24
22
24
24
24
24
24
24
24
24
24
24
24
24
24
24
24
24
24
23
24
24
24
24
24
24
24
24
25
25
25
18
25
25
25
23
25
25
25
25
25
25
23
25
25
25
25
26
26
26
23
26
26
23
26
26
26
23
26
26
23
27
27
27
29
29
28
28
28
28
28
28
28
28
28
28
29
29
29
29
29
29
30
30
30
30
30
30
30
30
30
30
30
30
30
31
28
31
31
28
31
31
28
32
32
32
32
34
34
34
34
34
35
35
35
35
35
34
36
38
38
38
38
38
38
38
38
38
38
39
39
39
39
39
39
39
40
40
40
42
41
39
41
41
41
41
41
41
41
41
42
42
42
41
42
42
42
42
42
42
43
43
43
43
43
43
43
43
43
43
43
43
43
44
44
69
69
69
44
44
44
44
45
46
46
46
46
46
46
48
46
46
47
48
45
51
48
48
49
49
49
49
73
49
49
49
49
49
49
49
49
50
50
50
46
48
51
52
46
46
52
52
52
53
49
75
53
53
53
53
53
54
54
55
51
56
56
56
56
56
56
56
56
56
57
57
57
57
57
58
58
58
58
58
58
58
58
58
59
59
59
60
60
60
60
61
61
61
61
61
61
61
61
61
67
61
61
61
67
61
57
56
62
62
63
63
63
63
63
63
63
64
64
64
64
64
64
64
65
65
64
65
66
64
66
63
66
66
66
66
66
66
66
66
61
67
67
67
67
67
67
67
67
67
67
67
67
67
67
71
67
67
67
67
69
68
68
68
69
69
69
69
42
69
69
69
69
69
69
69
66
70
70
70
70
70
66
70
71
71
71
71
71
71
71
71
71
71
71
71
71
73
71
72
72
72
72
74
72
75
73
73
73
73
73
73
73
75
74
74
74
74
75
75
75
75
75
49
76
76
76
76
76
10
53
74
57
1
3
4
22
22
21
20
19
25
19
18
15
13
6
6
3
22
24
22
24
7
28
28
28
28
46
49
43
45
42
38
69
67
67
68
66
66
56
37
69
38
38
38
38
38
41
41
36
36
23
23
23
23
27
27
27
27
28
28
28
28
8
29
29
51
33
33
35
35
35
60
60
60
60
60
60
31
59
30
30
35
34
30
31
29
29
29
30
69
33
35
23
8
24
44
42
61
58
28
29
30
31
29
29
30
38
16
61
42
76
56
