1
1
1
1
1
1
1
1
1
1
1
2
2
2
2
2
2
2
2
13
2
2
2
2
2
77
77
77
77
1
1
77
77
77
77
77
77
77
77
77
3
4
3
3
77
3
3
3
3
3
3
4
3
4
4
4
4
4
4
4
4
4
4
5
5
5
5
5
5
5
5
5
5
5
5
5
3
5
6
6
3
6
6
6
6
3
6
6
6
6
6
6
6
6
6
6
7
7
7
6
7
6
6
7
7
6
6
7
7
7
7
7
7
7
22
7
22
7
7
7
7
7
7
7
7
8
8
8
8
7
32
8
8
8
8
8
8
8
32
8
32
8
8
9
9
10
11
10
10
10
10
10
10
11
11
11
11
11
11
12
12
12
12
13
13
13
14
13
14
14
14
14
14
14
14
14
14
15
15
15
15
11
15
17
17
15
15
16
15
15
16
16
16
16
14
16
16
16
21
16
21
16
16
16
16
17
17
17
17
17
17
17
18
18
18
15
18
19
19
19
15
15
19
19
19
19
19
20
20
19
19
19
25
20
20
20
20
20
21
21
21
21
21
21
21
21
21
21
21
22
23
22
22
22
22
22
23
22
22
22
22
22
22
22
22
22
22
23
22
23
23
23
23
26
26
26
23
24
23
23
23
24
22
23
23
24
23
24
24
24
24
23
24
24
24
24
24
24
24
24
23
23
23
28
28
24
28
28
28
24
28
25
19
25
19
25
25
25
26
26
25
25
25
25
25
25
25
25
25
25
25
25
26
27
26
26
26
26
26
26
27
26
26
27
27
27
27
27
27
28
28
28
28
28
28
28
31
28
31
29
29
29
29
29
29
30
30
30
30
58
58
30
30
30
30
30
30
30
60
31
31
60
31
31
31
31
32
32
32
33
33
34
35
34
35
35
35
35
38
35
38
36
38
38
38
38
38
38
38
68
40
39
39
36
39
39
39
39
39
40
40
40
42
41
41
41
41
41
41
41
42
41
41
42
42
42
41
42
40
42
42
69
42
42
43
43
43
43
43
43
43
43
46
43
43
43
44
44
69
44
44
44
44
44
44
45
52
46
46
43
46
46
46
46
46
47
45
48
48
48
48
49
49
50
49
73
49
50
49
49
75
49
49
49
50
50
50
46
51
51
52
52
52
52
55
52
49
53
53
53
53
53
53
49
54
54
55
55
58
56
56
56
56
56
56
56
56
57
58
57
57
57
58
58
57
58
58
57
57
58
67
61
61
59
60
60
60
60
61
61
61
68
61
61
61
61
67
67
67
61
61
61
61
62
56
62
62
63
57
63
63
63
63
63
65
64
56
64
64
64
64
65
65
65
65
65
65
63
66
63
66
66
66
66
66
65
65
67
61
61
67
66
67
61
67
67
67
67
67
67
67
68
67
67
67
68
68
68
68
68
68
68
68
69
69
69
69
69
68
44
44
69
44
70
70
70
70
70
70
70
70
71
67
71
70
70
71
71
71
49
71
71
71
71
71
71
72
72
72
72
74
72
75
49
73
73
71
73
73
73
73
74
74
74
74
75
75
74
74
75
75
76
76
76
76
76
76
53
74
58
1
3
4
22
22
21
20
25
29
19
18
16
13
6
6
3
22
22
23
22
22
28
28
28
31
46
49
69
45
42
40
40
68
40
68
66
63
56
37
68
38
38
38
38
40
41
40
36
36
23
23
28
28
27
28
29
27
28
28
28
28
8
27
29
51
32
32
35
35
35
60
61
60
61
34
60
60
59
30
30
33
34
31
60
30
29
29
30
69
28
35
26
24
24
44
42
61
57
31
29
29
60
28
30
58
39
5
68
42
76
64
