2
2
2
1
1
1
1
1
1
1
2
2
2
13
2
1
2
13
2
4
13
2
2
4
1
77
77
1
1
77
77
4
4
77
4
77
4
77
77
77
77
77
4
77
3
77
3
77
3
3
4
3
3
4
14
4
4
14
4
14
14
16
4
5
5
16
5
5
5
5
5
5
5
5
5
5
6
6
5
6
3
3
3
6
3
3
6
6
3
6
6
6
6
7
5
6
5
5
7
6
6
6
6
6
6
7
7
7
7
7
7
7
7
7
7
7
7
7
7
7
7
7
8
8
8
8
8
8
7
7
8
8
32
8
8
32
32
32
32
8
32
8
8
9
9
9
10
10
10
10
10
11
10
12
11
11
11
12
11
12
12
12
13
13
13
13
4
4
4
13
14
14
14
14
14
14
14
15
15
11
15
15
15
17
17
15
15
15
15
17
16
16
16
16
14
16
16
16
16
16
16
16
21
15
21
17
17
17
17
76
17
17
17
18
18
19
18
15
19
19
19
19
18
18
19
19
19
21
20
20
19
19
19
21
21
20
20
20
21
21
21
20
21
21
21
21
21
5
21
21
22
20
20
20
20
20
22
22
22
22
22
22
5
22
22
22
23
22
23
23
23
23
23
23
26
23
23
23
23
26
23
24
24
22
24
22
23
23
22
24
22
24
22
22
24
24
24
24
24
22
24
24
23
24
24
24
28
24
24
28
24
20
20
25
18
25
25
25
25
25
25
25
25
25
25
26
25
25
25
25
25
25
26
23
26
29
26
26
29
26
26
27
29
27
27
27
27
27
29
28
28
28
28
28
29
29
28
28
28
29
30
29
29
29
29
30
30
30
30
30
31
31
29
29
30
29
29
30
28
31
28
31
31
31
31
31
32
32
33
33
33
34
35
34
34
34
35
35
35
38
35
35
38
35
35
38
40
38
38
38
40
40
39
39
39
40
41
39
39
40
40
40
40
39
39
41
41
41
41
41
42
42
41
42
42
41
41
42
42
42
42
42
42
42
43
69
43
43
43
52
43
45
43
46
43
52
45
47
69
47
44
44
47
47
44
45
52
46
46
52
46
46
46
46
48
47
48
45
48
48
48
44
49
49
49
73
49
50
49
49
49
75
49
49
47
50
50
48
51
51
52
52
52
55
55
52
53
75
75
53
53
53
53
53
54
54
55
55
57
56
56
57
56
56
56
64
56
57
57
57
58
57
58
58
30
57
57
58
58
61
61
61
59
61
60
34
34
60
61
61
61
61
67
67
67
61
58
63
61
67
61
61
61
56
56
62
62
63
63
63
63
63
66
63
64
62
64
64
64
64
64
65
65
65
65
65
64
66
66
66
65
66
66
66
66
67
66
67
67
67
61
66
61
61
67
68
67
67
61
67
67
67
67
67
67
68
68
68
68
68
68
68
68
69
40
42
69
69
69
69
69
69
45
70
70
70
70
71
70
71
72
71
68
67
70
70
71
71
71
44
71
71
71
71
71
71
72
72
72
72
72
72
75
73
73
71
73
73
73
73
73
74
74
74
75
73
75
72
75
75
75
76
76
76
76
76
76
53
75
30
1
3
4
5
24
16
20
20
25
18
18
16
4
6
6
6
22
24
22
7
24
28
28
28
28
48
49
45
45
42
40
40
68
68
68
66
66
56
37
68
37
40
38
38
40
41
41
38
36
23
23
27
27
27
27
29
27
27
28
27
28
7
29
29
55
32
32
35
35
35
60
60
60
60
60
34
58
31
30
30
34
34
30
31
29
30
29
30
69
28
35
26
8
24
44
40
61
58
28
29
30
31
29
29
31
40
5
68
42
76
62
