1
1
1
1
1
1
77
77
1
2
1
1
2
2
2
2
4
13
2
13
13
13
2
4
4
77
77
77
1
77
77
4
4
77
77
77
77
77
77
3
77
3
3
77
3
3
3
3
3
3
3
3
3
4
4
4
4
4
4
4
14
4
4
4
4
5
5
5
5
7
5
5
7
7
5
5
6
3
6
6
6
6
6
6
6
6
6
6
6
6
6
6
6
6
6
6
7
6
6
7
6
6
6
6
6
6
7
7
7
7
7
7
7
7
7
7
7
7
7
7
7
7
7
7
7
8
8
8
8
8
8
8
8
8
8
8
8
8
32
8
8
8
8
9
9
9
11
10
10
10
76
10
10
11
11
11
11
11
11
12
12
12
12
13
14
13
14
14
14
14
14
16
14
14
14
14
14
15
11
15
15
15
15
15
15
15
19
15
15
15
16
16
16
16
14
16
5
16
16
16
16
16
16
16
16
17
17
17
17
17
76
17
17
17
17
17
18
15
19
19
19
19
19
19
19
19
19
20
19
19
19
19
19
20
20
20
20
20
21
16
20
20
20
22
22
22
22
22
22
22
22
22
20
20
20
20
20
22
22
22
22
22
22
22
23
23
22
22
23
23
23
23
23
23
23
23
23
23
23
23
23
24
22
24
24
24
23
24
24
24
24
24
24
24
24
24
24
24
24
24
24
24
24
24
24
24
24
24
24
24
24
25
25
25
25
25
25
19
25
25
25
25
25
25
25
23
25
25
25
25
25
25
25
23
23
23
23
26
26
26
26
29
25
26
27
27
27
27
27
28
28
27
27
28
27
27
27
28
28
29
29
29
29
30
29
29
30
30
30
30
30
30
30
30
30
30
30
30
31
31
28
31
31
31
31
28
32
32
32
32
35
34
34
34
34
35
35
35
35
38
34
36
36
38
34
38
38
38
38
38
38
40
39
39
39
39
39
41
39
40
40
40
42
41
41
40
41
41
41
41
42
41
41
42
42
42
42
42
42
42
42
42
43
43
43
42
43
43
43
43
43
43
43
43
43
46
44
45
44
44
44
49
44
44
44
45
46
46
46
46
46
45
46
46
46
47
45
45
48
48
46
49
49
49
49
49
49
50
49
49
49
49
49
49
50
50
50
46
51
51
46
46
52
46
55
52
53
53
75
53
53
53
53
53
55
54
55
55
56
56
56
56
56
56
56
64
56
57
57
57
57
56
58
30
30
58
58
58
58
59
61
59
59
59
60
31
60
60
61
61
61
61
61
61
61
61
61
61
61
61
61
61
61
63
62
62
62
63
58
63
63
63
63
63
64
64
64
64
64
64
64
65
65
65
65
66
65
66
66
66
65
66
66
66
66
66
66
67
67
67
67
67
67
67
67
67
67
67
67
67
66
67
71
67
67
67
68
68
68
67
68
71
67
68
69
69
69
69
69
69
69
69
69
66
70
70
70
70
70
70
70
71
71
71
71
71
71
71
71
71
71
71
71
70
71
71
70
72
72
75
75
72
73
73
73
73
73
73
73
73
73
75
74
74
74
73
75
75
75
75
75
76
76
76
76
76
10
53
75
30
1
3
4
7
22
20
20
19
25
19
18
15
13
5
6
6
22
24
22
7
7
28
28
33
33
46
49
43
45
42
40
40
67
68
67
66
63
56
37
37
34
38
38
38
40
41
40
36
36
23
23
27
27
27
23
27
27
28
27
28
27
8
29
29
51
35
32
34
34
35
60
60
60
60
60
60
59
59
30
30
35
34
29
31
30
30
30
30
69
35
34
23
8
24
69
69
61
58
28
29
29
31
29
29
30
38
5
61
42
76
56
