1
1
1
1
1
1
1
1
1
1
1
1
1
2
2
1
2
13
2
4
13
4
2
4
2
77
77
77
77
77
77
4
77
77
77
77
77
77
77
77
77
77
3
3
77
3
3
3
3
3
3
3
3
4
4
4
4
4
4
4
4
4
4
4
5
5
5
4
5
5
5
5
5
5
5
7
6
6
6
6
3
3
6
6
6
6
6
6
6
6
6
6
6
6
6
5
6
6
6
6
6
6
7
6
6
6
6
7
6
7
7
7
7
7
7
7
7
7
7
7
7
7
7
8
7
8
8
8
7
8
8
8
8
8
8
8
8
8
8
8
8
8
8
9
9
9
11
10
10
10
10
10
10
11
11
11
11
11
11
12
12
12
12
13
13
13
14
14
14
14
14
14
14
14
14
14
14
15
15
15
15
11
15
15
15
15
15
15
15
15
16
16
16
16
16
16
16
5
16
16
16
16
16
16
16
17
17
17
17
17
17
17
17
17
17
17
18
19
19
19
19
19
19
19
19
19
19
19
19
19
19
19
19
20
20
20
20
20
21
16
22
22
22
21
21
22
22
22
21
22
22
22
22
22
20
22
22
22
22
22
22
22
22
22
22
22
22
22
23
23
23
23
23
20
23
23
23
23
23
23
23
24
24
24
24
24
24
24
24
24
24
24
24
24
24
24
24
24
24
24
24
24
24
24
24
24
24
24
24
24
24
25
25
25
25
25
25
25
25
25
25
25
25
25
25
23
25
25
25
25
25
25
25
26
23
26
26
25
26
26
26
29
26
27
27
27
27
27
27
28
27
28
27
28
28
28
28
28
33
29
29
29
29
29
29
30
30
30
30
30
30
30
30
30
30
30
30
30
31
31
33
31
31
31
31
31
28
8
33
32
33
34
34
34
34
35
34
35
38
35
35
36
38
38
38
38
38
38
38
38
38
38
39
39
39
39
41
39
39
40
40
40
40
41
41
41
41
41
41
41
41
41
41
42
42
42
41
42
42
42
42
42
43
43
43
43
43
43
43
43
43
43
43
43
43
43
44
44
44
44
44
44
44
44
44
45
43
46
46
46
46
46
46
46
46
47
45
48
48
48
46
49
49
49
49
49
49
49
49
49
49
49
49
49
50
50
50
51
51
51
52
52
52
52
52
52
49
53
53
53
53
53
53
53
54
54
55
54
56
56
56
56
56
56
56
56
56
57
57
57
57
57
58
58
58
58
58
58
58
58
58
61
59
60
60
60
60
60
61
61
61
61
61
61
61
61
61
61
61
61
61
61
61
62
62
62
62
63
63
58
63
63
63
63
64
64
64
64
64
64
64
63
65
65
65
65
70
63
66
63
66
66
66
66
65
71
65
67
67
67
67
67
67
67
67
68
67
67
67
66
67
67
67
71
67
68
68
69
68
68
68
68
67
69
69
69
69
69
69
71
69
69
69
71
70
70
70
70
70
70
70
71
67
71
71
71
71
71
71
71
71
71
71
71
71
71
72
72
72
72
72
75
72
73
73
73
73
73
73
73
73
72
74
74
74
75
75
75
75
75
75
76
76
76
76
76
76
53
74
30
1
3
4
5
22
21
20
25
25
17
18
15
4
6
6
3
22
22
22
7
7
33
28
33
33
43
49
43
45
42
40
68
68
68
67
66
63
56
37
61
38
38
38
38
40
41
41
36
36
23
23
27
27
27
27
27
27
27
27
28
28
8
29
29
52
33
28
35
35
35
60
60
60
60
60
60
59
59
30
30
33
34
31
31
29
29
29
30
69
33
34
23
8
24
44
69
61
58
33
29
29
31
29
29
30
38
5
61
42
76
56
