1
1
1
1
1
1
1
1
1
1
1
1
2
2
2
2
2
2
2
4
2
4
2
2
4
77
77
77
77
1
1
77
1
77
1
77
77
77
77
3
77
77
77
3
3
3
3
3
3
3
3
3
3
4
4
4
4
4
4
4
14
4
4
5
5
5
21
5
5
5
5
21
5
5
5
7
6
5
6
6
6
6
6
6
6
6
6
6
6
6
6
6
6
6
6
6
7
6
6
7
6
6
6
6
6
6
6
7
7
7
7
7
7
7
7
7
7
7
7
7
7
7
7
7
7
8
7
8
8
7
8
8
8
8
8
8
8
32
8
8
8
8
8
9
9
9
10
10
10
10
10
10
10
11
11
11
11
11
11
12
12
13
12
13
13
13
4
14
14
14
14
14
16
14
14
14
14
15
15
15
15
17
17
15
15
15
15
15
15
15
15
16
16
16
16
16
16
5
16
16
16
16
15
16
16
17
17
17
17
17
76
17
17
17
17
17
18
20
19
19
19
15
19
19
19
19
19
20
20
19
19
19
25
20
20
20
20
20
16
22
21
21
21
21
21
21
21
22
22
21
22
22
22
22
23
20
22
22
22
22
22
22
22
22
24
22
23
22
23
23
23
23
23
25
25
23
23
23
23
23
23
24
24
24
22
24
24
23
24
24
24
24
24
24
24
24
24
24
28
24
24
23
23
24
28
28
28
24
24
24
28
25
25
25
25
25
25
25
26
25
25
25
25
26
25
26
26
25
25
25
25
25
26
27
23
26
23
26
26
27
27
29
26
27
27
27
27
27
27
28
28
28
28
28
27
28
28
28
31
29
29
29
29
30
29
30
30
30
30
30
30
31
30
30
30
30
30
30
31
28
31
31
31
31
31
31
32
32
33
33
33
34
34
34
38
33
35
35
36
35
38
36
38
38
38
38
38
38
38
40
38
38
39
39
39
41
41
39
39
41
40
40
40
41
41
40
40
41
41
41
41
41
41
42
42
42
41
42
42
42
42
42
42
43
43
43
43
43
43
43
46
46
46
43
43
46
45
45
69
44
69
44
44
44
47
45
46
46
46
46
46
46
48
48
46
47
45
45
48
48
48
71
49
49
73
73
49
50
49
49
49
53
49
49
50
50
50
46
51
50
52
52
51
52
52
51
53
53
53
53
53
53
53
53
54
54
55
55
56
56
56
57
56
56
56
56
56
57
56
57
62
57
58
58
58
57
58
58
58
58
58
58
59
59
60
60
60
60
58
58
61
61
61
61
61
61
58
61
61
61
61
68
61
62
62
62
62
61
63
62
62
63
62
65
64
64
64
64
64
64
64
65
62
65
65
70
65
66
66
66
66
66
66
66
66
66
66
61
67
67
67
61
67
67
67
67
67
67
67
67
67
67
71
67
67
68
68
68
68
68
69
71
68
69
69
69
69
69
69
69
69
69
69
71
70
70
70
70
70
70
70
71
71
71
71
71
71
71
71
71
71
71
70
73
71
71
72
72
72
72
72
75
72
73
71
73
73
73
73
73
75
74
74
74
74
75
75
72
75
75
53
76
76
76
76
76
76
53
75
30
1
3
4
21
22
21
20
25
25
17
18
15
13
6
6
3
22
22
22
7
7
28
28
28
28
46
71
45
45
42
40
68
61
68
67
66
63
56
37
37
38
38
38
38
40
41
41
36
36
24
24
27
27
27
27
29
27
27
28
28
28
8
29
29
51
33
32
35
35
35
60
60
61
60
60
31
59
59
30
30
33
60
31
31
30
29
30
30
69
28
35
23
7
28
44
69
61
58
28
29
30
31
29
30
30
38
21
37
42
76
56
