1
1
1
1
1
1
1
1
1
1
1
2
2
2
2
2
2
2
2
13
2
2
2
2
2
77
77
77
77
77
2
2
77
77
77
77
77
77
77
77
77
77
77
3
3
3
3
3
3
3
3
3
3
2
4
4
4
4
4
4
4
4
5
5
5
5
5
5
5
5
5
5
5
5
5
5
3
5
6
6
6
3
3
6
6
6
6
6
6
6
6
6
6
6
6
6
6
6
6
6
6
6
6
7
7
6
7
7
7
7
7
7
7
7
7
21
7
7
7
7
7
7
7
7
7
8
8
8
8
7
8
32
8
8
8
32
32
32
8
32
8
8
8
9
9
9
10
10
10
10
76
10
10
11
11
15
11
11
11
12
12
12
12
13
12
13
14
14
14
12
12
14
14
14
14
14
14
12
15
15
15
15
15
17
15
15
19
15
15
19
16
16
16
16
16
16
16
16
16
16
16
16
15
16
16
15
17
17
17
76
76
17
17
18
17
17
18
19
19
19
19
19
19
19
19
19
19
20
20
19
19
25
19
20
20
20
23
20
21
21
21
21
21
21
21
22
21
22
22
22
22
22
22
22
22
22
22
22
22
22
22
22
22
22
22
22
22
22
20
23
23
23
23
23
23
23
23
23
23
23
23
24
24
24
24
24
23
24
24
24
24
24
24
24
24
24
24
24
28
24
24
24
23
27
24
28
24
24
24
28
24
25
25
25
25
25
25
25
25
25
25
25
25
25
25
25
25
25
25
25
25
25
25
26
26
26
26
25
26
26
26
26
29
27
27
27
27
27
29
28
28
28
28
28
28
28
28
28
28
29
29
29
29
29
29
30
30
30
30
30
30
30
30
30
30
29
30
30
31
31
28
31
31
31
31
31
32
32
32
32
33
34
34
35
34
35
35
35
35
38
35
36
38
38
35
37
38
38
38
37
38
38
39
39
39
39
39
41
39
40
40
40
40
41
41
41
41
41
41
41
41
41
41
42
42
42
42
40
40
42
42
42
43
42
43
43
43
69
43
43
43
69
43
43
43
43
69
44
44
44
44
44
47
44
47
45
46
46
46
46
46
46
48
46
46
47
48
48
48
48
48
49
49
49
73
49
49
49
49
49
49
49
49
49
50
50
50
51
51
48
52
52
52
52
52
52
53
53
75
53
53
53
53
53
54
54
55
54
57
56
56
56
56
56
56
56
56
57
57
57
57
57
59
58
57
58
58
57
58
58
58
61
59
59
60
60
60
60
61
61
61
61
61
61
61
61
61
67
61
61
61
61
61
62
56
62
62
63
57
63
63
63
63
63
64
64
64
64
64
64
64
65
65
65
65
65
64
66
66
66
65
66
67
66
66
70
65
67
67
61
67
67
67
67
67
68
67
67
67
67
67
67
68
67
67
67
68
68
68
68
68
68
68
68
69
69
69
69
68
69
69
69
69
70
70
70
70
70
70
70
70
71
71
71
71
71
71
71
71
71
71
71
70
71
71
71
72
72
72
72
72
72
72
73
73
73
73
73
73
73
73
74
74
74
74
75
75
74
74
75
49
76
76
76
76
76
10
53
74
30
1
3
4
21
22
21
23
25
25
19
18
15
13
6
6
6
22
22
22
7
7
28
28
28
28
46
49
69
45
42
40
68
68
68
67
66
63
56
37
37
37
38
38
38
40
42
40
36
36
23
23
27
27
27
27
27
29
28
28
28
28
8
29
29
51
32
32
35
35
35
60
60
60
34
60
60
59
59
30
30
33
34
31
31
29
29
29
30
43
31
35
23
8
24
44
69
61
57
28
29
29
31
29
29
30
38
5
61
42
76
56
