1
1
1
1
1
1
1
1
1
1
1
2
2
2
2
2
2
2
2
4
2
4
2
2
2
77
77
77
77
1
77
77
77
77
3
77
3
77
77
3
77
77
77
77
3
3
3
3
3
3
3
4
3
4
4
4
4
4
4
4
4
4
4
5
5
16
5
5
5
5
5
5
5
5
5
5
6
6
6
6
3
3
6
3
3
6
3
6
6
6
6
6
6
6
6
6
6
7
7
6
6
6
6
6
7
7
7
7
7
7
7
7
7
7
7
7
7
22
22
7
7
7
7
7
7
8
8
8
8
7
8
8
8
8
8
8
8
8
8
32
32
28
7
9
9
9
10
9
10
76
10
10
11
12
12
11
11
11
11
12
12
12
13
12
13
13
14
14
13
13
14
14
14
14
14
14
4
13
11
15
15
15
15
15
11
15
15
21
15
15
16
16
16
16
14
16
16
16
5
16
21
16
16
21
21
17
17
17
17
17
17
18
18
18
17
15
18
19
19
19
19
19
19
19
19
19
19
20
19
19
19
19
25
20
20
20
20
20
21
20
21
21
21
22
21
21
21
5
22
22
22
22
21
21
22
20
22
22
24
22
5
22
22
22
22
24
22
23
20
22
23
23
23
23
23
23
23
23
23
23
23
24
22
22
24
22
24
24
24
24
24
24
24
22
24
28
24
24
28
24
28
24
23
28
28
28
24
28
28
28
24
25
25
25
25
25
25
25
25
25
25
25
25
25
25
25
25
25
25
25
25
29
25
26
26
26
26
26
26
26
26
26
26
27
27
27
27
27
29
28
28
28
28
32
28
28
28
28
31
29
29
29
29
29
29
30
30
30
30
30
30
30
58
30
30
30
30
30
28
31
31
31
31
28
31
31
32
32
32
32
33
34
34
34
34
35
33
35
35
35
35
36
38
35
37
38
38
38
38
38
38
38
36
39
39
39
39
39
39
41
40
40
42
41
41
41
41
41
41
41
41
42
41
42
42
41
42
42
42
42
42
69
42
43
43
43
43
43
43
43
43
43
43
43
43
46
45
44
45
44
44
44
44
44
44
45
46
46
46
46
46
45
46
46
46
47
46
48
48
48
46
44
49
49
49
49
49
49
50
49
49
49
49
49
50
50
50
51
51
51
52
51
51
52
52
51
49
53
53
53
53
53
53
53
54
54
55
55
58
56
56
57
56
56
56
64
56
57
57
57
57
62
59
58
57
58
58
58
58
58
58
61
61
59
60
31
31
60
61
61
61
61
61
61
61
61
61
61
61
67
61
61
61
62
62
62
62
63
63
58
63
63
63
65
64
64
64
64
64
64
64
65
64
65
65
66
65
66
63
66
66
66
66
66
66
66
70
67
61
67
61
67
67
67
67
67
67
67
67
67
67
67
67
67
67
68
68
68
68
68
68
68
67
68
69
69
69
69
69
44
69
69
69
70
65
70
70
70
70
70
71
71
71
71
71
71
71
71
71
71
71
71
71
72
71
71
72
72
72
72
72
72
72
73
73
73
73
73
73
49
49
74
74
74
74
75
75
72
75
75
75
76
76
76
76
76
76
53
75
58
1
3
4
5
22
21
23
25
29
18
18
15
13
6
3
3
22
22
22
7
22
28
28
28
28
46
49
43
45
42
40
68
68
68
67
67
63
56
37
38
38
38
38
38
40
41
41
36
36
23
23
27
27
27
27
29
27
28
28
28
28
8
27
29
54
32
32
33
35
35
60
60
60
60
60
60
59
59
30
30
33
34
29
59
30
29
29
29
69
28
35
23
7
24
44
69
61
58
28
29
29
31
27
30
58
40
5
61
42
76
56
