1
1
1
1
1
1
1
1
1
1
1
2
2
2
2
2
1
2
1
13
2
2
2
2
77
77
77
77
77
1
77
77
77
77
77
77
77
77
77
3
77
77
3
3
3
3
3
3
3
3
3
3
3
4
4
2
13
4
4
4
4
14
4
5
5
5
5
5
5
5
5
5
5
5
5
22
6
6
6
6
3
3
6
6
3
6
6
6
6
6
6
7
6
6
6
5
6
6
7
6
7
6
6
6
6
6
6
7
7
7
7
7
7
7
7
7
7
7
7
7
7
7
7
7
7
8
8
8
8
7
8
8
8
8
8
8
8
32
8
8
8
8
8
9
9
9
10
11
10
10
10
10
10
11
11
10
11
11
11
12
12
12
11
13
14
13
14
14
14
14
14
14
14
14
14
14
14
16
15
15
15
15
15
15
15
15
15
15
15
15
16
16
16
16
16
16
16
16
16
16
16
16
16
16
16
17
15
17
17
17
17
17
17
17
17
17
18
19
15
15
19
15
19
19
19
19
19
19
19
19
19
19
19
20
20
20
19
20
21
21
21
21
21
21
21
21
21
22
21
21
22
22
22
22
22
20
22
22
22
22
22
22
22
22
22
22
22
22
22
23
23
22
22
23
23
23
23
23
23
23
23
24
24
24
24
24
24
24
24
24
24
24
24
24
24
24
24
24
24
24
24
24
24
24
24
24
24
24
24
24
24
25
25
25
25
25
25
25
25
25
25
25
25
25
25
25
25
25
25
25
25
25
25
26
26
26
25
25
26
26
26
29
29
27
27
29
29
29
29
28
28
28
28
28
28
28
28
28
31
29
29
29
29
29
29
30
30
30
30
30
30
30
30
30
30
30
30
30
28
31
31
31
31
29
31
31
32
32
32
32
28
34
34
34
38
35
35
35
35
35
35
36
38
35
38
38
38
38
38
38
38
38
39
39
39
39
39
39
39
40
40
40
40
41
41
40
41
41
41
41
41
41
41
41
42
42
42
42
42
42
42
42
43
43
43
43
43
43
43
43
43
43
43
43
43
43
69
45
69
44
69
44
44
44
44
45
46
46
46
46
46
46
46
46
48
47
45
45
48
48
48
49
49
49
49
49
49
49
50
49
72
49
49
49
50
50
50
51
51
51
52
51
51
52
52
51
53
53
53
53
53
53
53
53
54
51
55
54
56
56
56
56
56
56
56
56
56
57
57
57
57
57
58
58
58
57
58
58
58
59
58
59
59
59
60
60
60
60
61
61
61
61
61
61
61
61
61
61
61
61
61
61
61
62
62
62
62
63
63
62
63
63
63
63
56
64
64
64
64
64
65
65
56
65
65
65
65
66
66
65
65
66
67
66
66
66
66
67
67
67
67
67
67
67
67
67
67
67
67
67
67
67
67
67
67
68
68
68
67
68
68
69
68
69
69
69
69
69
69
69
69
69
69
70
70
70
70
70
70
70
70
69
68
71
71
71
71
71
71
69
71
71
71
71
71
71
72
72
72
72
72
72
72
73
73
73
73
73
73
73
72
74
74
74
75
72
75
75
75
75
75
76
76
76
76
76
10
53
75
30
1
3
4
22
22
21
20
25
25
19
19
15
13
6
6
6
22
22
22
7
7
28
28
28
28
46
49
43
45
42
40
68
68
67
67
66
63
56
37
37
38
38
38
38
41
41
41
38
36
23
23
27
29
27
27
29
27
28
28
28
29
8
29
29
51
28
33
35
35
38
60
60
60
60
60
60
59
59
30
30
34
34
31
59
29
29
29
30
69
28
35
23
8
24
44
69
61
58
29
29
29
31
29
29
30
38
5
61
42
76
56
