1
1
1
1
77
1
1
1
1
1
1
1
2
2
1
1
2
2
1
4
2
2
2
2
2
77
77
77
77
77
2
77
77
77
77
77
77
77
77
77
77
77
3
77
3
3
3
3
3
3
3
3
3
4
4
4
4
4
4
4
14
4
4
4
5
4
5
5
5
5
5
5
5
5
5
5
6
6
5
6
3
3
6
6
3
3
6
6
6
6
6
6
6
6
6
6
6
6
6
6
6
6
6
7
6
6
7
7
7
7
7
7
7
7
6
7
7
7
7
7
7
7
7
7
7
8
8
8
8
7
8
8
8
8
8
8
8
8
32
8
8
32
8
9
9
10
10
12
10
10
10
10
10
11
11
11
11
11
11
12
12
2
12
2
14
13
14
14
14
14
14
14
14
14
14
14
14
16
15
15
15
15
15
15
15
15
19
15
19
15
16
16
16
14
16
16
16
16
16
16
16
16
16
16
16
17
17
17
17
76
17
17
17
17
17
19
18
19
19
19
19
15
19
19
19
19
19
20
20
25
19
19
19
20
20
20
20
20
21
20
21
21
21
21
22
21
21
21
22
21
21
21
21
21
23
23
23
21
22
22
22
22
7
7
23
23
23
23
23
23
23
23
23
23
23
23
23
23
23
23
23
24
24
24
24
24
24
24
24
24
24
24
24
24
24
24
24
24
24
24
24
24
24
24
27
24
24
24
24
24
24
25
25
19
18
25
25
23
25
25
25
25
25
26
26
25
26
25
25
25
25
25
25
26
26
26
26
29
29
29
26
26
29
27
27
27
27
29
27
28
28
27
27
28
27
28
29
28
28
29
29
29
29
29
29
30
30
30
30
30
30
30
30
30
30
29
30
30
28
31
28
31
31
29
31
29
32
8
32
33
35
34
34
34
34
35
35
35
35
35
35
35
38
38
37
38
38
38
38
40
38
38
39
39
39
39
39
41
39
40
40
40
69
41
41
41
41
41
41
41
42
41
42
42
42
42
42
42
42
42
42
69
43
43
42
69
43
43
43
43
43
43
43
43
43
43
69
44
69
44
44
49
44
44
47
45
46
46
48
46
46
46
48
48
48
47
48
47
51
48
48
49
49
49
73
49
49
49
49
49
49
49
49
49
51
50
50
51
48
51
52
52
51
52
52
51
49
53
53
53
53
53
53
53
54
54
52
55
30
56
56
57
56
56
56
64
56
30
57
57
58
56
58
58
30
58
58
58
58
58
58
59
59
59
60
60
60
60
61
61
61
61
61
61
61
61
61
61
67
61
61
61
61
62
56
62
62
63
63
63
63
63
63
63
64
64
64
64
64
64
64
65
64
65
65
70
65
66
66
66
65
66
66
66
65
66
70
61
67
67
67
67
67
67
67
67
67
67
67
67
67
67
67
71
67
68
68
68
68
68
69
68
68
69
69
69
69
69
69
68
69
69
69
71
70
70
70
70
70
70
70
71
68
71
71
71
71
71
71
71
71
71
71
71
71
73
70
72
72
72
74
72
75
73
73
73
73
73
49
73
73
74
74
74
74
75
75
74
75
75
53
76
76
76
76
76
10
53
74
30
2
3
4
22
7
21
20
23
25
19
18
16
4
6
6
6
22
7
23
7
7
28
28
28
28
48
73
43
45
42
40
61
68
68
67
66
67
56
37
40
37
38
38
39
40
41
39
39
36
23
23
23
27
27
27
29
27
27
27
28
28
8
29
29
51
32
32
35
35
35
60
60
59
34
34
60
59
59
30
30
35
34
31
31
29
29
30
30
69
28
35
23
8
24
44
69
61
58
29
29
29
31
29
29
58
38
5
61
42
76
56
