1
2
1
1
1
1
1
1
77
1
1
2
2
2
2
2
2
2
2
13
2
4
2
2
2
77
77
77
77
77
77
77
77
77
77
77
77
77
77
77
3
3
3
3
3
3
3
3
3
3
3
3
3
2
4
4
4
4
4
4
14
14
4
5
5
5
5
7
7
7
7
5
7
7
7
22
6
6
6
6
6
6
6
6
6
6
6
6
6
6
6
6
6
6
6
6
6
6
6
6
6
6
6
6
6
6
6
7
7
7
7
7
7
7
7
7
7
7
7
7
7
7
7
7
7
8
7
8
7
8
7
8
8
8
8
8
8
8
8
8
8
8
8
9
11
10
11
11
76
76
76
15
76
11
11
15
11
12
12
12
12
12
12
2
12
13
14
14
14
14
14
14
14
14
14
14
14
15
15
11
15
15
15
15
15
15
15
15
15
15
16
16
16
16
16
16
16
16
16
16
16
16
16
16
16
15
17
17
17
76
17
17
17
17
17
19
17
15
15
19
19
19
19
19
19
19
19
19
19
19
19
19
19
20
20
20
20
20
21
16
22
22
16
21
21
22
21
21
22
22
22
21
22
22
20
22
22
22
22
22
22
21
22
22
22
22
22
22
22
23
23
23
23
23
23
23
23
23
23
23
23
24
24
24
24
22
24
24
24
24
24
24
24
24
24
24
24
24
24
24
24
24
24
24
24
24
24
24
24
24
24
25
19
25
25
25
19
25
25
25
25
25
25
25
25
23
25
25
25
25
25
25
26
26
23
26
26
26
26
26
26
26
26
26
27
27
27
29
27
24
28
28
28
28
28
28
28
28
28
29
29
29
29
29
29
30
30
30
30
30
30
30
30
30
30
30
30
30
28
59
59
59
31
31
31
31
8
32
28
33
28
60
34
34
34
28
35
35
35
35
35
38
38
38
38
38
38
38
38
38
38
38
39
39
39
39
39
39
39
40
40
40
69
39
41
38
41
41
41
39
41
42
41
42
42
42
42
42
40
42
42
42
43
43
43
43
43
43
43
43
43
43
43
43
43
43
69
44
44
44
49
44
44
47
47
45
43
46
48
46
46
46
48
46
46
49
48
48
48
48
48
49
49
50
49
49
49
49
49
53
49
49
53
49
50
50
50
51
51
51
52
51
52
52
52
51
53
53
53
53
53
53
53
50
54
50
51
55
30
56
56
56
56
56
56
56
56
57
30
57
57
62
58
58
58
58
58
58
58
58
61
59
59
59
60
59
60
59
61
61
61
61
61
61
61
61
61
61
61
61
61
61
61
62
62
62
62
63
63
63
63
63
63
63
64
64
64
64
64
64
64
65
65
65
65
65
70
66
66
66
66
67
67
66
66
66
66
68
67
67
67
67
67
67
67
68
67
67
67
67
67
67
67
67
67
68
67
68
67
68
68
71
71
68
69
69
69
69
69
69
69
69
69
71
70
70
70
71
70
70
70
69
71
71
71
70
71
71
71
71
71
71
71
73
71
71
72
72
72
75
75
72
72
73
73
73
73
73
73
73
73
74
74
74
75
49
75
75
75
75
53
76
76
76
76
76
76
53
75
30
2
3
3
22
22
16
20
25
25
25
18
15
13
6
6
6
22
22
22
7
7
28
28
28
28
46
49
43
43
42
40
61
68
68
67
63
63
56
37
61
38
38
38
38
38
41
41
36
38
23
23
27
27
29
27
27
29
29
28
28
28
8
29
29
51
28
28
35
35
35
60
60
60
60
34
60
59
59
30
30
28
34
28
30
29
29
29
30
42
28
35
23
7
24
49
69
61
58
28
29
29
59
29
29
30
38
5
61
42
76
56
