1
2
2
1
1
1
1
1
1
1
1
2
2
2
2
2
2
2
2
2
2
2
2
2
2
77
77
77
77
77
77
77
77
77
77
77
77
77
77
3
77
4
3
3
3
3
3
6
3
3
3
4
3
4
4
4
4
4
4
4
14
5
4
4
5
5
5
5
5
5
5
5
5
5
5
5
4
6
6
6
6
6
6
6
3
3
6
6
6
6
6
3
6
7
6
6
6
7
7
6
6
6
6
6
6
6
7
7
7
7
7
7
7
7
7
7
7
7
7
7
7
8
7
7
7
8
8
8
8
8
8
8
8
8
8
8
8
8
8
32
8
8
8
9
9
9
10
10
10
9
10
11
10
12
11
11
11
11
11
12
12
12
12
13
13
13
14
13
12
13
12
14
14
14
14
14
14
16
15
15
15
15
17
15
15
16
15
15
15
15
14
14
14
16
16
5
16
5
16
16
16
16
16
16
16
17
17
17
17
76
76
17
17
17
17
15
18
20
19
15
19
15
19
19
19
19
19
20
19
19
19
19
19
20
20
20
20
20
21
16
21
21
21
21
22
21
21
21
22
22
22
21
22
22
20
22
22
22
22
22
22
22
22
24
24
22
22
22
22
23
22
22
23
23
23
23
23
23
23
23
23
22
24
24
24
24
24
23
24
24
24
24
24
24
24
24
24
24
24
24
24
24
24
24
24
24
24
24
24
24
24
25
25
25
25
25
25
25
25
25
25
25
25
25
23
25
23
23
25
25
23
25
25
23
23
26
23
23
26
26
26
26
25
27
27
26
27
26
27
28
24
28
27
28
28
29
28
28
28
29
26
29
29
29
29
29
30
29
29
30
30
30
29
30
29
30
30
30
28
31
28
31
28
31
31
31
32
8
32
32
28
34
34
60
37
35
35
35
35
35
35
36
38
38
37
37
38
38
38
37
38
38
39
39
39
39
41
39
39
40
40
40
40
41
41
41
41
41
41
41
41
41
41
42
42
42
42
42
40
42
42
42
42
43
43
42
43
43
43
43
43
43
43
43
43
43
44
45
44
44
44
47
44
44
47
45
46
46
46
43
46
46
48
48
46
47
48
45
48
48
48
47
49
49
49
49
49
49
49
49
49
49
50
50
50
50
50
48
51
51
46
52
52
46
52
52
53
49
53
53
49
53
53
53
54
50
55
54
57
56
56
56
56
56
56
56
64
57
57
57
62
57
59
58
57
58
58
58
58
59
58
59
59
59
60
60
31
60
61
61
61
68
61
61
61
61
61
61
61
61
61
68
68
62
62
62
62
63
63
63
63
66
66
63
64
64
64
64
64
64
64
63
65
65
65
70
65
63
66
63
66
66
66
66
66
66
70
67
67
67
61
67
67
67
67
67
67
67
67
66
67
67
68
71
67
68
68
68
68
67
68
68
68
69
69
42
69
69
69
69
44
69
69
70
70
70
70
70
70
70
70
71
71
71
70
71
71
71
71
71
71
71
71
71
71
71
72
72
72
72
72
75
72
73
73
73
73
73
73
73
73
72
74
74
74
53
75
75
75
75
53
76
76
76
76
76
10
53
75
30
1
6
4
21
22
21
23
25
25
19
18
16
13
6
3
3
22
22
22
7
7
28
28
28
28
46
49
69
45
42
40
68
68
68
67
66
66
56
37
68
37
37
37
38
40
42
41
36
36
23
27
27
27
27
27
26
27
27
28
28
28
8
27
29
51
32
32
33
35
35
60
60
60
60
34
60
59
59
30
30
33
34
31
31
29
29
29
30
69
28
35
23
7
7
44
68
61
58
29
26
29
31
29
30
30
38
5
61
42
76
56
