1
1
1
1
1
1
1
77
1
2
2
1
2
13
2
2
2
2
2
2
13
2
2
2
1
77
77
77
77
77
77
77
77
77
77
77
77
77
3
77
77
77
3
3
3
3
3
3
3
3
3
3
3
4
4
4
13
4
3
4
4
4
4
4
5
5
5
5
5
5
5
5
5
5
5
7
6
6
5
6
3
6
6
6
6
6
6
6
6
6
6
6
6
6
6
6
6
6
6
6
6
6
6
6
6
7
6
7
7
7
7
7
7
7
7
7
7
7
7
7
7
7
7
7
7
8
7
8
8
28
28
28
8
8
8
8
8
8
8
8
8
28
28
9
9
10
10
10
10
10
10
10
11
11
11
11
11
11
11
12
12
12
12
13
14
2
14
14
14
14
14
14
14
14
14
14
14
16
15
15
15
15
15
15
15
15
15
15
15
15
16
16
16
16
14
16
16
16
16
16
16
16
16
16
16
17
17
17
17
17
17
17
17
17
17
17
18
19
19
19
19
19
19
19
19
19
19
19
19
19
19
19
19
20
20
20
20
20
21
16
16
21
21
21
22
5
5
5
22
22
22
21
22
22
20
20
22
22
22
22
22
5
22
22
22
22
23
22
22
23
23
23
22
23
23
23
23
23
23
23
23
24
24
24
24
24
24
24
24
24
24
24
24
24
24
24
24
24
24
24
24
24
24
24
24
24
24
24
24
28
24
25
25
25
25
25
25
25
25
25
25
25
25
25
25
25
23
25
25
25
25
25
23
23
23
23
23
23
29
29
26
27
29
27
23
27
27
27
27
28
28
28
28
28
27
28
28
28
28
29
29
29
29
29
29
30
30
30
30
30
30
30
30
30
30
30
30
30
28
34
34
34
31
34
34
29
33
8
32
33
33
34
34
34
35
35
35
35
35
35
38
36
38
38
38
38
38
40
38
40
38
38
39
39
39
39
39
39
39
40
40
40
40
41
39
41
41
41
41
41
42
41
41
42
42
42
42
42
40
42
42
42
43
43
43
43
43
43
43
43
43
43
46
43
43
43
45
44
69
44
44
44
44
44
44
45
43
46
46
46
46
46
46
46
46
47
48
48
48
48
48
49
49
49
73
49
49
49
49
49
49
49
49
49
50
50
50
51
51
51
46
52
52
46
52
52
53
53
75
53
53
53
53
53
54
54
51
55
56
56
56
56
56
56
56
56
56
57
57
57
57
57
58
58
58
58
58
58
58
58
58
59
59
59
60
34
60
60
61
61
61
61
61
61
61
61
61
61
61
61
61
61
61
62
62
62
62
63
63
63
63
63
63
65
64
64
56
64
64
64
64
65
65
65
66
65
65
66
66
66
66
66
66
66
66
66
66
67
67
67
67
67
67
67
67
67
67
67
67
67
67
67
67
67
67
61
68
68
67
68
68
68
71
69
69
69
69
69
69
68
69
69
69
70
70
70
70
70
70
70
70
71
71
71
71
71
71
71
71
71
71
71
71
71
71
71
72
72
72
72
72
75
75
73
73
73
73
73
73
73
73
75
74
74
75
75
75
75
75
75
75
76
76
76
76
76
76
53
75
30
1
3
4
22
22
21
20
25
25
19
18
15
13
6
6
6
22
22
22
7
7
28
28
28
28
46
49
43
45
42
40
61
61
68
67
66
63
56
37
37
40
38
38
38
40
41
41
36
36
23
23
23
23
27
27
27
27
28
28
28
28
8
29
29
51
33
33
35
35
35
60
60
60
60
60
60
59
60
30
30
35
34
34
34
29
29
29
30
69
28
35
23
28
24
44
69
61
58
29
29
29
34
29
29
30
38
5
61
42
76
56
