1
1
1
1
1
1
1
1
1
1
1
2
2
2
2
1
2
2
2
2
2
4
4
1
1
77
77
77
77
1
77
77
77
77
77
77
77
77
77
77
77
77
3
77
3
3
3
3
3
3
3
5
3
4
4
4
13
4
4
4
4
4
4
5
5
4
5
5
5
5
5
5
5
5
5
5
6
6
6
6
6
6
6
6
6
6
6
6
6
6
6
6
6
6
6
6
6
6
7
6
6
6
7
7
7
7
6
7
7
7
7
7
7
7
7
7
7
7
7
7
7
7
7
8
7
8
8
8
7
8
8
8
8
8
8
32
8
8
32
32
8
8
7
9
9
9
10
10
10
9
10
11
11
11
10
11
11
11
11
12
12
12
13
13
13
13
14
14
13
14
13
13
14
14
14
14
14
11
15
11
15
15
15
15
15
15
15
16
15
15
16
16
16
16
16
16
4
16
16
16
16
16
16
16
21
17
17
17
17
76
17
17
17
17
17
17
18
19
19
15
19
19
19
19
19
19
19
20
25
19
19
19
19
16
20
20
20
20
21
21
21
21
21
21
21
21
21
22
22
22
22
22
22
22
20
22
22
22
22
22
22
22
22
22
24
22
23
22
22
23
23
23
22
22
23
23
23
23
23
23
23
22
24
24
24
24
24
24
24
24
24
24
24
24
24
24
24
24
24
24
24
24
24
24
24
24
28
24
24
28
24
19
25
25
19
25
25
25
25
25
25
25
25
25
25
23
25
25
25
25
26
26
25
26
26
23
26
26
26
26
26
26
26
27
27
28
27
27
29
28
28
28
28
28
28
28
28
28
28
29
29
31
29
29
30
30
29
30
30
30
30
31
30
30
30
30
30
30
31
31
31
31
31
31
31
31
32
32
32
33
33
34
34
34
34
35
35
35
35
35
35
36
38
38
37
38
38
38
38
38
38
38
36
39
39
39
39
39
39
40
40
40
42
41
41
41
41
41
41
41
41
42
42
42
42
42
42
42
42
42
42
42
42
43
43
43
43
43
43
46
43
43
46
43
43
46
44
44
44
44
44
49
44
44
44
45
46
46
46
43
46
46
48
46
48
47
45
48
48
48
48
49
49
49
49
49
49
49
50
49
49
49
49
49
50
50
50
51
48
51
52
52
52
52
52
51
53
53
53
53
53
53
53
53
54
54
55
55
56
56
56
56
56
56
56
56
56
57
57
57
57
62
58
58
58
57
57
58
58
58
61
61
61
61
60
60
60
60
58
61
61
61
61
61
61
61
61
61
67
61
61
61
61
62
56
62
62
63
58
63
63
63
63
63
65
64
56
64
64
64
64
63
65
65
66
65
65
66
63
66
66
66
66
66
66
66
66
68
67
67
67
67
67
67
67
68
67
67
67
67
67
67
66
66
66
68
68
68
68
68
68
69
68
69
69
69
69
69
69
69
44
69
44
70
70
70
70
70
70
70
72
71
69
71
71
71
71
71
71
69
71
71
71
71
71
71
72
72
72
72
72
75
72
73
73
73
72
72
73
73
73
74
74
74
74
75
75
75
74
75
75
76
76
76
76
76
76
53
74
30
1
3
5
22
22
21
20
25
26
19
18
16
13
6
6
6
22
22
22
7
22
31
28
28
31
46
49
43
45
42
40
68
68
68
67
66
63
56
37
37
38
38
38
38
40
41
41
36
36
23
23
27
28
27
28
27
29
28
28
28
28
7
29
29
51
32
32
35
35
35
59
60
59
60
34
60
59
59
30
30
33
35
31
31
29
29
29
30
69
31
35
23
8
24
44
69
61
58
28
29
30
31
29
30
30
38
5
61
42
76
56
