1
1
1
1
1
1
1
77
1
1
1
2
2
2
2
1
2
2
2
2
2
2
2
4
2
77
77
77
77
77
2
4
4
77
77
77
77
77
77
77
77
77
3
77
3
3
3
3
3
3
3
4
3
4
4
4
4
4
4
4
4
5
5
6
5
5
5
5
5
5
5
5
5
5
5
5
6
6
5
6
6
3
6
6
6
6
6
7
7
7
7
6
6
7
6
6
5
5
7
6
6
6
7
6
6
6
6
7
7
7
7
6
7
7
7
7
7
6
7
7
7
7
7
8
7
8
8
8
8
8
8
32
32
8
8
8
8
8
32
32
8
8
8
9
9
9
10
12
10
10
10
10
10
11
11
11
11
12
11
12
12
13
12
13
13
13
4
13
14
14
14
14
14
14
14
14
14
15
15
15
15
11
15
15
15
15
15
19
15
15
16
16
14
16
14
14
14
16
16
16
16
16
16
20
16
15
17
17
17
17
76
17
18
18
17
17
18
19
19
15
17
19
17
19
19
19
19
19
19
19
25
19
19
20
20
20
20
20
21
21
21
21
21
21
22
21
21
22
22
22
22
22
21
21
22
22
22
22
23
22
22
7
22
22
22
23
23
23
22
23
23
23
23
23
25
23
23
23
23
23
23
24
22
24
24
22
24
24
22
24
24
24
24
24
24
24
24
24
24
24
24
24
23
24
24
24
24
24
24
24
24
25
25
25
25
25
25
25
25
25
25
25
25
26
25
26
26
26
25
25
25
25
25
23
26
23
26
26
26
26
27
27
29
27
27
27
27
27
27
28
28
28
28
32
28
28
28
28
28
29
30
30
30
29
29
29
29
30
30
30
30
30
30
30
29
29
29
29
31
28
31
31
31
28
31
31
32
8
32
33
34
34
34
60
35
35
33
35
38
35
35
36
38
38
37
38
38
38
38
38
40
38
39
39
36
39
39
39
39
42
40
40
69
39
41
40
41
41
41
41
41
41
41
41
42
41
42
42
42
42
42
42
42
43
43
43
43
43
42
43
43
43
46
43
43
46
44
44
69
44
44
44
44
47
49
45
46
46
46
46
46
46
46
46
46
47
48
48
48
48
48
44
49
49
49
49
49
49
49
53
49
49
53
53
50
50
50
46
51
50
52
52
52
52
55
52
53
53
75
75
53
53
53
53
54
54
55
55
56
56
56
56
56
56
56
56
64
58
58
57
62
62
59
59
58
58
59
58
59
58
58
59
59
59
60
60
60
60
61
61
61
61
61
61
61
61
61
67
61
67
67
61
61
62
62
62
62
63
58
62
63
63
63
63
65
64
64
64
64
64
64
65
65
65
66
70
65
66
66
66
66
66
66
66
66
66
70
67
67
67
61
67
61
67
67
67
67
67
67
67
67
67
67
67
67
68
68
68
67
68
68
68
68
68
69
69
69
69
69
69
44
69
69
66
70
70
70
70
70
71
70
71
68
71
67
71
71
71
71
71
71
71
70
71
71
71
72
72
72
72
74
72
72
73
72
73
72
73
73
73
73
74
74
75
75
75
72
72
75
75
75
76
76
76
76
76
10
53
75
30
77
3
4
7
22
21
20
25
26
19
18
19
13
6
6
6
22
22
22
22
7
28
28
28
28
46
49
43
45
42
40
68
61
68
67
66
63
56
37
61
37
38
35
38
40
41
40
36
36
23
23
27
27
27
23
27
27
28
28
28
28
8
29
30
51
32
32
35
35
35
31
60
60
60
60
31
59
31
30
31
33
34
31
31
30
29
30
30
69
28
35
23
8
28
71
69
61
58
28
29
30
31
29
29
31
40
5
61
42
76
64
