1
2
1
1
1
1
1
1
1
1
1
2
2
2
2
2
2
2
2
13
2
4
2
2
2
77
77
77
77
77
2
77
77
77
77
77
77
77
77
77
77
4
4
3
3
3
3
3
3
3
3
3
3
4
4
4
14
4
4
4
14
4
4
5
5
5
5
5
5
5
5
5
5
5
5
5
3
6
6
6
3
6
6
6
6
6
6
6
6
6
6
6
6
6
6
5
6
6
6
6
6
6
6
6
7
7
7
7
7
7
7
7
7
7
7
5
7
7
7
7
7
7
7
8
7
8
7
8
8
8
8
8
8
8
8
8
8
8
8
8
8
8
8
9
9
9
10
12
9
10
10
10
10
11
11
10
11
11
11
12
12
12
12
13
13
13
14
13
14
14
16
14
14
14
14
14
14
15
11
15
15
15
15
15
15
15
19
15
15
15
16
16
16
16
16
5
14
5
16
16
16
16
16
16
16
15
15
17
17
76
17
17
17
18
17
17
18
15
19
15
17
19
17
19
15
19
19
19
19
19
19
19
19
20
20
20
20
20
21
16
21
21
21
21
21
21
21
22
21
21
22
21
22
20
20
20
20
22
22
22
22
22
22
22
22
24
22
22
22
22
23
22
23
23
23
23
23
23
23
23
23
22
22
24
22
24
24
24
24
24
24
24
24
24
24
28
24
24
24
24
24
28
24
28
28
28
28
24
28
24
24
19
19
25
25
25
25
19
25
25
25
25
25
25
25
25
25
25
25
25
25
25
25
27
27
23
26
26
26
26
26
26
29
27
27
27
27
27
27
24
24
28
28
28
28
28
29
28
28
29
29
29
29
29
29
30
30
30
30
30
30
31
30
30
30
30
30
30
31
28
31
31
31
31
31
31
32
32
32
33
33
34
34
34
34
35
35
35
36
35
38
36
38
38
38
38
38
38
38
38
38
38
39
39
39
39
41
39
39
40
40
40
40
41
41
41
40
40
41
41
42
42
41
42
42
42
40
40
42
42
42
69
43
43
42
43
43
43
43
43
43
43
43
43
43
46
44
45
44
44
44
44
44
44
44
45
46
46
46
46
46
46
46
46
46
47
45
48
48
48
48
44
49
49
49
49
49
49
49
49
49
49
49
49
50
50
50
52
51
51
46
52
52
52
52
52
53
53
75
53
53
53
53
53
54
54
55
55
56
56
56
56
56
56
56
56
56
57
57
57
57
62
58
58
58
57
57
58
58
59
58
59
59
59
60
60
59
60
58
61
61
61
61
61
61
58
58
61
61
61
61
61
61
63
62
62
62
63
58
63
63
63
63
63
64
64
64
64
64
64
64
65
64
65
65
65
64
66
66
66
65
66
66
66
66
66
66
67
61
67
61
61
67
67
67
67
67
67
67
67
67
67
67
67
67
61
68
68
68
68
68
68
67
69
69
69
69
69
68
68
69
69
44
70
65
65
65
70
70
70
70
71
68
71
71
70
70
71
71
71
71
71
71
72
71
73
72
72
72
72
75
72
72
73
72
73
72
73
73
73
73
74
74
74
74
75
75
75
75
75
75
76
76
76
76
76
76
53
75
30
1
3
5
22
22
21
20
25
25
17
18
15
13
6
6
6
22
22
22
7
22
28
28
28
28
46
49
43
45
42
40
68
68
68
67
66
63
56
37
37
38
38
35
38
41
40
41
36
36
23
23
27
27
27
27
27
27
28
28
28
29
8
27
29
51
32
28
34
35
35
59
60
60
60
60
60
59
59
29
30
34
34
31
31
29
29
29
30
69
33
35
23
8
24
44
40
61
58
29
29
29
31
29
29
30
39
16
37
42
76
62
