1
2
1
1
1
1
1
1
1
1
1
2
2
2
2
2
2
2
2
4
4
4
2
2
2
77
77
77
77
77
1
4
77
77
77
77
77
77
77
77
77
77
77
3
3
3
3
3
3
3
3
4
3
4
4
4
4
4
4
4
4
5
5
5
5
5
5
5
5
5
5
5
5
5
5
5
6
5
6
6
3
6
6
3
3
3
3
6
6
6
6
6
6
6
6
6
6
7
7
7
7
6
6
7
6
7
6
7
7
7
7
7
7
7
7
21
7
7
7
7
7
7
7
8
7
8
8
8
8
8
8
32
8
8
8
8
8
32
32
32
8
8
8
9
9
9
10
10
10
9
10
11
11
10
11
11
11
11
11
12
12
12
11
13
12
13
14
14
14
14
14
14
16
14
4
14
4
15
15
11
15
11
15
17
15
16
15
16
15
15
15
16
16
16
16
16
4
16
5
21
21
16
16
16
16
17
17
17
76
76
17
17
17
17
17
17
18
25
19
15
19
15
19
19
19
19
19
25
25
19
19
19
19
20
20
25
20
20
5
20
21
20
21
21
21
21
21
22
22
22
22
21
20
20
22
20
22
22
22
22
22
22
22
22
22
22
23
22
23
23
23
23
23
23
23
23
23
23
24
23
23
22
24
22
24
24
24
24
24
24
22
24
22
24
24
24
24
24
24
24
24
24
24
24
24
24
24
24
24
28
24
25
19
25
25
25
25
25
25
25
25
25
25
25
23
23
25
25
25
25
26
26
26
26
26
26
26
26
26
26
26
26
26
27
27
27
27
27
27
28
24
28
28
32
28
28
28
28
28
29
29
30
29
29
29
30
29
29
30
30
30
31
29
30
30
29
30
30
28
31
28
31
31
31
29
31
32
32
32
33
33
34
34
34
34
33
35
35
35
35
35
36
38
38
37
38
40
38
38
37
38
38
39
39
39
40
39
41
39
40
40
40
40
41
41
40
41
41
42
41
42
41
41
42
42
42
42
40
42
42
42
69
43
43
43
69
43
43
43
43
43
43
46
46
43
43
44
45
44
44
44
44
47
47
44
45
46
46
48
45
45
46
48
46
46
47
48
48
51
48
48
49
49
49
49
49
50
49
49
49
49
49
53
49
50
50
50
48
48
51
51
51
52
52
52
51
49
53
53
53
53
53
53
53
54
54
55
55
57
56
56
56
56
56
64
64
56
57
57
57
57
57
58
58
30
57
58
58
58
58
58
59
59
61
60
31
59
59
61
63
61
37
37
61
63
63
63
61
61
61
61
61
61
62
62
56
65
63
63
62
63
63
63
63
64
64
64
64
64
64
64
65
65
65
65
65
65
66
66
66
65
66
67
66
66
66
70
67
67
67
67
67
67
67
67
68
68
67
67
67
67
67
67
67
66
61
68
69
68
68
68
68
67
69
69
69
69
44
69
69
44
69
44
70
70
70
70
70
70
71
70
71
71
71
71
71
71
71
71
71
71
71
71
71
71
49
72
72
72
72
72
72
72
71
73
71
71
73
73
73
73
74
74
74
72
75
75
75
72
75
53
76
76
76
76
76
10
53
72
30
1
3
4
21
22
21
20
25
25
19
18
15
4
6
6
3
22
22
22
7
7
28
28
28
28
46
49
43
45
42
40
68
61
68
67
66
66
56
60
37
37
38
38
39
40
40
40
36
36
24
23
26
27
27
27
27
27
28
28
28
29
7
29
29
51
32
32
35
35
35
60
60
60
60
60
60
59
59
30
30
33
35
31
31
29
29
30
30
69
28
35
23
7
24
44
68
61
58
29
29
30
31
29
29
58
40
5
37
42
76
56
