1
1
1
1
1
1
1
77
1
2
1
2
2
2
2
2
2
4
2
2
2
4
4
4
2
77
77
77
77
77
1
77
77
77
3
77
3
77
3
77
77
4
3
3
3
3
3
3
3
3
3
4
3
4
14
4
4
14
4
4
14
4
4
5
5
5
5
5
5
5
5
5
5
5
5
5
4
5
6
6
6
3
6
6
6
6
6
6
7
6
6
7
6
6
6
5
6
6
6
6
7
6
7
6
6
6
6
7
7
7
6
7
7
6
7
7
7
7
7
7
7
8
7
7
8
8
8
8
8
8
8
8
8
8
8
8
8
8
8
8
32
24
24
9
9
9
11
12
10
10
76
10
10
12
11
11
11
11
11
12
12
12
12
13
12
2
4
13
14
13
14
14
14
14
14
14
14
11
15
15
15
15
17
15
15
15
15
15
19
15
16
16
16
16
5
16
5
5
5
5
21
16
16
16
16
17
17
17
17
76
17
17
17
18
18
17
18
19
15
19
19
15
19
19
19
19
19
19
19
19
19
19
19
20
20
20
20
22
21
21
21
21
21
21
21
21
21
22
22
22
22
21
22
22
22
20
22
22
22
22
22
22
22
22
22
24
23
22
22
23
23
22
23
23
23
23
23
23
23
23
26
24
22
24
24
24
24
23
23
24
24
24
24
24
24
24
24
24
24
24
24
24
24
27
24
24
28
24
24
24
28
19
25
25
25
25
25
25
23
25
25
25
25
23
23
23
25
25
25
25
25
25
25
26
23
26
26
26
26
26
26
29
29
29
27
27
27
27
29
28
28
27
27
28
29
28
28
28
28
29
29
31
29
30
29
30
30
30
30
30
30
30
30
30
30
30
30
30
31
33
28
31
31
28
31
28
32
32
32
33
33
60
34
34
34
35
35
35
36
34
34
36
38
36
38
35
38
38
38
40
38
38
38
38
39
39
39
39
38
40
40
40
40
41
39
40
41
41
41
41
41
41
41
42
41
42
42
40
42
42
42
42
43
43
42
43
43
43
43
43
43
43
46
43
43
46
45
45
69
69
44
44
44
44
44
45
46
46
46
43
46
46
46
46
48
47
47
47
48
48
48
49
49
49
49
49
49
49
49
49
53
53
53
49
50
50
50
52
52
51
52
52
51
52
52
51
53
53
75
75
53
53
53
53
55
54
51
55
56
56
56
57
56
56
64
64
64
30
57
57
57
57
59
58
58
58
58
58
58
58
58
59
59
59
60
31
60
60
61
61
61
61
67
67
61
61
61
61
61
61
67
68
61
62
57
62
62
58
58
63
63
63
63
62
65
56
64
64
64
64
64
65
65
65
65
70
65
65
66
65
65
66
66
66
66
67
66
68
67
61
67
67
67
67
67
68
68
67
67
67
67
68
67
67
67
68
68
68
68
68
68
68
67
69
69
42
69
69
69
69
69
69
69
67
70
70
70
70
70
70
70
71
71
71
67
71
71
71
44
44
71
71
72
72
71
71
72
72
72
72
72
72
72
73
73
73
72
73
49
73
73
72
74
74
74
73
75
75
75
75
75
76
76
76
76
76
10
53
74
30
1
3
4
22
22
21
20
23
25
25
18
11
13
6
6
3
22
24
24
7
7
28
28
33
33
46
49
43
45
42
40
69
68
69
67
66
66
56
37
37
38
38
35
38
40
41
40
38
36
23
23
27
27
27
27
27
27
28
29
28
28
24
29
29
51
32
32
33
35
35
60
60
60
34
60
60
59
31
31
58
33
34
31
31
30
29
29
31
69
33
35
23
8
24
44
69
61
58
28
29
31
31
29
29
58
39
21
61
42
76
56
