1
1
1
1
1
1
1
1
1
2
1
2
2
2
2
2
4
4
4
13
2
2
2
2
4
77
77
77
77
77
77
4
77
77
77
77
77
77
3
77
77
77
3
3
3
3
3
3
3
3
3
3
3
4
4
4
4
4
4
4
4
4
4
4
5
4
5
4
4
5
5
5
5
5
7
5
6
6
6
6
3
6
6
6
6
3
6
6
6
6
6
6
6
6
6
6
6
6
6
6
6
6
6
6
6
6
6
7
7
7
7
7
7
7
7
7
7
7
7
7
7
7
7
7
7
7
8
8
8
8
8
8
8
7
8
8
8
8
8
8
8
8
8
9
9
10
11
10
10
10
10
10
10
11
11
11
11
11
11
12
12
12
14
13
13
13
4
13
14
14
14
14
14
14
14
14
14
11
15
15
15
15
15
15
15
15
15
15
19
15
14
16
16
16
16
16
16
16
16
16
16
16
16
20
16
17
17
17
17
17
17
17
17
17
17
17
18
19
19
19
19
19
19
19
19
19
19
19
19
19
19
19
19
20
20
20
20
20
21
21
21
21
21
21
21
21
21
22
22
22
22
22
21
21
22
20
22
22
22
22
22
5
5
22
23
22
22
22
22
23
23
22
23
23
23
23
23
23
23
23
23
24
24
24
24
24
23
24
24
24
24
24
24
24
24
24
24
24
24
24
24
24
24
24
24
24
24
24
24
24
24
19
25
25
18
25
25
25
25
25
25
25
25
25
25
25
25
25
25
25
25
25
25
26
26
23
26
26
26
26
26
26
29
27
27
27
27
27
27
28
28
27
28
28
28
28
28
28
31
29
29
29
29
29
29
29
30
30
30
30
30
30
30
30
30
30
29
30
28
28
28
28
31
28
28
31
33
8
32
32
28
34
34
34
34
35
35
35
35
35
35
36
36
38
38
38
38
38
38
38
38
40
39
39
39
39
39
39
39
40
40
40
40
41
41
41
40
41
41
41
41
41
41
42
42
41
42
42
42
42
42
69
42
43
43
43
43
43
43
43
43
43
43
46
43
43
44
44
44
44
44
49
49
44
44
45
46
46
46
46
46
46
48
46
46
47
48
48
48
48
48
49
49
49
49
49
49
49
49
49
49
49
49
49
50
50
50
51
48
48
51
51
51
52
52
55
49
53
53
53
53
53
53
53
54
54
51
51
56
56
56
56
56
56
56
64
56
58
57
57
57
62
58
58
58
58
58
58
58
58
58
61
59
59
60
60
60
60
61
61
61
61
61
61
61
61
61
67
61
61
61
61
61
62
62
62
62
63
58
63
63
63
63
63
64
64
64
64
64
64
64
65
65
65
65
66
65
66
66
66
65
65
66
66
66
66
66
67
67
67
67
67
67
67
67
67
67
67
67
67
67
67
67
71
67
68
68
68
68
68
68
69
67
69
69
69
69
69
69
69
69
69
69
70
66
70
70
70
70
70
70
71
71
71
71
70
71
71
71
71
71
71
71
71
71
71
72
72
75
75
75
75
72
73
73
73
73
73
73
73
49
75
74
74
74
75
75
75
75
75
75
76
76
76
76
76
10
53
74
30
1
3
4
5
22
21
20
25
25
19
18
15
13
6
6
6
22
22
22
7
7
28
28
28
28
46
49
43
45
42
40
61
68
68
67
66
63
56
37
37
38
38
38
38
40
41
40
39
36
23
23
27
27
27
27
27
27
28
28
28
28
8
27
29
51
32
33
34
35
35
60
60
60
60
60
60
59
59
30
30
34
34
29
30
29
29
29
30
69
28
35
23
8
24
44
69
61
58
28
29
29
31
29
29
30
38
5
61
42
76
56
