1
1
1
1
1
1
1
1
1
2
2
1
2
2
2
2
1
2
2
4
12
4
2
2
4
77
77
77
77
77
77
77
77
77
77
77
77
77
77
77
3
4
3
3
3
3
3
3
3
3
3
3
3
4
4
4
4
4
4
4
4
16
4
4
5
5
5
5
5
5
5
5
5
5
5
5
6
5
5
6
6
6
6
6
6
6
6
6
6
6
6
6
6
6
6
6
7
7
6
7
6
6
6
7
6
6
6
7
7
7
7
7
7
7
7
7
7
7
7
7
7
7
7
7
7
7
8
8
8
8
33
8
8
7
8
8
8
8
8
8
33
28
28
9
9
9
10
12
10
10
10
10
10
11
11
11
11
11
11
12
12
12
13
12
13
12
14
14
14
14
14
14
14
14
14
14
16
11
15
11
15
11
15
15
15
15
15
15
15
15
16
16
16
16
14
16
16
16
16
16
16
16
16
16
16
17
15
17
17
17
76
17
17
17
17
17
18
19
19
19
19
19
19
19
19
19
19
20
19
19
19
19
19
20
20
20
20
20
5
22
22
22
22
22
5
5
5
22
5
22
22
22
22
22
20
20
22
22
22
22
22
22
22
24
22
22
23
23
23
23
23
23
23
23
23
23
23
23
23
23
23
24
24
24
24
24
24
24
24
24
24
24
24
24
24
24
24
24
28
24
24
24
24
24
24
28
24
24
28
24
24
19
19
25
19
25
19
25
25
25
25
25
25
25
25
25
25
25
25
25
25
29
25
27
26
23
23
26
26
26
26
26
26
27
27
27
27
27
27
28
28
27
28
28
27
27
28
28
28
29
29
29
29
29
29
30
30
30
30
30
30
30
30
30
30
29
30
30
31
28
28
28
28
31
59
59
32
32
32
32
34
34
35
34
34
35
35
35
35
38
35
35
38
38
38
38
38
38
38
40
38
38
39
39
38
39
39
41
39
40
40
40
40
41
41
41
41
41
41
41
41
41
41
42
41
42
42
42
40
42
42
42
42
42
43
43
69
43
42
43
43
43
43
43
43
43
44
44
69
44
44
44
44
44
44
45
46
46
43
43
46
46
46
46
46
47
48
48
48
48
48
49
49
49
49
49
49
49
49
49
49
49
49
49
50
50
50
51
48
47
46
51
52
46
55
52
53
49
53
53
53
53
53
53
54
54
51
51
56
56
56
56
56
56
56
56
56
57
57
57
57
57
58
58
58
58
58
58
58
58
61
61
59
59
60
31
60
60
61
61
61
61
61
61
61
61
61
61
67
61
61
61
61
62
62
62
62
63
63
62
63
63
63
63
65
56
56
64
64
64
65
65
65
65
66
65
65
63
63
66
66
66
67
66
66
67
66
67
61
67
67
66
67
67
61
67
67
67
67
67
67
67
67
71
67
61
67
68
68
67
68
69
69
69
69
69
69
69
69
69
69
69
69
66
70
70
70
70
70
70
70
71
67
71
71
70
70
71
71
71
71
71
71
71
73
49
72
72
72
72
74
72
72
49
73
73
73
73
73
73
75
74
74
74
75
75
75
75
75
75
75
76
76
76
76
76
10
53
75
30
1
3
4
5
22
21
20
23
29
19
18
15
13
6
6
3
22
22
22
22
7
27
28
28
28
48
49
43
45
42
40
61
61
61
67
66
63
56
37
61
38
38
38
38
40
41
41
38
36
23
27
27
27
27
27
27
27
28
27
27
27
24
27
29
51
34
33
35
35
35
60
60
60
60
34
60
59
59
30
30
35
34
59
59
29
29
29
30
69
33
35
23
24
24
44
69
61
58
28
29
29
31
29
29
30
39
5
61
42
76
56
