1
1
1
1
1
1
1
1
1
1
1
2
2
2
2
2
2
2
2
4
4
2
2
2
2
77
77
77
77
77
2
77
77
77
77
77
77
77
77
77
3
77
3
3
3
3
3
3
3
3
3
3
3
4
4
4
4
4
4
4
14
4
4
5
5
5
5
5
5
5
5
5
5
5
5
5
6
5
6
6
6
3
6
6
6
6
6
6
6
6
6
6
6
6
6
6
6
7
6
7
6
6
6
7
6
6
6
7
7
7
7
7
7
7
7
7
7
7
7
7
7
7
7
8
7
8
7
8
8
8
8
8
8
8
8
8
8
8
8
32
8
8
8
9
9
10
10
10
10
10
10
10
10
11
11
11
11
11
11
12
12
12
12
13
13
13
4
14
14
13
14
14
14
14
14
14
14
15
11
15
15
11
15
15
15
15
15
15
19
15
16
16
16
16
16
16
16
16
5
16
16
16
16
16
16
15
17
17
76
76
17
17
17
17
17
17
18
19
19
19
19
19
19
19
19
19
19
19
19
19
19
19
19
20
20
20
20
20
21
21
21
21
21
21
21
21
21
22
22
22
22
22
22
22
22
20
22
22
22
22
22
22
22
22
22
22
22
22
22
22
23
22
23
23
23
23
23
23
23
23
23
24
22
24
24
24
24
23
24
24
24
24
24
24
24
24
24
24
24
24
24
24
23
24
24
28
24
28
24
24
24
19
25
25
18
25
25
25
25
25
25
25
25
25
25
25
25
25
25
25
25
25
25
26
26
26
26
26
26
26
26
26
26
26
27
27
27
27
27
28
28
28
28
28
28
28
28
28
28
29
29
30
29
29
29
30
30
30
30
30
58
30
30
29
30
30
29
30
31
28
31
31
31
31
31
31
32
8
32
32
33
34
34
34
34
35
33
36
35
35
35
36
38
38
38
38
38
38
38
38
38
38
39
39
39
39
39
39
39
40
40
40
40
41
41
41
41
41
41
41
41
41
41
41
42
42
42
42
42
42
42
69
43
43
43
43
43
43
43
43
43
43
43
43
43
43
44
44
44
44
44
44
47
44
47
45
46
46
46
46
46
46
46
46
46
47
45
48
48
48
48
49
49
49
49
49
49
49
50
49
49
49
49
49
50
50
50
51
51
51
52
52
52
52
55
52
53
53
75
53
53
53
53
53
54
54
55
55
56
56
56
56
56
56
56
56
56
57
57
57
57
57
58
58
58
58
58
57
58
58
61
61
61
59
60
60
60
60
61
61
61
61
61
61
61
61
61
61
61
61
61
61
61
62
62
65
62
61
63
62
62
63
63
63
64
64
56
64
64
64
64
65
65
65
66
65
65
66
63
63
66
66
66
66
66
67
65
67
61
67
67
67
67
67
67
67
67
67
67
67
67
67
67
67
67
61
68
68
68
68
68
68
68
69
69
69
69
69
69
68
44
69
69
70
70
70
70
70
70
70
72
71
71
67
71
71
71
71
71
73
71
71
71
71
71
71
72
72
72
72
72
72
75
73
73
73
73
73
73
73
75
74
74
74
74
75
75
72
75
75
75
76
76
76
76
76
10
53
75
57
1
3
4
22
22
21
20
25
25
19
18
16
4
6
6
6
22
22
22
7
7
28
28
28
28
46
73
43
45
42
40
68
68
68
68
66
63
56
37
37
38
38
38
38
40
41
41
39
39
23
23
27
27
27
27
27
27
28
28
28
28
8
29
29
51
32
32
35
35
35
60
60
60
60
60
60
59
59
30
58
33
34
31
31
30
29
29
30
69
28
35
23
8
24
68
69
61
57
28
29
30
31
29
29
58
38
5
61
43
76
56
