1
1
1
1
1
1
1
77
1
1
2
2
2
2
2
2
2
2
2
4
2
4
2
2
2
77
77
1
1
77
77
2
77
77
77
77
3
3
77
3
77
77
4
3
77
3
6
3
3
3
4
6
3
2
4
2
4
4
4
4
4
4
5
5
5
5
5
5
5
5
5
5
5
5
5
5
6
6
5
5
6
6
6
6
6
6
5
6
6
6
6
6
6
6
5
6
6
6
6
7
6
6
6
7
7
6
6
7
7
6
6
7
7
6
7
7
7
7
7
7
7
8
8
7
7
8
8
8
8
8
8
8
8
8
8
8
8
8
8
8
8
22
8
9
9
9
11
11
10
10
10
10
11
11
11
11
11
11
12
12
12
12
12
13
13
13
14
14
14
13
14
14
14
16
14
16
14
16
12
15
15
15
15
15
15
15
15
15
15
15
14
16
16
16
16
16
5
16
16
16
16
16
16
16
16
17
15
17
76
76
17
17
17
17
17
17
18
19
15
15
17
19
19
19
19
19
19
19
19
25
19
19
19
22
19
20
19
20
16
22
21
21
21
21
21
21
21
22
22
22
22
22
22
22
20
20
22
22
22
22
22
22
22
22
22
23
22
22
22
23
23
22
23
23
23
23
23
23
23
23
26
24
22
24
24
24
24
24
24
24
24
24
24
24
24
24
24
24
24
28
24
24
24
28
28
24
24
24
24
24
24
25
25
25
25
25
25
25
23
23
25
25
25
25
25
25
25
25
25
25
25
25
25
26
26
26
26
25
26
27
27
26
26
27
27
27
27
27
27
28
24
27
27
28
27
28
28
28
28
29
29
30
29
30
29
30
29
30
30
30
30
31
30
29
30
30
30
30
31
31
31
31
31
31
31
28
32
8
32
33
34
34
34
34
37
33
33
35
36
38
35
36
36
38
38
38
38
41
38
41
38
38
39
36
39
39
39
39
39
40
40
40
40
41
41
41
41
41
41
41
41
42
41
41
42
41
42
42
40
42
42
42
43
42
43
43
69
69
43
43
43
43
46
46
43
43
45
44
44
44
69
44
44
44
44
45
46
46
48
46
46
46
48
48
46
47
48
48
48
51
48
44
49
49
49
49
50
49
49
49
49
75
49
49
50
50
50
48
51
51
46
52
52
52
55
52
53
49
53
53
53
53
53
53
54
54
55
55
56
56
56
56
56
56
64
64
56
57
57
57
63
57
59
58
57
57
58
57
58
59
58
58
60
60
60
60
60
60
58
61
61
61
61
61
61
61
61
61
61
61
61
61
61
63
62
62
62
63
63
63
63
63
66
63
64
56
64
64
64
64
64
65
65
65
65
66
66
66
66
65
66
66
66
66
66
70
66
61
67
61
67
63
67
61
67
67
67
67
67
67
67
67
67
67
67
68
68
68
68
67
68
68
67
68
69
42
69
69
69
68
69
69
45
70
70
70
70
70
70
71
70
71
68
67
71
71
71
71
71
68
71
71
71
70
71
71
70
73
72
72
72
75
72
73
71
71
71
73
73
73
73
74
74
74
74
72
75
72
75
75
75
76
76
76
76
76
10
53
72
57
2
3
4
7
22
21
20
25
26
17
25
16
13
5
6
3
22
22
22
7
7
28
28
28
28
48
49
45
45
42
40
68
61
68
67
66
63
56
37
37
37
38
38
38
41
41
41
36
36
26
26
26
27
27
27
27
27
28
28
28
28
22
29
29
51
32
32
35
35
35
60
60
60
60
60
34
59
59
30
30
33
34
31
31
29
29
29
30
69
28
35
23
8
22
44
69
58
58
28
29
29
31
29
29
58
38
5
61
42
76
62
