1
1
1
1
1
1
1
1
2
2
2
1
2
2
2
2
2
2
2
2
2
2
2
4
2
77
77
77
1
1
77
77
77
77
77
77
77
77
77
3
77
77
77
77
3
3
3
3
3
3
3
4
3
4
4
4
14
4
4
4
14
5
4
5
5
5
5
5
5
5
5
5
5
5
5
5
3
6
6
3
6
6
6
3
3
6
6
6
6
6
6
6
6
7
7
6
6
7
7
6
6
6
6
7
6
6
7
7
7
7
7
7
7
7
7
7
7
7
7
7
7
7
7
8
7
8
8
8
8
8
8
32
32
8
8
32
8
8
32
8
8
28
28
9
9
10
10
9
10
10
10
11
10
9
11
11
11
11
11
12
12
12
12
13
13
13
14
13
14
13
12
16
14
14
13
14
14
15
15
15
15
11
15
15
15
15
15
15
15
15
12
16
16
16
16
16
16
16
16
16
21
16
16
16
16
15
17
17
76
76
17
17
17
17
17
17
18
15
19
15
19
19
19
19
19
19
19
19
25
19
25
19
18
21
20
20
20
22
21
21
21
21
21
21
22
21
21
22
22
22
22
21
22
21
22
20
22
22
22
22
22
22
22
22
22
22
22
23
22
24
23
23
23
23
23
23
23
23
24
23
23
22
22
24
24
24
24
24
24
24
24
24
24
24
24
24
24
24
28
24
24
24
24
24
28
28
24
28
28
24
24
25
25
18
18
18
25
25
25
25
25
25
25
25
26
26
25
25
25
25
25
25
25
27
26
25
25
25
26
26
26
29
26
26
26
26
26
29
27
28
24
27
28
28
28
28
28
31
28
29
29
29
29
30
29
30
30
30
30
30
30
31
30
30
58
30
30
30
33
31
28
31
28
31
31
31
32
8
32
33
33
34
34
34
34
35
35
35
38
35
35
36
38
38
35
38
38
38
38
38
38
40
39
39
39
38
38
39
39
40
40
40
40
41
41
41
41
41
41
41
41
41
41
41
42
42
42
40
42
42
42
42
42
43
43
43
69
43
43
43
46
43
46
46
43
43
44
45
44
44
44
49
44
44
44
45
43
46
46
43
46
46
46
46
52
47
48
45
48
48
46
49
49
50
49
49
49
49
49
49
75
49
49
49
50
50
50
46
46
51
52
52
51
52
52
51
53
53
53
53
53
54
53
54
54
54
55
55
58
56
56
56
56
56
56
56
56
57
57
57
57
57
58
58
58
57
58
58
58
58
61
59
59
59
60
60
60
31
61
61
61
61
61
61
61
61
61
61
67
61
61
61
68
62
62
62
62
63
63
63
63
63
63
65
64
64
56
64
64
64
64
65
65
65
66
66
65
66
66
65
66
66
66
66
66
66
70
67
67
61
67
66
67
61
67
68
67
67
67
67
67
68
67
67
67
68
68
68
68
67
68
68
67
68
69
42
69
69
69
44
69
44
45
70
70
70
70
70
70
70
70
68
71
71
71
70
70
71
71
71
71
73
71
71
73
73
72
72
72
72
72
72
75
49
73
73
71
73
73
73
75
74
74
74
75
75
72
75
75
75
75
76
76
76
76
76
76
53
75
58
1
3
4
22
22
21
20
25
25
19
18
15
13
6
6
3
24
24
22
7
7
28
28
28
28
52
49
43
45
42
40
68
68
68
68
66
63
56
37
37
37
38
38
39
40
40
41
36
36
24
23
27
27
27
27
27
27
28
28
24
28
8
29
29
51
32
32
33
35
35
60
60
60
60
60
31
59
31
30
58
33
31
31
31
30
29
29
29
69
33
35
26
7
24
44
40
61
58
31
29
29
31
29
29
30
38
5
61
42
76
62
