1
2
2
1
77
1
1
1
1
1
1
2
2
2
2
1
2
13
2
4
13
2
2
2
2
77
77
77
77
77
4
4
77
77
77
77
77
77
3
77
77
77
4
3
3
77
3
3
3
3
4
3
3
4
4
4
4
4
4
4
4
4
5
5
5
4
5
5
5
5
5
5
5
5
5
5
5
5
6
6
6
3
6
6
6
6
6
6
7
7
6
6
6
6
6
6
6
7
6
7
6
6
7
6
6
7
6
7
7
6
6
7
7
7
7
5
7
7
7
7
7
7
7
22
22
8
8
8
8
8
8
32
32
8
8
8
8
8
32
32
32
8
22
9
9
9
10
9
10
9
10
10
11
11
11
11
12
11
12
11
11
13
12
13
12
13
13
12
14
12
14
16
14
14
12
14
14
16
15
15
17
15
15
17
15
15
15
15
15
17
16
16
16
16
14
16
16
16
5
5
16
16
16
15
16
17
17
17
76
76
76
76
17
18
17
17
18
20
19
19
18
17
19
19
19
19
19
19
19
19
19
19
19
20
20
20
20
20
21
21
21
21
21
21
21
22
5
5
22
21
22
21
22
22
23
20
23
22
22
22
22
22
22
22
22
24
22
23
20
23
23
23
23
23
23
23
23
23
23
23
27
24
24
22
24
24
24
23
24
24
24
24
22
22
22
24
24
24
24
28
28
24
24
24
28
28
28
24
24
28
28
19
19
25
18
25
25
23
23
25
25
25
25
25
25
25
26
25
25
25
25
25
26
27
26
26
26
26
26
26
26
26
26
27
27
27
27
27
27
28
28
27
28
32
28
28
28
28
31
29
29
29
29
29
29
29
30
29
30
30
30
30
30
30
30
30
30
30
31
28
31
31
31
31
31
31
32
8
32
33
33
60
34
34
34
35
34
36
35
38
37
35
35
35
37
38
38
38
38
38
38
38
36
36
36
39
36
39
39
41
40
40
40
41
39
40
41
41
41
41
41
42
41
42
42
42
42
42
42
42
69
42
43
69
43
69
43
43
43
43
43
43
46
46
43
43
44
44
69
44
44
47
44
47
47
45
43
46
45
46
45
46
46
46
52
47
48
45
48
48
48
47
47
49
73
49
49
49
49
50
49
49
50
50
47
54
50
48
51
51
52
54
52
52
55
52
53
53
75
53
53
54
53
54
54
54
55
55
56
56
56
56
56
56
56
56
56
57
57
57
58
56
59
59
58
58
58
58
58
58
58
59
58
61
60
31
60
60
58
61
61
61
61
67
61
61
63
61
61
67
67
61
61
65
65
65
62
63
62
62
62
63
63
62
65
64
56
56
64
64
65
62
65
65
62
65
65
63
63
62
66
66
66
66
66
66
66
68
67
67
61
61
67
67
67
71
67
66
66
66
66
67
71
67
67
68
68
68
68
71
68
68
68
44
69
42
69
69
44
44
44
69
45
66
70
70
70
70
70
70
71
71
71
67
71
71
67
71
71
71
73
71
71
71
73
73
72
72
72
72
72
72
75
44
73
73
72
73
73
73
73
75
74
74
74
75
72
72
75
75
75
76
76
76
76
76
9
53
75
58
1
3
4
22
24
21
20
23
29
18
18
15
13
5
6
6
22
22
24
7
22
28
28
32
28
52
44
69
45
69
40
68
61
61
71
63
63
56
37
37
38
38
38
36
40
41
39
36
36
23
27
27
27
27
27
29
28
27
28
28
28
8
29
29
54
32
32
35
35
35
59
60
61
34
60
60
59
59
31
30
33
60
31
30
29
29
29
29
69
28
38
26
22
24
44
40
61
58
28
29
29
31
28
29
58
38
5
37
69
76
56
