1
1
1
1
1
1
1
1
1
1
2
2
2
2
2
2
2
2
2
2
2
4
4
4
4
77
77
77
77
4
4
4
77
77
77
77
77
3
3
77
3
4
3
3
77
77
3
3
3
3
5
3
3
4
4
4
13
5
4
5
4
4
4
5
5
4
5
5
5
5
5
5
5
5
5
5
3
3
5
6
6
3
6
6
6
6
5
6
6
6
6
6
6
6
6
5
5
6
7
6
7
6
6
7
7
6
7
7
7
7
7
7
7
7
6
6
7
7
8
7
7
7
7
7
8
8
8
8
8
7
32
8
8
7
8
32
8
8
32
8
8
32
8
9
9
76
11
9
10
76
10
10
10
9
11
11
11
12
11
9
12
13
12
13
12
13
13
13
13
13
14
14
14
14
14
14
14
11
15
15
17
11
17
17
15
11
15
15
15
19
14
16
16
16
14
16
14
16
16
16
21
21
16
15
16
17
17
17
17
76
76
17
17
17
18
18
18
19
15
15
19
19
18
19
19
19
15
19
19
19
19
18
19
21
20
20
20
20
16
21
21
21
21
21
21
21
21
21
22
21
22
22
22
22
22
20
22
22
22
22
22
22
22
24
24
23
23
22
23
24
23
22
23
20
23
23
22
23
23
23
23
24
22
24
22
24
24
23
24
22
22
24
24
24
28
24
24
24
24
24
24
24
27
28
28
28
28
28
24
24
24
19
19
18
18
18
25
25
23
25
25
18
25
25
25
25
25
25
25
25
25
25
26
23
23
23
25
26
23
26
26
26
26
27
27
27
27
27
27
32
28
27
28
28
27
27
28
31
31
27
29
29
29
29
29
30
29
29
30
30
30
30
30
29
30
30
30
30
31
31
28
31
28
28
31
31
32
8
33
33
33
34
34
34
34
35
33
35
35
38
38
36
36
35
34
38
38
38
34
40
38
40
39
39
38
40
40
40
39
40
40
40
40
41
41
40
41
41
41
41
41
41
42
42
42
42
42
40
42
42
42
42
43
43
42
69
43
43
43
43
46
46
46
46
43
46
44
48
44
44
69
44
44
49
44
45
46
46
52
52
46
46
46
52
51
49
48
48
47
48
46
49
49
49
49
73
49
49
49
73
73
73
49
49
50
50
50
51
51
51
52
51
52
52
55
52
53
49
75
75
53
53
53
53
51
54
55
51
30
56
56
30
56
56
56
56
64
58
30
57
62
56
58
58
30
58
58
58
58
58
58
59
61
61
34
31
60
60
61
61
37
68
61
61
61
63
61
63
63
63
61
61
68
62
62
56
62
63
63
63
63
63
63
62
64
64
56
64
64
64
64
66
65
65
65
70
65
66
63
66
65
66
66
70
70
66
66
61
61
61
67
67
67
67
67
67
68
67
67
67
67
68
71
67
67
68
68
68
68
68
68
71
71
69
69
42
69
69
69
44
69
69
44
71
70
70
70
70
70
72
72
71
71
67
71
71
71
67
71
44
71
71
71
72
73
49
72
72
72
72
72
72
72
73
73
73
73
72
73
72
72
75
74
74
74
75
75
75
75
75
75
76
76
76
76
76
76
75
75
30
2
3
5
22
22
21
20
25
27
18
18
14
13
5
6
6
22
22
22
8
8
28
28
28
31
52
49
43
48
42
40
68
68
68
68
67
67
56
37
37
34
38
38
38
40
40
40
36
36
23
27
23
23
27
27
29
27
28
28
27
27
8
29
29
51
33
32
35
35
35
59
61
59
61
34
60
59
59
31
30
33
60
31
31
29
29
29
31
69
31
35
23
8
28
44
69
61
62
28
27
29
31
28
29
58
40
5
68
42
76
56
