1
1
1
1
1
1
1
77
1
2
1
1
2
2
2
2
2
13
2
14
13
2
2
2
2
77
77
77
1
77
2
4
4
77
4
77
77
77
77
3
4
4
77
77
77
3
3
3
3
4
4
4
3
4
4
2
14
5
4
5
4
4
5
5
5
16
5
5
5
5
5
5
5
5
5
5
6
4
5
5
6
3
6
3
6
6
6
6
6
6
6
7
6
6
6
6
5
5
7
7
7
6
6
6
6
7
6
7
7
8
7
7
7
7
7
7
7
8
8
8
7
7
8
8
8
8
8
8
8
8
28
28
32
8
32
32
32
8
32
32
28
28
8
9
9
76
10
9
10
76
10
10
11
10
10
11
10
11
11
12
12
13
12
13
12
13
14
14
14
13
14
14
14
14
16
16
16
11
15
11
15
11
15
17
15
11
15
15
15
19
14
14
14
14
14
16
16
16
16
16
16
21
21
21
16
15
17
17
76
76
17
17
17
17
17
17
17
20
19
15
18
19
18
19
19
23
19
19
20
19
23
25
23
20
20
20
20
20
21
21
21
21
16
21
21
21
21
21
22
22
22
22
20
20
20
20
22
22
23
22
21
21
21
22
22
23
23
22
20
23
23
23
23
20
23
23
26
26
26
26
26
22
22
22
24
24
22
23
24
22
22
22
22
22
24
24
24
24
24
22
24
24
24
24
24
24
24
24
28
24
28
23
23
25
18
25
25
25
23
25
25
25
29
25
23
23
26
25
29
29
25
29
26
26
26
26
26
29
26
26
26
26
26
27
27
27
27
29
29
28
24
27
27
32
27
28
32
28
28
29
30
30
30
30
29
30
30
29
30
30
30
31
29
30
30
30
29
29
31
31
28
31
31
31
31
31
32
8
33
33
34
34
34
34
34
34
35
35
35
35
35
35
38
35
34
38
38
38
38
38
38
39
39
39
39
39
41
39
39
40
40
40
40
41
39
40
41
41
41
41
42
42
41
42
42
42
42
42
40
42
69
42
43
43
43
43
43
45
43
43
43
45
43
43
46
46
44
44
44
69
69
71
69
44
44
45
46
46
45
46
45
45
46
46
51
47
45
47
48
47
51
71
44
71
49
49
49
50
49
49
49
49
49
49
50
50
50
52
54
47
51
52
52
52
55
54
53
53
75
75
53
53
53
54
54
54
55
55
56
56
56
57
56
56
56
56
64
57
56
57
58
57
58
58
57
57
58
58
58
59
59
61
61
60
60
31
34
34
61
60
61
61
61
60
61
61
61
58
58
61
61
68
37
57
56
62
62
58
58
63
63
58
63
66
65
64
56
64
64
64
64
62
65
65
65
65
65
66
66
66
66
67
67
67
66
66
66
67
61
61
58
67
58
58
67
67
67
67
67
67
67
68
71
71
67
68
68
37
68
68
69
68
68
69
69
42
69
69
69
69
69
44
69
70
65
70
70
70
70
70
71
71
71
71
67
71
71
71
73
71
73
71
71
71
73
71
73
72
72
72
72
72
72
71
73
73
73
73
49
73
75
72
72
74
72
75
75
75
75
75
75
76
76
76
76
76
76
75
72
30
77
3
4
24
22
16
20
23
29
18
18
14
13
6
6
3
22
24
22
24
7
32
28
32
32
51
49
45
44
42
37
37
37
37
68
66
63
56
60
38
38
38
38
38
39
40
41
36
35
23
23
23
23
27
27
27
27
28
28
28
32
28
29
30
54
32
32
34
35
35
59
59
59
60
60
34
59
59
30
30
34
34
30
31
29
30
30
29
69
28
35
26
8
24
71
40
60
58
28
29
29
31
29
29
58
39
21
61
42
76
62
