1
1
1
1
1
1
1
1
1
2
2
1
1
1
2
2
4
2
2
13
2
13
2
4
2
77
1
1
1
77
2
4
4
77
4
77
77
77
77
77
77
4
77
77
3
77
3
77
3
3
77
5
3
4
4
13
13
4
4
4
14
16
4
5
16
16
5
5
5
5
5
5
5
5
5
5
5
5
6
6
3
3
3
6
6
6
5
3
6
6
6
6
6
6
5
5
5
5
6
7
7
7
6
6
7
7
6
7
7
7
7
7
7
7
7
22
7
22
7
7
7
8
7
8
22
32
8
8
8
8
32
8
8
32
32
32
32
32
32
32
32
8
8
9
9
9
10
10
10
9
10
10
10
11
11
11
11
12
11
11
12
12
12
12
12
12
13
13
13
12
14
14
14
13
13
14
14
11
11
15
15
11
17
15
15
15
15
20
15
17
11
15
16
14
14
16
14
16
16
16
16
16
15
15
15
17
17
17
17
17
76
76
17
17
18
17
18
20
15
19
17
19
17
17
19
19
20
20
20
19
19
18
19
15
20
20
20
20
16
21
21
21
21
21
21
16
21
21
21
22
22
22
20
22
23
20
22
23
22
22
22
22
22
24
23
22
23
22
23
23
23
23
23
23
27
27
23
23
27
27
27
24
22
24
22
24
23
23
24
24
24
24
24
24
28
28
24
28
24
23
24
23
23
23
23
24
28
24
28
24
24
25
19
18
18
25
19
25
23
25
25
25
25
25
25
23
25
26
25
25
26
26
25
27
27
23
26
26
26
26
26
26
26
26
27
26
26
29
29
28
28
28
28
28
31
28
31
31
31
29
29
30
29
30
29
30
30
30
30
30
58
30
30
29
29
30
29
30
59
31
31
59
59
59
31
31
8
32
33
33
34
34
34
34
35
36
34
36
38
35
35
38
38
35
37
38
38
38
38
37
38
38
36
39
36
37
39
39
39
42
37
37
40
41
39
39
41
41
41
41
41
41
41
42
42
42
42
42
40
42
42
42
43
42
42
69
43
43
43
43
46
43
46
46
43
43
45
45
45
44
44
49
44
47
44
45
46
46
51
46
51
46
51
46
46
47
48
47
47
48
51
49
47
49
49
49
50
50
49
49
73
75
49
49
50
50
50
51
51
47
52
51
52
52
52
50
53
53
75
53
53
53
53
54
54
54
55
50
56
56
56
57
56
56
56
64
56
57
57
57
57
57
59
58
58
58
58
58
58
58
58
61
61
61
60
60
60
60
61
67
37
37
37
61
67
67
63
63
67
67
61
61
37
62
62
62
62
63
63
62
63
63
63
62
56
56
64
64
64
64
64
65
64
64
65
65
70
65
65
65
65
66
66
65
66
66
66
61
61
61
67
67
67
67
67
67
71
67
66
66
67
71
67
71
67
68
68
69
68
68
68
68
68
68
69
42
69
69
69
71
44
44
45
66
70
70
70
70
70
70
72
68
71
71
67
67
67
71
68
71
71
71
70
71
71
49
72
72
72
72
75
72
72
49
71
71
73
73
73
73
73
75
75
74
74
73
72
75
75
75
75
76
76
76
76
76
76
53
75
30
2
3
4
22
22
21
20
23
26
17
18
15
13
5
6
6
24
22
22
22
22
28
28
28
31
46
49
43
45
42
37
69
68
69
67
63
63
56
37
37
38
38
35
38
37
41
39
36
36
27
23
27
27
27
27
26
29
28
28
31
31
8
29
29
50
33
8
35
35
35
59
60
59
60
60
60
59
59
30
58
35
34
30
59
30
29
30
30
69
59
34
23
8
24
44
69
61
63
31
29
30
59
29
29
58
37
21
37
42
76
56
