1
2
1
1
1
1
1
1
1
2
1
2
2
2
2
2
2
2
2
2
2
4
2
2
2
77
77
1
1
1
1
77
77
77
77
77
77
77
77
77
77
4
4
4
4
77
77
3
3
3
4
3
77
2
4
4
4
4
4
4
14
14
14
5
14
16
14
5
5
14
5
5
5
5
5
5
3
5
5
6
3
3
3
6
6
6
5
6
6
6
6
5
5
6
6
5
7
6
6
6
6
6
7
6
6
7
6
7
6
6
6
7
7
7
7
7
7
7
7
7
7
7
8
8
28
8
8
8
7
8
8
7
7
7
8
8
8
8
8
8
8
28
8
9
9
9
12
12
10
9
10
10
11
11
11
11
11
13
13
12
12
12
13
12
13
13
4
13
13
13
14
14
14
14
14
14
14
15
15
15
17
11
11
17
15
15
15
16
17
17
15
16
16
16
16
16
16
5
5
16
16
21
16
16
21
11
17
17
76
76
17
17
17
17
17
17
18
19
15
15
19
19
19
19
19
15
15
19
19
19
19
19
19
20
20
20
20
20
21
16
21
21
22
21
22
21
21
21
22
22
21
21
20
20
20
22
22
21
22
22
21
22
22
22
22
22
21
22
22
22
22
22
23
25
23
23
23
23
23
27
27
22
22
24
24
24
22
23
24
27
24
24
24
24
24
24
24
24
24
24
27
23
23
27
24
24
24
24
24
24
28
19
25
18
18
25
25
25
23
23
23
25
25
23
23
23
25
25
25
29
29
29
26
26
26
25
25
26
26
26
26
27
26
27
27
27
27
27
29
28
28
29
27
32
29
28
28
28
28
29
29
30
30
29
29
29
30
29
30
29
29
30
30
30
30
29
29
30
31
31
31
31
31
28
31
31
32
8
33
33
32
34
35
35
60
35
34
35
35
38
60
36
38
38
38
37
40
38
37
38
38
38
36
36
39
39
39
39
36
42
40
40
69
39
39
41
41
39
41
41
41
41
41
42
41
41
42
42
42
42
42
43
43
42
43
42
43
43
43
42
43
45
43
43
42
43
45
45
44
44
44
47
44
48
47
45
46
46
46
46
46
46
46
46
48
48
45
48
48
48
48
47
47
47
49
49
50
54
49
49
73
49
49
54
50
50
50
48
51
51
46
52
52
52
55
52
54
53
53
53
53
53
53
54
54
54
55
54
56
56
56
57
56
56
56
64
62
57
30
57
57
57
59
58
57
58
58
59
59
59
63
59
59
61
34
60
59
60
61
61
37
68
61
61
61
61
63
63
61
61
67
68
61
57
56
62
62
63
63
58
58
58
63
63
65
62
64
64
64
64
64
65
65
64
65
65
64
67
63
66
66
66
66
66
65
66
71
68
67
61
61
67
61
61
67
67
61
61
67
67
67
67
67
71
71
68
68
37
68
68
68
71
68
68
69
43
44
69
69
49
44
44
43
71
70
70
70
70
70
70
70
71
71
71
71
70
70
70
71
49
71
71
71
72
71
49
72
72
72
72
75
72
75
49
73
71
73
73
73
72
73
74
74
74
74
75
75
75
75
75
75
76
76
76
76
76
10
53
75
30
1
3
5
21
22
21
25
25
29
19
18
15
13
5
6
3
21
22
22
22
7
27
28
28
28
46
49
45
45
42
40
37
68
68
67
67
63
56
37
37
37
38
38
39
40
41
41
36
36
23
23
27
23
27
23
27
27
27
29
27
27
8
29
30
51
32
32
35
35
38
61
60
61
60
34
60
59
59
30
30
33
34
31
31
29
30
30
29
43
28
35
23
28
7
44
69
61
58
28
29
30
31
29
29
30
40
5
61
42
76
62
