1
1
1
1
1
1
1
77
77
1
1
1
2
2
2
1
2
2
2
4
2
4
4
2
2
77
77
77
77
77
2
2
2
77
77
77
77
77
77
3
77
4
4
3
3
3
3
3
3
3
4
4
3
4
4
4
4
4
5
4
14
14
14
5
5
5
21
5
5
5
21
5
5
5
6
21
4
4
5
5
4
6
6
3
6
5
5
6
6
6
6
6
5
6
6
5
6
6
6
6
6
6
6
7
7
7
7
7
7
7
7
7
7
7
7
7
22
22
7
7
7
7
7
7
7
7
8
8
8
8
8
8
32
8
32
32
32
8
32
8
8
8
7
9
9
9
10
9
10
9
10
10
10
12
11
11
11
11
11
9
12
12
12
12
13
13
14
13
14
13
14
14
14
14
14
14
14
16
15
11
15
15
15
17
15
16
15
21
15
17
16
16
16
16
16
16
16
5
5
16
16
16
21
21
16
17
17
17
17
76
76
17
17
17
18
18
18
20
15
19
19
19
19
19
15
19
15
15
15
19
19
25
19
20
20
20
20
20
21
21
21
21
21
22
21
22
21
21
22
21
20
22
20
22
20
20
20
22
22
22
22
22
24
24
24
22
22
22
20
22
23
23
23
20
23
23
27
23
27
23
27
24
24
24
24
24
24
23
23
24
24
24
24
24
24
24
24
28
24
28
24
24
24
24
28
28
28
24
28
24
28
25
19
25
19
25
25
25
23
25
25
25
25
25
25
23
25
25
25
29
25
26
26
26
23
23
26
26
26
26
26
29
26
29
27
27
29
27
29
28
28
27
27
32
29
28
31
28
28
29
29
29
29
30
30
30
30
29
29
29
30
30
29
29
30
30
29
30
31
31
31
28
28
31
31
31
32
8
32
33
33
34
34
34
34
36
35
36
35
35
38
36
38
35
38
38
38
40
38
38
40
38
39
36
38
39
39
39
39
40
40
40
40
41
41
40
41
41
41
41
41
41
42
42
42
42
41
40
40
42
42
42
43
42
43
42
42
43
43
43
43
43
46
43
43
51
69
44
44
44
44
49
47
47
47
46
51
46
48
46
46
46
48
46
48
50
48
45
48
48
48
49
47
49
49
54
49
50
49
49
54
54
49
50
50
50
50
51
48
51
51
51
52
52
55
52
54
54
53
53
53
54
53
54
54
54
55
54
30
56
56
30
56
56
56
64
64
57
57
57
57
57
30
58
57
58
58
61
58
58
58
59
59
59
60
34
31
31
59
61
61
61
61
61
61
61
61
61
67
67
61
68
61
62
62
62
65
63
63
62
62
63
63
63
56
64
64
64
64
64
64
65
65
65
65
65
64
66
63
66
65
66
66
65
66
66
70
61
61
67
67
63
63
67
61
67
61
67
67
67
67
67
71
71
67
68
68
68
68
67
68
68
68
68
69
69
69
69
68
69
69
69
69
70
65
70
70
65
70
70
70
69
71
71
67
70
70
71
71
49
73
73
71
72
73
73
72
72
72
72
74
72
73
73
73
73
72
72
73
73
73
74
74
74
74
75
72
75
75
75
75
76
76
76
76
76
10
53
75
30
1
3
5
22
22
16
20
20
29
19
18
16
13
6
6
3
24
22
22
22
22
28
28
28
28
51
49
43
45
42
40
37
37
68
67
66
63
56
37
37
38
40
38
38
40
41
39
36
36
23
24
27
27
27
28
27
27
28
27
28
28
7
29
30
51
32
32
35
35
35
31
60
31
37
37
34
30
59
29
30
36
34
31
30
29
29
29
30
69
28
38
23
7
24
44
69
59
61
31
29
30
31
29
30
30
39
21
61
42
76
56
