1
2
1
1
1
1
1
1
1
1
1
2
2
2
2
1
2
2
2
13
2
4
2
2
4
77
1
1
1
77
2
2
77
77
77
77
77
77
77
77
4
4
4
77
77
77
3
3
3
3
3
4
3
4
13
13
13
13
4
4
4
4
5
5
5
4
5
5
5
5
5
16
16
16
5
5
3
3
5
5
5
3
3
3
5
6
6
3
6
6
3
3
3
6
5
5
5
5
6
6
6
6
6
6
6
6
6
7
7
7
6
7
7
22
22
22
24
7
7
7
7
7
7
7
7
8
7
8
7
8
8
32
32
8
32
8
8
8
8
32
8
28
28
9
9
9
11
10
10
9
10
11
10
12
11
11
11
11
15
10
12
12
12
12
13
13
14
14
14
13
13
14
14
16
14
14
14
12
12
15
15
15
17
15
15
15
19
19
15
17
16
16
16
16
16
21
16
16
16
21
16
16
20
20
16
17
15
17
76
76
17
17
17
18
17
17
18
20
19
15
17
17
17
19
15
19
19
19
19
25
19
19
19
20
20
20
20
20
21
21
21
21
21
21
21
21
16
21
21
21
22
22
22
22
20
22
22
22
22
22
21
22
22
24
22
22
23
22
20
23
23
23
23
23
23
23
27
23
23
23
27
24
22
24
22
24
24
23
24
24
24
28
24
22
22
24
24
24
28
24
23
23
27
27
24
28
24
24
24
24
28
25
19
25
25
25
19
25
25
25
25
25
25
26
25
25
25
26
26
26
26
26
26
29
23
26
26
26
26
29
29
29
29
29
27
27
29
27
29
28
28
28
28
32
27
27
28
28
31
29
29
31
29
30
29
30
29
30
29
29
29
30
30
29
30
30
30
29
59
31
31
59
31
31
31
31
32
33
33
33
35
34
34
34
38
35
34
35
36
34
34
36
38
38
38
38
38
38
38
38
37
38
39
39
38
39
39
39
39
40
37
37
37
41
41
37
39
41
41
41
41
41
41
42
42
42
41
41
40
42
42
42
42
43
43
45
45
43
43
43
43
45
45
48
46
46
69
69
44
44
44
44
44
44
51
48
46
46
48
46
48
45
52
48
52
51
48
47
48
48
52
49
49
51
49
49
50
50
53
53
73
75
53
54
50
50
54
50
51
51
52
52
52
52
55
52
54
53
53
53
54
54
53
54
54
54
55
55
56
56
56
56
56
56
56
56
56
57
57
57
57
56
30
58
58
57
58
58
59
59
58
58
58
37
60
60
59
60
58
61
68
61
61
37
61
61
61
63
61
61
61
68
61
62
62
62
62
63
58
63
63
58
63
65
56
56
64
64
64
64
64
62
65
65
65
64
64
66
65
65
65
66
63
66
66
66
64
61
67
67
61
63
67
67
61
61
67
67
67
67
66
67
71
71
64
68
68
68
68
71
68
71
71
68
68
68
69
69
69
44
69
44
69
64
70
70
70
64
70
70
70
71
70
71
64
70
70
70
70
71
70
70
71
71
71
71
72
72
72
72
72
75
72
71
73
73
73
73
49
73
73
72
74
74
74
75
75
75
75
53
75
76
76
76
76
76
76
53
75
30
2
3
4
21
22
21
20
19
26
19
18
16
13
5
3
5
22
22
22
22
24
28
28
32
28
46
49
45
45
42
37
68
61
61
71
63
63
56
37
37
37
38
38
38
37
41
39
39
36
27
27
27
29
27
27
27
27
28
28
28
28
8
29
30
50
35
32
34
38
38
60
60
60
34
34
60
59
58
30
30
35
34
31
59
29
29
29
29
69
59
34
23
28
24
44
68
37
58
28
29
30
59
31
30
30
39
16
68
42
76
56
