1
1
1
1
1
1
1
77
1
2
2
1
2
2
2
2
2
4
2
4
4
2
2
2
2
77
77
77
1
77
2
4
77
77
77
77
77
77
77
77
77
4
4
77
77
3
3
3
3
3
4
3
3
4
14
4
4
4
4
14
14
14
14
3
5
14
5
5
5
5
21
21
5
5
5
7
5
5
5
5
3
3
6
6
6
6
6
6
6
6
6
6
7
6
7
6
6
7
7
7
6
6
6
7
7
6
6
7
7
6
6
7
7
7
7
7
24
7
7
7
7
8
7
7
8
8
8
8
8
8
8
8
8
32
8
8
32
32
28
28
8
24
8
9
9
10
10
9
10
10
10
10
11
10
11
11
11
11
11
10
12
12
12
12
13
13
4
13
14
14
12
16
14
13
13
14
14
11
15
15
15
11
17
15
15
15
19
15
19
15
16
16
16
14
14
16
16
16
16
16
16
16
16
16
16
17
15
17
76
76
76
76
76
76
17
17
18
19
15
19
15
15
19
19
19
19
19
19
19
25
25
19
19
20
20
20
20
20
21
16
21
16
16
16
21
22
21
21
22
21
22
21
22
20
20
20
22
21
22
22
22
22
21
22
23
22
22
22
20
23
23
23
23
20
23
23
23
23
26
23
26
22
22
22
22
22
23
23
24
24
24
24
24
24
24
24
24
24
24
24
23
23
23
23
24
24
24
24
28
24
28
23
25
19
18
25
25
23
26
26
25
25
25
25
25
26
26
26
25
25
26
26
26
27
26
26
26
25
25
26
27
26
26
29
27
27
27
27
27
28
28
28
27
33
28
28
28
28
28
29
29
29
29
30
29
30
30
29
30
30
30
59
29
30
30
29
30
29
33
31
31
31
31
28
28
31
32
32
32
33
33
34
35
34
37
35
35
35
36
35
37
36
36
35
37
38
35
35
38
38
38
38
39
39
39
38
39
39
39
40
40
42
40
39
41
40
41
41
41
39
41
41
41
41
41
42
42
42
40
42
44
69
43
43
43
43
43
43
43
43
43
43
46
46
46
46
44
47
44
44
69
44
44
44
49
46
51
46
46
46
46
46
46
51
51
47
48
47
51
51
48
49
49
50
49
49
50
49
50
49
73
75
49
49
50
51
54
51
48
51
51
52
52
51
55
52
53
53
53
54
53
54
54
54
55
54
55
55
57
56
56
57
56
56
56
64
56
57
57
58
58
62
58
58
30
57
57
58
58
59
58
59
60
61
60
31
60
34
59
61
37
61
61
61
61
59
59
61
61
61
61
68
61
62
62
62
62
63
63
62
62
63
63
63
56
64
64
64
64
64
64
62
65
65
65
65
65
67
63
62
66
66
66
66
65
66
70
68
67
61
61
67
67
67
67
68
67
66
67
67
66
67
68
67
66
68
68
42
68
68
42
42
68
69
42
69
69
69
69
69
69
69
44
70
70
70
70
70
70
71
70
69
68
67
67
71
67
71
68
71
71
71
71
72
71
71
72
72
72
72
72
75
72
71
73
73
73
73
73
75
75
72
74
74
72
75
75
75
72
53
75
76
76
76
76
76
76
54
72
30
1
3
3
21
22
21
20
23
25
17
18
15
13
6
6
6
21
22
22
24
24
33
28
33
28
46
49
43
45
42
42
68
61
68
67
67
63
56
37
37
38
38
35
35
37
41
40
39
35
26
23
27
29
27
27
27
27
27
28
28
28
8
29
29
51
32
28
35
36
36
60
60
60
37
34
34
59
60
30
29
33
34
59
59
30
29
30
29
44
33
35
26
8
24
44
42
61
58
28
29
29
31
28
29
30
38
21
61
42
76
56
