1
1
1
1
1
1
1
1
1
2
2
1
2
2
2
2
2
2
2
2
2
4
2
4
2
77
77
77
77
1
77
77
77
77
77
77
77
77
77
77
77
77
3
77
3
3
3
3
3
3
3
3
3
4
13
4
13
4
4
4
4
4
4
5
4
5
5
5
5
5
5
5
5
5
5
5
3
5
6
6
3
3
3
3
6
6
7
6
6
6
6
6
6
7
6
5
6
6
7
7
6
6
6
6
6
6
7
7
7
7
7
7
7
7
7
22
7
7
24
7
7
7
24
24
24
8
7
8
7
8
8
8
8
8
8
8
8
8
8
8
8
28
8
9
9
9
11
10
10
9
10
10
10
11
15
15
11
11
11
12
12
12
12
13
12
13
14
13
13
12
16
14
14
13
13
13
14
11
15
11
15
15
15
15
15
15
15
19
15
15
16
16
14
14
14
16
14
5
16
16
16
16
16
16
16
17
15
17
17
17
76
76
18
18
17
17
18
20
19
19
19
19
19
25
25
19
19
20
19
19
25
17
25
21
20
20
19
20
21
21
21
20
21
20
21
21
21
21
21
21
22
20
20
20
22
22
22
22
22
22
22
22
22
22
24
22
23
22
22
22
23
23
23
23
25
23
23
23
23
23
23
24
22
22
22
24
24
22
24
24
24
24
24
24
24
24
28
28
24
27
27
24
23
27
27
24
24
28
28
28
24
25
25
17
17
17
17
25
23
25
25
25
25
26
25
26
26
26
25
26
26
26
26
23
23
26
26
26
23
23
26
26
26
26
27
27
27
29
29
28
28
28
28
32
28
28
29
29
28
29
29
30
29
29
29
30
29
30
30
30
30
30
30
30
30
30
29
29
31
31
28
28
31
31
31
31
32
8
32
33
33
34
34
34
34
35
35
35
38
38
38
36
38
38
38
38
38
38
38
40
38
38
39
39
39
38
38
39
39
40
40
40
69
41
41
40
40
41
41
41
41
41
42
42
42
42
42
40
40
42
42
42
43
43
42
43
43
43
43
43
43
43
45
43
43
46
44
47
44
44
44
44
44
44
44
46
46
46
46
46
46
45
48
48
48
51
48
48
48
48
48
49
44
49
49
49
49
50
50
49
75
49
49
50
51
51
50
51
48
48
52
51
52
52
52
51
53
49
75
75
53
53
53
53
51
54
55
51
30
56
56
57
56
56
56
56
64
57
30
57
57
57
30
58
57
57
58
58
59
59
58
59
59
59
60
31
60
60
58
61
61
61
61
61
63
63
63
67
67
61
61
61
68
62
57
62
62
63
63
65
63
67
63
65
64
64
64
64
64
64
64
65
64
65
65
65
65
66
66
65
66
66
66
66
65
66
66
61
67
67
67
67
67
67
67
67
66
67
67
67
66
66
67
71
70
61
61
69
68
68
69
69
71
69
69
69
69
69
69
69
44
69
69
70
70
70
70
70
71
71
71
71
71
71
70
71
71
73
73
73
73
73
73
71
73
73
71
72
72
72
72
72
72
49
73
73
71
73
73
73
72
74
74
74
74
75
75
75
75
75
75
76
76
76
76
76
10
75
75
30
1
3
4
22
22
21
23
25
29
17
18
15
13
6
6
6
22
24
24
7
7
29
28
28
28
46
49
45
45
69
40
37
68
68
67
67
67
56
34
37
34
38
38
39
40
42
41
36
36
23
23
23
23
27
27
27
29
24
28
28
29
8
29
29
51
32
32
35
35
35
60
60
59
60
60
31
59
59
30
30
33
35
31
31
29
29
29
30
69
28
35
23
24
24
44
69
61
58
29
29
30
31
29
29
30
38
5
68
42
76
64
