1
2
1
1
1
1
1
1
1
2
1
2
2
2
2
2
2
4
2
2
2
4
4
4
2
77
77
1
1
1
77
77
77
77
77
77
77
77
77
77
3
4
4
3
77
3
3
3
3
3
3
3
3
4
14
4
4
4
4
4
14
4
4
5
5
5
5
5
5
5
5
5
5
5
5
5
6
6
5
6
6
3
6
6
6
6
6
6
6
6
6
6
7
6
6
6
7
6
6
7
6
6
6
7
7
6
6
7
7
7
7
7
7
7
7
7
7
7
7
7
7
7
7
7
7
8
8
8
8
7
8
8
8
8
8
8
32
32
8
32
8
28
8
9
9
9
11
10
10
9
10
10
11
11
11
11
11
11
11
12
12
12
14
13
13
13
14
14
14
14
14
16
14
14
14
16
14
15
15
15
15
15
15
15
15
15
15
15
15
17
16
16
16
16
16
16
16
16
21
16
16
16
16
16
21
17
17
17
17
76
76
17
17
18
18
17
18
19
15
19
19
19
19
19
19
19
19
19
19
19
25
19
19
20
20
20
20
20
21
21
21
21
21
21
21
21
21
22
21
21
22
22
22
21
22
20
22
22
22
22
22
22
22
22
22
22
22
23
22
23
23
23
23
23
23
23
23
23
23
23
23
22
22
24
24
24
22
24
24
24
24
24
24
24
24
24
24
24
24
24
24
24
24
24
24
24
24
24
28
24
24
25
25
25
25
25
19
19
25
25
19
25
25
25
25
23
25
25
25
25
25
25
25
23
23
26
25
26
26
26
26
26
26
27
27
27
27
27
27
28
24
28
28
32
27
28
28
28
31
29
29
29
29
29
29
30
30
30
30
58
58
30
30
30
30
29
30
30
31
31
31
31
31
31
31
31
32
32
32
33
33
34
35
34
34
35
35
35
38
35
35
36
38
38
37
38
38
37
38
37
38
38
39
39
39
39
41
39
39
40
40
40
40
41
41
41
41
41
41
41
41
42
42
42
42
41
42
42
42
42
42
42
42
43
43
42
43
43
43
43
43
43
43
43
43
43
44
44
44
44
44
49
44
44
44
45
43
46
46
46
46
46
46
46
46
47
48
47
48
48
48
49
49
49
73
49
49
50
50
49
73
75
49
49
50
50
50
48
51
50
52
52
52
52
52
52
54
53
53
53
53
53
53
53
54
54
55
51
56
56
56
57
56
56
56
64
64
57
57
57
62
57
58
58
58
58
58
58
58
58
61
59
59
60
34
60
31
60
61
61
37
61
61
61
61
61
61
61
67
61
61
68
61
62
62
65
62
63
63
58
63
63
63
63
64
56
64
64
64
64
64
65
65
64
65
65
65
66
63
65
65
66
66
66
66
66
66
67
67
67
67
67
67
67
67
67
67
66
67
67
66
67
67
67
67
68
68
68
68
68
68
71
67
68
69
69
69
69
68
69
69
44
43
70
70
70
70
70
70
70
70
71
71
67
71
71
71
67
71
71
71
71
71
71
73
71
73
72
72
72
72
75
72
71
73
73
73
73
73
73
73
74
74
74
72
73
75
75
75
75
75
76
76
76
76
76
76
53
72
30
1
3
5
22
22
21
20
19
25
19
18
15
13
5
6
6
22
22
22
7
7
32
28
32
28
46
49
43
47
42
40
68
68
68
67
66
63
56
37
37
38
38
38
39
38
41
41
36
36
23
27
27
27
27
27
27
27
28
28
28
28
8
27
29
51
32
32
35
35
38
60
60
60
60
34
60
59
59
30
30
33
34
31
31
29
29
29
30
69
28
35
23
8
24
44
40
61
58
28
29
29
31
27
29
58
38
5
61
42
76
56
