1
2
1
1
1
1
1
1
1
2
1
2
13
13
13
2
2
13
13
13
13
2
2
2
2
77
77
1
1
1
2
4
77
77
77
77
4
77
77
77
4
4
4
4
4
77
3
77
3
3
4
4
3
4
14
13
13
14
14
14
14
16
14
4
4
16
5
5
5
21
21
21
21
21
21
21
5
4
5
5
5
3
3
6
6
5
5
6
6
6
6
6
6
5
21
21
21
5
5
7
6
7
6
7
6
7
7
7
7
22
7
7
7
7
5
5
22
22
22
22
7
22
22
24
24
8
8
24
24
24
32
8
8
8
8
32
32
32
8
8
8
32
24
9
9
9
10
9
10
9
10
10
10
9
10
11
11
10
11
9
9
9
11
12
12
13
14
13
12
12
12
12
12
14
14
14
14
15
11
11
11
17
17
11
15
15
15
12
15
17
15
12
12
12
16
12
16
16
16
16
16
16
12
16
16
17
17
17
76
76
76
76
76
76
17
17
76
19
19
15
17
15
17
18
15
15
19
19
19
19
15
18
18
20
20
19
19
20
16
20
20
20
20
20
21
16
16
16
16
21
23
20
23
20
23
20
23
23
21
21
21
21
21
22
22
22
23
23
23
23
23
23
19
19
19
23
23
23
23
23
26
24
24
24
24
24
24
23
23
27
27
27
28
28
28
28
28
27
27
27
27
27
27
31
27
31
27
27
28
28
28
18
18
18
18
25
25
19
26
25
25
25
25
25
26
26
26
25
25
29
29
26
26
26
26
26
26
29
26
26
29
26
26
29
26
29
29
29
29
28
27
31
31
33
31
31
31
31
31
58
29
30
29
58
58
30
30
30
58
58
30
30
30
30
30
58
58
30
59
59
59
31
31
31
59
59
32
33
33
33
34
34
35
34
35
35
35
35
36
38
35
36
38
38
35
35
40
38
35
35
38
40
39
39
36
39
39
39
39
41
40
40
40
41
39
40
40
41
41
41
41
41
41
42
40
40
40
40
40
42
42
42
42
43
52
45
45
52
43
43
52
52
52
52
43
43
44
47
44
44
44
47
47
47
49
48
52
52
46
52
46
46
48
46
52
47
48
48
48
51
48
49
49
49
49
49
47
50
50
50
49
49
49
54
47
54
54
51
48
51
52
51
55
55
55
51
53
53
53
53
53
54
54
54
55
54
55
55
56
56
56
57
56
56
56
56
64
57
57
57
57
57
59
58
57
57
58
57
58
58
59
59
60
60
34
34
60
60
59
61
61
61
61
61
61
61
61
62
61
61
61
68
61
62
62
62
62
62
62
63
63
62
63
63
65
64
64
64
64
64
65
63
62
65
65
65
65
63
63
65
65
66
66
66
66
66
65
68
61
67
61
63
63
67
67
67
67
67
67
67
66
67
68
67
67
68
68
37
68
68
37
69
68
37
69
42
69
69
69
69
69
69
45
70
70
70
70
70
70
70
72
71
68
68
67
71
71
68
71
73
71
71
71
73
73
73
72
72
72
72
74
72
72
73
73
73
73
72
73
73
73
74
74
74
74
75
75
75
75
75
75
76
76
76
76
76
9
54
74
58
2
3
14
21
24
20
19
19
29
18
18
12
13
5
6
5
22
22
22
5
22
31
28
28
33
48
49
45
45
42
40
37
37
37
67
66
63
56
37
37
35
38
38
38
40
41
39
36
36
23
27
26
26
29
31
29
29
31
31
27
31
24
29
29
51
33
32
35
36
36
60
35
60
35
34
34
59
59
30
30
35
34
31
59
30
29
30
30
69
33
35
19
24
24
44
69
60
62
31
29
30
59
29
58
58
38
21
61
42
76
62
