1
2
2
1
1
1
1
1
1
2
2
2
2
13
2
2
2
13
2
13
13
13
13
2
2
77
77
1
1
77
1
4
77
77
77
77
77
77
77
77
77
4
4
4
3
77
3
3
3
4
4
4
3
4
14
4
14
14
14
14
14
14
4
4
5
14
5
5
5
5
21
21
21
5
5
21
5
4
5
5
5
3
3
3
5
5
5
6
6
6
6
6
6
5
5
5
5
5
6
6
6
6
7
6
6
6
6
7
6
7
6
6
7
21
21
21
7
7
7
7
7
7
7
32
22
8
8
8
32
32
8
7
8
7
8
8
8
8
8
8
8
32
32
9
9
9
10
9
10
9
10
10
10
9
11
11
11
12
11
9
12
12
12
12
12
13
14
14
13
13
14
14
14
14
14
16
14
12
11
15
15
11
17
15
15
15
15
15
15
15
12
16
16
16
16
16
16
16
21
16
16
16
16
20
16
17
17
17
76
76
76
17
17
17
17
17
18
20
19
19
18
19
18
19
19
19
19
19
20
19
19
18
19
20
20
20
20
20
21
16
21
16
21
21
21
21
21
21
20
20
20
20
20
20
20
20
20
22
22
22
21
22
22
24
22
23
23
23
23
23
23
23
23
25
23
23
23
23
23
23
23
22
24
24
24
24
24
23
27
27
24
24
24
24
32
24
24
24
24
27
27
27
23
27
27
27
28
28
24
24
28
19
19
18
18
18
25
25
26
25
25
25
25
26
25
26
26
26
25
25
25
26
26
26
26
26
26
26
26
26
26
29
26
29
27
27
29
29
27
28
28
27
28
28
27
28
28
28
33
29
29
29
29
30
29
30
30
29
30
31
31
31
30
30
30
30
30
58
31
31
33
31
31
28
31
28
32
8
32
33
33
34
34
34
34
35
33
35
36
38
35
35
36
36
38
38
38
38
38
38
40
38
39
39
39
39
39
39
39
40
40
40
40
41
41
40
40
41
41
41
41
41
41
42
42
42
40
40
40
42
42
42
43
43
42
42
43
43
43
43
46
43
46
46
46
43
45
47
44
47
44
44
47
47
47
45
52
46
45
46
45
46
48
48
48
47
48
48
51
48
48
47
47
47
49
49
50
54
50
49
49
49
49
54
50
50
50
51
51
51
52
52
52
52
55
52
53
53
53
53
53
54
53
54
54
54
55
51
58
56
56
56
56
56
56
64
56
57
57
57
57
57
59
59
58
58
59
58
59
61
58
59
59
59
34
60
60
60
61
61
37
37
37
37
61
61
58
58
58
61
61
37
37
62
62
62
62
63
63
63
63
63
63
63
64
64
64
64
64
64
64
62
62
65
65
65
70
66
63
66
62
65
66
65
65
66
66
67
61
67
58
58
67
67
67
67
67
67
67
67
66
67
67
67
66
67
68
68
68
68
69
68
68
69
69
69
69
69
69
69
44
44
44
70
70
70
70
70
70
70
72
71
67
71
71
70
71
71
71
71
71
71
71
71
73
73
72
72
72
72
72
72
72
73
73
73
73
72
73
73
73
74
74
74
74
75
75
75
75
75
75
76
76
76
76
76
10
53
72
58
1
3
4
22
22
21
23
25
25
18
18
12
13
5
3
5
22
22
22
22
22
27
28
28
28
52
49
45
45
42
37
37
37
37
68
66
63
56
37
38
38
38
38
36
40
41
39
36
36
23
23
26
26
27
27
29
27
28
27
27
27
32
29
29
51
32
32
35
35
35
59
60
60
60
34
60
59
59
30
30
33
34
31
31
29
29
30
30
69
33
35
23
32
32
44
69
61
58
28
29
29
31
29
29
31
38
21
37
42
76
62
