1
2
1
1
1
1
1
1
1
2
2
2
13
13
13
2
2
13
13
2
13
2
2
2
2
77
77
1
1
77
4
4
4
77
4
77
77
77
77
77
77
77
4
4
77
3
3
3
3
3
4
3
3
4
14
4
2
14
4
14
14
16
14
4
16
16
5
5
5
16
16
16
5
5
5
5
5
4
5
5
6
3
6
6
6
5
5
5
6
6
6
6
6
5
5
21
21
5
5
6
7
6
6
7
6
7
7
7
7
7
7
7
7
5
21
21
5
22
22
7
7
7
22
22
22
8
8
8
8
8
8
32
32
8
8
8
32
32
32
32
32
28
28
9
9
9
10
9
10
10
76
10
10
9
10
10
11
11
11
9
9
12
12
13
12
13
14
13
12
12
12
14
14
14
13
14
14
12
15
11
17
11
11
17
15
12
15
15
15
15
12
14
16
16
16
16
16
16
16
16
16
16
12
12
16
11
17
17
76
76
76
76
17
17
17
17
18
15
15
19
18
15
18
19
19
19
19
15
19
19
19
18
18
12
20
20
19
20
21
21
21
21
21
21
21
21
21
21
21
21
20
20
20
20
20
20
22
22
21
22
22
22
22
22
22
22
22
22
20
23
23
23
23
20
23
23
23
23
27
27
27
24
24
24
23
23
23
23
24
24
24
24
24
24
24
24
28
24
24
23
23
24
23
23
28
28
28
28
24
28
28
19
25
18
18
18
25
19
20
20
25
25
25
25
20
23
26
25
26
26
25
25
26
27
23
26
26
26
26
26
26
26
26
26
27
26
26
27
29
28
28
27
27
31
27
27
31
31
31
29
29
29
29
29
29
29
30
29
29
30
29
30
30
30
30
58
30
30
31
60
60
60
60
60
60
31
32
32
33
33
33
34
35
34
34
35
35
35
36
38
35
36
36
36
38
38
38
38
38
38
38
41
36
36
39
39
39
39
39
40
40
40
40
41
39
40
41
41
41
42
42
41
41
42
42
40
40
40
40
42
42
42
43
43
43
43
45
43
43
43
45
45
46
52
52
43
44
47
44
44
44
47
47
47
47
48
52
46
48
46
46
46
48
46
51
47
48
48
51
48
48
49
47
49
75
75
49
50
49
49
75
53
49
50
50
50
54
51
51
51
52
52
52
55
55
52
50
53
53
53
53
54
54
54
54
54
55
51
58
56
56
56
56
56
56
56
62
57
57
57
57
57
58
58
58
57
57
57
57
58
58
59
59
37
34
60
59
60
59
37
37
61
61
61
37
61
61
61
61
61
61
68
61
62
62
62
62
61
58
58
63
63
63
63
64
64
64
64
64
64
64
62
62
65
65
65
65
66
63
66
65
66
66
66
65
66
66
68
67
67
63
63
63
67
67
67
67
67
67
67
66
67
67
67
67
68
68
68
68
68
68
68
67
69
69
42
69
69
69
69
44
69
45
70
65
70
70
70
70
70
70
68
71
67
71
71
71
71
71
71
73
71
71
72
73
49
72
72
72
72
72
73
73
73
73
73
73
72
73
73
73
74
74
74
74
75
72
72
75
75
75
76
76
76
76
76
10
53
74
58
1
3
4
21
22
21
20
20
26
18
18
12
13
5
5
3
22
22
22
5
22
28
28
31
31
46
49
45
45
42
40
61
68
61
67
63
63
56
37
37
37
38
38
38
41
41
41
36
36
23
23
27
26
27
27
27
27
28
28
31
28
28
29
29
51
33
32
35
35
38
59
60
37
60
34
60
59
59
30
30
35
34
30
59
29
29
29
29
69
31
35
23
8
24
44
68
37
58
31
29
30
60
29
30
30
38
16
61
69
76
62
