1
2
1
1
1
1
1
1
1
1
1
2
2
2
2
2
2
2
2
13
13
13
2
4
2
77
77
77
1
1
2
77
77
77
77
77
77
77
77
77
77
4
4
4
3
3
3
3
3
3
4
4
3
4
13
13
13
4
4
13
13
14
14
4
5
16
5
4
5
5
5
5
5
5
5
5
5
4
5
5
5
3
6
5
6
5
5
6
6
6
6
6
6
6
6
6
5
5
7
6
6
6
6
6
7
6
7
7
7
7
7
7
7
7
22
5
22
22
7
7
7
7
7
7
7
8
8
32
8
7
32
8
8
8
8
8
8
8
32
8
32
32
32
9
9
9
10
10
10
9
10
11
10
11
11
11
11
12
11
12
12
12
12
13
14
13
14
13
14
14
14
14
14
14
14
14
14
12
15
15
11
11
11
17
15
15
15
15
15
15
12
12
12
16
16
16
14
16
16
16
16
16
16
16
16
17
17
17
76
76
76
76
17
18
17
17
18
15
19
19
17
19
17
19
19
19
20
20
19
19
19
19
19
20
20
19
20
20
21
16
21
21
21
21
21
21
21
21
21
21
22
21
20
20
20
20
22
22
22
22
22
21
22
22
22
23
23
20
20
23
23
23
23
23
23
23
23
23
23
23
27
24
24
22
24
23
23
23
24
24
24
24
22
24
24
24
24
24
24
27
24
23
27
27
27
27
28
28
24
28
24
18
18
18
18
25
25
25
26
26
26
25
25
25
25
26
26
26
25
25
25
26
29
27
26
26
26
26
26
26
26
29
26
26
27
27
26
27
27
28
28
27
28
33
27
27
28
28
28
29
29
29
29
30
29
30
29
29
29
30
30
59
30
30
30
58
30
30
31
31
31
31
31
31
31
31
32
32
33
33
33
34
35
34
38
33
35
35
36
35
35
36
36
36
38
38
38
38
38
37
38
38
39
39
36
39
39
39
39
40
40
40
40
41
39
40
40
39
41
41
41
41
41
42
41
40
40
40
42
42
42
42
42
43
42
42
43
43
43
43
43
43
43
43
46
46
44
45
44
44
44
44
47
47
47
45
46
48
48
46
46
45
48
48
48
47
45
47
48
48
48
47
47
47
49
49
47
50
50
49
49
53
49
49
50
50
50
51
51
51
48
51
52
52
52
55
54
53
53
53
54
54
54
54
55
55
55
55
56
56
56
57
56
56
56
56
56
57
57
57
57
57
58
58
58
57
58
58
58
61
61
59
59
59
34
60
60
60
61
37
37
61
61
37
37
61
61
61
61
61
61
68
61
62
62
62
62
63
58
63
63
63
63
62
64
64
64
64
64
64
64
62
65
65
65
65
64
62
63
62
62
66
66
66
66
66
66
67
61
67
67
67
67
67
67
67
67
66
66
67
66
67
68
67
67
68
68
37
68
68
68
68
68
69
69
69
69
69
69
68
69
69
69
70
65
65
70
70
70
70
70
68
68
67
67
71
71
71
71
71
73
71
71
71
73
71
70
72
72
72
72
72
72
73
73
73
73
72
73
73
73
72
74
74
74
75
72
75
75
75
75
76
76
76
76
76
9
53
75
58
1
3
4
22
22
21
20
25
29
18
18
15
13
5
6
5
22
22
22
22
8
28
28
28
28
46
49
43
45
42
40
37
37
68
67
63
63
56
37
37
38
38
35
38
40
41
40
36
36
23
27
27
27
27
27
27
27
27
28
28
27
8
29
29
51
33
32
35
35
35
60
60
59
60
34
60
59
31
59
30
33
34
31
59
29
29
29
59
69
33
38
26
8
24
44
37
37
58
27
29
59
31
29
58
30
38
5
61
42
76
56
