1
1
1
1
1
1
1
1
1
1
1
2
2
2
2
2
2
2
2
13
13
13
2
2
2
77
77
77
77
77
77
4
4
77
77
77
77
77
77
77
77
77
4
3
3
3
3
3
3
4
4
5
3
4
4
4
14
14
4
14
14
14
4
5
5
14
5
5
5
5
5
5
5
5
5
5
5
5
5
6
3
3
6
6
3
6
6
3
6
6
6
6
6
6
6
5
5
5
6
6
7
7
6
6
6
7
6
7
7
7
7
7
7
7
7
7
22
7
7
7
7
7
7
7
8
32
8
8
8
8
8
8
8
32
8
8
32
32
8
32
32
8
8
9
9
9
10
10
10
9
10
10
11
12
12
11
11
11
11
12
12
12
12
13
13
13
13
13
13
14
14
14
14
14
13
14
14
12
11
15
15
11
11
15
15
15
15
15
15
15
16
16
16
16
14
16
16
16
16
16
21
16
16
21
21
17
17
17
17
76
76
17
17
18
17
17
18
19
19
19
17
19
18
18
19
19
20
20
26
20
19
19
19
19
20
20
20
20
16
21
21
21
21
21
21
21
21
21
21
21
22
20
20
20
20
20
22
22
22
22
21
22
22
22
22
23
23
23
23
23
23
23
20
23
23
23
23
23
23
26
23
22
22
24
24
22
23
23
22
24
27
24
24
22
24
24
24
24
24
27
27
24
27
27
27
27
27
27
24
28
28
26
26
18
18
25
26
26
26
25
25
25
25
25
26
26
25
25
25
26
25
26
26
23
26
26
26
26
26
26
23
29
26
23
27
27
27
27
27
28
28
27
27
28
27
27
28
28
33
29
29
29
29
29
29
30
30
30
30
30
30
57
57
30
57
30
29
30
31
31
31
31
31
31
31
31
32
32
33
33
33
34
33
33
37
33
33
35
36
35
35
36
36
38
38
37
38
38
38
38
38
40
39
39
36
39
39
39
39
40
40
40
40
39
39
40
41
41
41
39
41
41
41
41
41
42
42
40
42
42
42
42
43
42
42
43
43
43
43
43
46
43
46
46
46
43
44
45
44
44
44
47
47
47
47
45
46
46
48
45
45
46
48
48
48
47
48
47
51
48
48
49
47
49
49
73
49
50
49
49
49
49
49
50
50
50
50
51
51
51
52
51
52
52
52
52
54
53
75
53
53
53
53
54
54
54
55
55
56
56
56
56
56
56
56
56
64
57
57
57
57
57
58
58
58
57
58
58
58
61
58
59
59
59
60
60
59
60
61
61
37
61
61
61
61
61
58
67
61
61
61
68
61
62
62
62
62
63
63
63
63
63
63
63
64
64
64
64
64
64
64
62
62
65
65
65
65
66
66
66
62
66
66
66
65
66
66
67
67
67
67
67
67
67
67
67
67
67
67
66
67
67
67
67
67
68
68
68
67
68
68
68
68
69
69
42
69
69
68
69
69
69
69
70
65
70
70
70
72
70
72
69
71
67
71
71
71
71
71
71
71
71
70
72
72
71
72
73
72
72
72
72
72
73
73
73
72
73
73
73
73
74
74
74
74
75
75
75
75
75
75
76
76
76
76
76
9
53
75
57
1
3
4
22
24
21
20
26
26
18
18
16
13
5
3
3
22
22
22
22
7
28
28
28
33
46
49
45
45
42
40
37
68
68
67
63
63
56
37
37
37
38
38
38
40
41
41
36
36
23
27
27
27
27
27
27
27
28
28
28
28
8
29
29
51
32
32
35
35
35
60
60
60
37
34
31
59
59
31
57
33
34
31
59
29
29
29
30
69
33
35
26
8
24
44
69
59
58
27
29
29
31
29
29
57
38
5
37
42
76
56
