1
1
1
1
1
1
1
1
1
1
2
2
13
13
13
2
2
13
13
13
13
2
2
2
2
77
77
77
77
1
2
2
77
77
77
77
77
77
77
77
77
4
4
4
4
3
3
3
3
3
4
4
3
4
4
14
14
4
4
4
14
4
4
5
16
16
16
5
5
5
16
16
16
5
5
5
4
5
5
5
5
3
6
3
6
5
5
6
6
6
6
6
6
6
5
5
5
5
6
6
6
7
7
6
6
6
6
7
7
7
7
7
7
5
5
5
24
24
7
7
7
7
7
7
8
8
8
8
8
7
32
8
8
32
32
8
8
32
8
32
32
8
8
9
9
9
10
9
10
9
9
10
10
9
9
11
11
12
11
12
12
12
12
13
12
13
14
12
12
12
12
14
14
14
12
14
14
11
15
11
15
15
15
17
15
11
15
15
15
17
12
14
16
16
14
16
16
16
16
16
16
16
20
20
20
17
17
17
76
76
76
76
18
18
18
17
18
19
19
15
19
17
17
17
17
19
19
19
19
19
19
19
19
20
20
19
20
20
21
21
21
21
21
21
21
21
21
21
21
21
22
21
20
20
20
20
20
22
22
22
22
22
22
22
23
22
22
22
20
23
23
23
23
23
23
23
23
23
23
23
27
22
22
22
23
23
23
27
27
24
24
24
22
24
24
24
24
24
24
27
24
24
27
27
27
28
28
28
28
24
32
26
26
25
18
25
25
25
26
25
26
25
25
26
26
26
26
26
26
29
29
29
29
27
27
27
26
26
27
27
27
26
26
29
27
27
29
29
27
32
28
27
27
28
28
31
28
31
31
29
29
30
30
29
29
30
30
30
30
30
30
30
57
57
57
57
57
57
31
31
31
31
31
31
31
31
32
33
33
33
34
34
34
34
34
34
35
35
36
35
35
36
36
38
34
38
38
38
38
40
38
40
39
39
36
39
39
39
39
40
40
40
40
39
41
41
40
41
41
41
41
41
41
42
41
42
40
40
40
42
42
42
43
42
43
42
69
43
42
43
43
43
45
45
43
46
44
47
44
47
44
47
47
51
47
45
46
48
48
46
45
45
48
46
48
51
51
51
48
48
48
49
47
50
49
49
50
50
50
49
75
49
49
49
50
50
54
51
51
51
52
52
52
52
55
52
53
53
53
53
54
54
53
54
54
54
55
55
56
56
56
57
56
56
56
56
56
57
57
57
57
57
58
30
57
58
58
58
58
58
61
59
61
59
60
60
60
59
61
60
60
61
61
61
61
61
61
63
61
61
61
68
61
62
62
62
62
63
63
62
63
63
63
62
64
64
64
64
64
64
64
65
65
65
65
65
64
66
63
62
62
66
67
66
66
66
66
67
67
67
63
63
67
67
67
68
67
67
67
67
66
67
67
67
67
68
68
68
68
68
68
68
68
68
69
42
69
69
69
69
44
69
69
70
65
70
70
70
70
70
72
71
71
67
67
71
71
71
71
71
71
71
72
72
72
71
72
73
72
72
74
74
72
49
73
73
73
73
75
73
73
74
74
74
74
75
75
75
75
53
75
76
76
76
76
76
9
53
75
57
2
3
5
22
22
21
20
26
29
19
18
14
13
5
6
3
22
22
23
24
24
28
32
28
28
52
49
43
45
42
40
40
40
68
68
66
63
56
60
37
34
38
38
36
40
40
41
36
36
23
27
27
27
27
27
27
27
28
28
28
28
8
29
29
51
33
32
35
35
35
59
60
59
60
34
60
59
59
30
30
34
34
31
59
29
30
29
30
69
33
34
23
8
24
44
40
60
58
31
29
30
31
29
30
30
38
16
61
42
76
56
