1
1
1
1
1
1
1
1
1
2
1
2
13
13
13
2
2
2
2
12
13
13
13
2
2
77
77
77
2
2
2
4
2
77
77
77
77
77
77
77
77
4
4
4
77
3
3
3
3
3
4
4
3
13
4
13
13
4
4
4
14
14
4
5
16
16
5
5
5
16
16
16
5
5
5
21
5
4
5
5
5
3
6
6
6
5
5
5
6
6
6
6
6
6
5
5
21
5
5
5
6
6
6
7
7
7
6
7
7
7
7
7
7
7
22
21
22
22
22
22
7
7
22
22
22
32
8
8
8
8
32
8
8
32
8
8
8
32
32
32
32
32
8
9
9
10
10
9
10
10
76
10
10
9
9
11
11
12
11
9
9
12
12
12
12
12
13
12
14
12
12
14
14
14
14
14
14
15
11
11
15
11
17
15
15
15
15
15
15
17
14
14
14
16
14
16
16
16
16
16
16
16
14
16
16
17
15
17
17
76
76
76
76
76
17
17
18
20
19
19
17
19
17
19
19
19
19
20
19
19
19
19
19
20
20
19
19
20
21
16
21
21
21
21
21
21
21
21
21
21
20
20
20
20
20
20
20
22
22
22
21
21
22
22
22
23
23
23
20
23
23
23
20
23
23
23
23
23
27
27
27
24
24
23
23
23
23
23
23
24
24
24
24
24
24
28
24
24
28
28
24
24
27
27
28
28
28
28
28
28
28
18
18
18
18
18
18
25
25
25
25
25
25
25
25
23
25
26
25
25
26
26
26
26
26
26
26
26
26
26
26
26
26
26
27
27
27
29
29
28
27
27
27
31
27
31
31
31
34
29
29
29
29
29
29
30
30
30
57
57
30
30
30
30
57
57
57
57
31
34
34
34
31
34
34
31
33
33
33
33
33
37
35
37
37
35
35
35
36
38
35
36
36
38
37
37
39
38
37
37
38
38
39
39
39
38
39
39
39
40
40
40
40
41
39
40
40
41
41
41
41
41
41
42
42
42
42
40
40
42
42
42
42
43
43
42
43
43
43
43
43
45
45
46
45
46
44
47
44
44
44
44
47
47
47
48
52
48
48
46
46
46
48
48
52
47
48
47
47
48
48
49
49
47
49
49
49
50
49
49
73
49
49
50
50
50
50
51
51
51
52
51
52
52
52
52
53
53
53
53
54
54
53
54
54
54
55
55
57
56
56
56
56
56
56
56
62
57
57
57
57
57
57
58
58
58
58
58
59
59
58
59
59
59
60
60
60
60
59
61
37
68
61
61
61
61
61
61
61
61
61
61
61
62
62
62
62
63
58
58
63
63
63
63
64
64
64
64
64
64
64
65
62
62
65
65
65
66
63
65
66
66
66
66
65
66
66
67
61
67
61
67
67
67
67
67
67
67
67
67
66
67
68
67
67
68
68
68
67
68
68
68
68
40
69
42
69
69
69
69
69
45
45
70
65
70
70
70
70
70
72
71
71
71
71
71
71
71
71
49
71
71
70
72
73
73
72
72
72
72
75
75
72
73
73
73
73
72
73
72
73
74
74
74
74
75
75
75
75
75
75
76
76
76
76
76
10
53
75
57
1
3
4
21
23
21
20
25
26
19
18
14
13
5
5
3
22
22
22
22
22
31
28
31
34
52
49
45
45
69
40
37
68
68
67
63
63
56
37
37
37
38
38
39
37
41
40
36
36
23
27
26
26
27
26
29
27
27
27
28
28
8
29
29
51
31
33
35
36
36
59
60
60
60
34
60
59
59
34
30
33
34
34
34
29
29
29
30
69
31
35
23
32
24
44
40
61
58
31
29
29
34
27
57
57
38
16
68
42
76
62
