1
1
1
1
1
1
1
1
1
1
1
2
2
2
13
2
2
13
13
13
13
2
2
2
2
77
77
77
77
4
4
4
77
77
77
77
77
77
77
77
77
4
4
4
4
3
3
3
3
3
4
5
3
4
13
2
13
4
4
13
13
16
4
4
5
16
5
5
5
5
16
16
5
5
5
16
5
5
5
5
5
3
6
6
6
5
5
5
6
6
5
5
6
6
6
5
5
6
7
6
6
6
6
7
6
6
6
7
7
7
7
7
7
7
22
5
22
7
7
7
7
7
7
7
7
8
7
8
8
8
8
32
32
8
8
32
32
8
32
32
8
32
8
9
9
9
10
11
10
9
10
10
10
11
11
11
11
11
11
12
12
12
12
12
13
13
14
14
14
13
14
14
14
14
14
14
14
12
12
15
15
11
17
15
15
15
15
15
15
17
15
16
16
16
16
16
14
14
16
16
16
16
15
20
16
17
17
17
76
76
76
17
17
17
17
17
18
20
15
18
18
18
18
19
18
19
19
19
19
19
19
19
19
20
20
20
20
20
21
21
21
21
21
21
21
21
21
21
21
21
20
20
20
20
20
20
22
22
21
22
21
22
22
22
22
22
22
23
20
23
23
23
20
23
23
23
23
23
23
23
23
24
22
24
23
23
23
23
23
23
24
24
24
24
24
24
24
27
24
24
24
24
27
27
27
27
27
27
27
27
28
19
19
18
18
25
19
19
19
25
25
25
25
25
25
29
29
25
25
29
25
29
26
26
26
26
26
26
26
26
26
29
26
27
27
27
27
27
27
28
28
27
27
28
29
31
28
31
28
29
29
29
29
29
29
30
29
29
30
59
30
31
30
30
30
30
30
30
31
31
31
31
31
31
31
31
32
32
33
33
33
34
35
34
34
33
35
35
36
35
35
36
38
38
38
38
39
38
38
38
38
38
39
39
39
39
39
39
39
40
40
40
40
41
41
41
41
41
41
41
41
41
42
41
42
40
40
40
40
42
42
42
42
42
43
42
45
43
43
43
46
45
46
43
43
43
44
47
44
44
44
44
47
47
49
45
46
48
48
46
46
46
48
48
48
47
45
48
48
48
48
49
47
49
49
49
49
50
50
49
73
54
49
50
50
50
50
51
51
51
52
51
52
52
55
52
54
54
53
53
53
53
53
54
54
54
55
55
56
56
56
56
56
56
56
56
64
57
57
57
57
57
59
58
58
57
58
58
58
58
58
59
59
59
60
60
59
60
61
37
37
61
61
37
61
61
61
67
61
61
61
68
61
62
62
62
62
63
63
63
63
63
63
63
62
64
64
64
64
64
64
65
62
65
65
65
65
66
65
65
66
66
67
67
66
66
66
67
61
67
61
67
67
67
61
67
67
67
67
67
67
68
67
67
67
68
68
68
68
68
68
69
68
40
69
42
69
69
69
69
69
69
45
70
65
70
70
70
70
70
72
69
69
67
71
71
71
71
71
71
71
73
70
72
73
71
72
72
72
74
74
72
72
73
73
73
73
72
73
72
73
74
74
74
74
75
75
75
75
53
75
76
76
76
76
76
9
53
75
56
1
3
4
22
22
21
20
19
29
18
18
15
13
5
5
3
22
22
22
22
22
28
28
28
28
52
49
45
45
42
40
37
68
68
68
66
63
56
37
40
37
38
38
39
40
42
41
36
36
23
27
27
27
27
27
27
27
28
29
28
31
8
27
29
51
33
32
35
35
35
60
60
37
60
34
60
59
59
31
30
33
34
31
31
29
29
29
30
69
28
34
23
8
27
44
40
37
58
31
29
29
31
29
30
59
38
16
37
42
76
62
