1
2
2
1
1
1
1
1
1
1
1
2
2
2
2
2
2
2
2
13
13
13
13
2
2
77
77
77
77
1
2
77
77
77
77
77
77
77
77
77
4
4
4
4
4
4
3
3
3
3
5
5
3
4
14
13
13
14
4
4
14
16
4
4
5
16
5
5
5
21
5
16
21
5
5
21
5
5
5
5
5
3
6
3
3
3
6
6
7
6
6
6
6
5
5
5
5
5
6
6
6
6
7
6
6
6
6
7
7
7
7
7
7
7
22
22
22
22
7
7
7
7
32
32
32
8
8
8
8
32
8
8
32
8
8
8
33
33
32
32
8
32
32
9
9
9
10
9
10
9
10
10
10
9
11
11
11
12
11
9
12
12
12
13
13
13
14
14
14
14
13
14
14
14
14
14
14
12
12
11
11
11
11
17
15
15
15
15
15
15
13
15
16
16
16
16
16
16
16
16
16
16
15
15
16
11
17
17
76
76
76
17
17
17
17
17
18
15
19
19
15
15
18
19
19
19
19
15
20
19
19
18
19
20
20
20
20
20
21
20
20
21
16
21
21
21
21
21
21
21
21
21
20
21
20
20
21
22
22
22
22
22
22
22
22
20
20
20
20
23
23
23
23
20
23
23
26
26
26
26
26
24
24
24
24
24
22
23
23
23
23
24
24
24
24
24
28
24
27
27
23
23
23
27
27
27
27
28
28
28
28
19
18
18
18
18
25
20
23
25
25
25
25
25
25
23
25
25
25
26
26
26
26
26
23
23
26
26
26
26
26
27
27
27
27
27
27
27
27
28
27
27
27
28
27
27
28
28
31
29
29
29
29
29
29
30
30
57
57
30
29
29
57
30
30
57
30
30
34
31
34
34
31
34
31
31
33
33
33
33
35
34
35
34
34
35
35
35
35
35
35
36
36
36
38
38
38
38
38
38
38
38
39
39
39
39
39
39
39
40
40
40
40
41
41
40
40
40
41
41
41
41
41
42
41
42
42
40
42
42
42
42
42
43
43
69
69
43
43
43
46
43
46
46
46
46
44
45
44
45
44
47
47
47
47
45
46
48
48
46
48
45
48
48
51
47
47
47
47
48
48
47
47
47
49
50
49
50
50
50
49
49
49
49
50
50
51
51
51
51
48
51
52
52
52
52
54
54
53
53
54
53
53
53
54
54
55
55
56
56
56
56
56
56
56
56
56
57
57
57
57
57
30
58
58
57
58
58
58
37
37
59
59
60
60
34
60
60
37
37
37
61
61
61
61
37
61
61
61
61
67
68
61
62
62
62
62
63
58
63
63
63
63
62
64
64
64
64
64
64
64
65
65
64
65
65
64
62
63
62
62
62
66
65
65
66
66
67
67
67
61
67
67
67
67
67
67
67
66
67
66
67
67
67
67
68
68
68
68
68
68
71
68
40
69
42
69
69
69
44
44
69
69
66
65
70
70
70
70
70
72
71
68
71
71
70
71
71
71
71
73
73
71
71
73
49
72
73
72
72
72
72
72
73
73
73
73
73
49
73
73
74
74
74
74
75
72
75
75
75
75
76
76
76
76
76
10
53
75
57
1
3
4
21
22
16
20
20
26
18
18
13
13
5
6
3
22
22
24
22
22
31
28
31
31
48
49
43
45
42
40
61
61
61
67
66
63
56
37
37
38
38
38
36
41
41
41
36
36
23
26
27
27
27
27
27
27
27
27
28
28
32
29
29
51
35
32
35
34
35
59
60
60
34
34
60
59
59
29
57
35
34
29
34
30
29
29
30
69
31
34
23
32
24
44
40
37
58
31
29
30
34
29
57
30
38
16
61
42
76
62
