1
1
1
1
1
1
1
1
1
2
1
1
2
2
2
2
2
2
2
2
2
4
4
4
4
77
77
77
77
77
77
77
77
77
77
77
77
77
77
77
77
77
4
3
3
3
3
3
3
3
3
3
3
4
4
4
4
4
4
4
4
4
4
4
5
5
5
5
5
5
5
5
5
5
22
22
3
6
6
6
6
3
6
6
6
6
6
6
6
6
6
6
6
6
6
6
5
6
6
6
6
6
6
6
6
6
6
7
7
7
7
7
6
7
7
7
7
7
7
7
7
7
7
7
7
8
8
8
7
8
8
8
8
8
8
8
8
8
8
8
8
8
8
9
9
10
10
10
10
10
10
10
10
11
11
11
11
11
11
12
12
12
12
13
13
13
14
14
14
14
14
14
14
14
14
14
14
15
15
15
15
15
15
15
15
15
19
15
15
15
16
16
16
14
16
16
16
16
16
16
16
16
15
16
16
17
17
17
17
17
17
17
17
17
17
17
18
19
19
19
19
19
19
19
19
19
19
19
19
19
19
19
19
20
20
20
19
20
21
20
16
20
16
16
21
22
5
22
22
21
22
21
22
20
22
22
22
22
22
22
22
22
22
22
22
22
22
22
22
23
23
23
23
25
23
23
23
23
23
23
23
24
24
24
22
24
24
24
24
24
24
24
24
24
24
24
24
24
24
24
24
24
24
24
27
24
24
24
24
24
24
25
25
25
19
25
25
25
23
25
25
25
25
25
25
25
25
25
25
25
25
25
25
23
26
23
26
26
26
26
27
29
29
27
27
27
27
27
27
28
27
27
28
28
28
28
28
28
28
29
29
29
29
29
29
30
30
30
30
30
30
30
30
30
30
30
30
30
31
32
28
31
31
28
31
31
32
8
33
32
32
34
34
34
34
34
35
35
35
35
35
36
36
36
38
38
38
38
38
38
41
38
39
39
39
39
39
39
39
40
40
40
69
41
41
41
41
41
41
41
41
41
42
42
42
42
42
42
42
42
42
42
43
43
43
43
43
43
43
43
43
43
46
46
43
43
44
45
44
44
44
44
44
44
47
45
43
46
46
46
46
46
46
46
46
47
48
48
48
48
48
49
49
49
49
49
49
49
49
49
49
49
49
49
50
50
50
51
50
50
46
46
52
46
51
52
53
53
53
53
53
53
53
53
54
54
51
55
56
56
56
56
56
56
56
56
56
57
57
57
57
57
58
58
58
58
58
58
58
58
58
59
59
59
60
60
60
60
59
61
61
61
61
61
61
61
61
61
61
61
61
61
61
62
62
62
62
61
63
63
63
63
63
63
65
64
64
64
64
64
64
65
65
65
65
65
65
66
66
65
66
66
66
66
66
66
66
67
67
67
67
67
67
67
67
67
67
67
67
67
67
67
67
67
67
61
68
69
68
68
68
71
71
69
69
69
69
69
69
69
69
69
69
70
70
70
70
70
70
70
70
71
71
71
71
71
71
71
71
71
71
71
71
71
71
71
72
72
72
72
72
72
72
73
73
73
73
73
73
73
73
72
74
74
75
75
75
75
75
75
75
76
76
76
76
76
76
53
75
30
4
3
4
22
22
16
20
25
26
19
18
15
13
5
6
6
22
22
22
7
7
28
28
28
28
46
49
46
45
69
40
68
61
68
67
63
63
56
37
37
38
38
38
38
41
41
41
36
36
23
23
23
23
27
27
27
27
27
28
27
28
8
29
29
51
33
32
35
35
35
60
60
60
60
60
31
59
59
30
30
34
34
31
31
29
29
29
30
69
32
35
23
24
24
44
69
61
58
28
29
30
31
29
29
30
41
5
61
42
76
56
