1
1
1
1
1
1
1
1
1
2
1
1
2
13
2
2
1
2
2
4
13
2
2
2
2
77
77
77
77
77
77
77
77
77
77
77
77
77
3
77
3
77
3
3
3
3
3
3
3
3
3
3
3
4
4
4
4
4
4
4
14
4
4
5
4
4
4
5
5
5
5
5
5
5
5
7
6
5
6
6
6
6
6
6
6
6
6
6
6
7
6
6
6
6
6
7
7
7
6
6
6
6
7
6
6
7
6
7
7
7
7
7
7
7
7
7
7
7
7
7
7
7
7
7
7
8
8
8
8
7
8
8
8
8
8
8
8
8
8
8
8
8
8
9
9
9
10
10
10
9
10
10
10
11
11
15
11
11
11
12
12
12
11
4
12
4
14
14
14
14
14
14
14
14
14
14
14
11
15
11
15
15
15
15
15
15
15
15
15
15
16
16
16
16
16
16
16
16
16
16
16
16
16
16
16
17
17
17
17
17
76
17
17
17
17
17
18
15
15
19
19
19
19
19
19
19
19
19
19
19
19
19
19
21
20
20
20
20
5
21
16
21
16
21
21
5
5
21
5
21
21
21
20
20
20
20
22
22
21
21
21
22
22
24
22
22
22
23
20
23
23
23
23
23
23
23
23
23
23
23
23
24
24
24
24
24
23
24
24
24
24
24
24
24
24
24
24
24
24
24
24
24
24
24
24
24
24
24
28
24
24
19
19
25
25
25
25
25
23
23
25
25
25
25
25
25
25
25
25
25
25
25
25
27
27
26
25
25
26
27
26
26
26
27
27
27
27
27
29
28
28
28
28
28
29
28
28
28
28
29
29
29
29
29
29
30
30
30
30
30
30
30
30
30
30
30
30
30
28
28
28
31
31
31
31
31
8
8
28
33
35
34
34
34
34
35
35
36
38
35
35
38
38
38
38
38
38
38
38
37
38
38
39
39
39
39
39
39
39
40
40
40
40
41
39
41
41
41
41
41
41
41
41
42
41
42
42
42
40
42
69
42
43
42
42
43
43
43
43
43
43
43
43
43
43
43
44
44
44
44
44
44
44
44
44
45
46
46
46
43
46
46
46
46
46
47
48
48
48
48
48
49
49
49
49
49
49
49
50
49
49
53
49
49
50
50
50
48
51
51
46
46
52
46
55
55
53
53
53
53
53
53
53
53
51
54
55
51
56
56
56
56
56
56
56
56
56
30
57
57
57
56
58
58
58
58
58
58
58
58
58
61
59
59
60
60
59
60
61
61
61
61
61
61
61
61
61
61
67
61
61
61
61
62
62
62
62
63
63
62
63
63
63
63
64
64
64
64
64
64
64
63
65
65
65
65
65
66
66
66
65
66
66
66
66
66
66
67
67
67
67
67
67
67
67
67
67
67
67
67
67
67
67
67
67
61
68
68
68
67
68
67
67
69
69
69
69
69
69
69
69
69
69
70
70
70
70
70
70
71
70
71
71
71
71
71
71
71
71
71
71
71
71
71
71
71
72
72
72
72
72
72
72
73
73
73
73
73
49
73
73
74
74
74
75
72
75
75
75
75
75
76
76
76
76
76
10
53
75
30
1
3
5
5
22
16
20
19
25
18
18
15
4
6
6
6
22
22
22
7
7
28
28
28
28
46
49
43
45
42
40
61
68
68
67
66
67
56
37
37
38
38
38
39
40
41
41
39
36
23
23
27
23
27
23
27
29
28
28
28
28
8
29
29
51
28
32
35
35
35
60
60
60
60
60
60
59
59
31
30
35
34
31
30
29
29
29
30
69
28
35
23
8
24
44
40
61
62
28
29
29
31
29
29
30
38
5
61
42
76
56
