2
2
2
1
1
1
77
77
1
1
1
2
2
2
2
1
1
2
2
2
13
2
2
4
4
77
77
77
77
77
1
1
77
77
77
77
3
77
3
77
77
4
3
3
3
3
3
3
3
3
3
3
3
4
4
4
4
4
4
4
4
5
4
5
4
5
5
5
5
5
5
5
5
5
5
22
3
3
3
6
3
3
6
6
6
6
5
6
6
6
6
6
6
6
5
5
5
5
6
7
6
6
6
6
7
6
7
7
6
7
7
7
7
6
6
7
7
22
7
7
7
7
7
7
8
8
7
8
7
8
8
8
8
8
8
8
8
8
8
32
32
8
8
9
9
9
10
10
10
9
76
11
76
11
11
11
11
11
21
11
16
12
16
13
13
2
14
14
14
14
16
16
16
14
4
14
4
21
11
11
11
15
15
11
21
21
15
21
15
15
21
21
16
16
5
16
5
16
21
16
16
16
21
21
21
17
15
17
17
76
76
76
17
17
17
15
17
21
19
15
19
19
18
19
15
19
19
20
23
19
19
19
19
21
20
20
20
22
21
21
21
21
21
21
21
5
5
22
5
22
22
22
22
20
22
22
22
22
22
22
22
22
24
22
22
22
22
23
22
24
23
23
23
23
23
24
24
24
24
23
23
24
24
22
22
24
24
24
24
24
22
22
24
24
24
24
24
24
24
24
24
24
24
27
28
28
24
28
24
24
24
19
19
25
18
25
25
19
23
25
25
25
25
25
23
23
23
23
25
25
23
23
26
27
23
23
23
26
23
26
26
29
26
26
27
26
26
27
29
28
28
27
27
28
28
28
28
28
28
29
29
29
29
29
29
30
30
30
30
30
30
30
30
29
30
29
29
30
31
28
28
28
28
28
28
28
8
8
33
33
33
34
34
34
34
35
33
35
35
38
34
36
38
38
38
37
38
37
37
38
38
38
39
39
39
41
41
41
39
40
40
40
42
39
41
41
39
39
39
39
41
41
41
41
42
41
42
40
42
42
42
42
43
42
43
69
43
43
43
42
43
43
43
43
43
42
45
45
44
44
69
44
44
44
48
45
43
46
43
43
46
46
46
46
46
48
48
48
48
48
48
48
49
49
49
49
49
47
49
47
49
49
53
53
48
47
47
46
46
51
43
43
43
43
55
52
53
53
75
75
75
53
53
53
54
54
55
51
30
30
56
56
56
56
56
56
56
61
57
57
61
57
31
58
61
58
58
58
58
58
61
61
59
59
60
31
60
33
61
61
61
61
67
67
61
67
63
67
67
61
67
67
61
57
62
62
65
63
63
66
63
63
66
66
64
64
56
64
64
64
65
65
62
65
65
66
65
66
66
65
65
65
66
66
65
66
66
61
67
61
67
67
67
61
67
61
67
67
67
67
67
67
67
67
71
61
61
69
68
68
68
68
68
69
69
69
69
69
69
71
69
69
69
66
70
70
70
66
70
71
70
71
68
71
71
71
71
71
68
71
71
71
71
71
71
71
72
72
72
72
72
72
75
73
73
73
73
73
73
73
73
74
74
74
75
75
75
72
75
75
49
76
76
76
76
76
9
75
75
30
1
3
3
22
24
16
20
23
25
18
18
21
2
5
5
3
24
22
22
7
22
28
28
28
28
46
49
46
45
42
40
61
61
69
67
66
67
56
37
37
37
38
38
39
41
41
41
36
36
24
23
27
27
27
27
27
27
28
27
28
28
7
29
29
51
33
32
33
35
38
60
33
60
60
60
33
31
31
30
30
33
33
30
31
29
29
30
30
69
33
35
23
8
28
44
40
61
61
27
29
29
31
27
29
30
39
5
37
42
76
64
