1
2
1
1
1
1
1
77
77
2
1
2
2
2
2
2
4
2
2
4
2
2
2
4
2
77
77
1
1
77
2
77
77
77
77
77
3
77
3
77
3
77
77
3
3
3
3
3
3
3
3
5
3
4
4
4
4
4
4
4
14
14
4
4
5
5
5
5
5
5
22
5
5
5
5
22
3
5
5
6
6
6
6
6
6
6
5
6
6
6
6
5
5
5
5
5
5
6
6
6
5
6
6
7
7
7
6
7
7
7
6
6
6
7
7
22
6
7
7
7
7
7
7
7
8
8
8
8
8
7
8
8
8
8
8
8
8
8
8
32
32
8
8
9
9
10
11
10
10
76
76
10
11
11
11
11
11
11
11
12
12
12
13
13
13
4
14
14
14
13
14
16
16
16
16
16
14
11
11
15
15
15
15
15
15
15
15
11
19
19
16
16
21
21
16
16
14
5
5
21
21
21
16
21
21
17
25
17
17
76
76
18
18
18
17
25
18
15
15
19
25
25
19
25
19
19
15
19
19
19
19
19
19
20
20
20
20
20
21
21
22
21
21
22
21
21
22
22
22
21
22
22
22
22
20
24
24
22
22
22
22
22
22
24
22
24
24
24
23
24
23
23
23
23
23
27
27
24
27
27
27
24
24
22
22
24
24
24
24
22
22
22
22
24
24
24
24
24
24
24
24
24
27
24
27
28
28
24
28
24
28
19
19
25
25
25
25
23
23
23
23
25
25
25
23
23
23
23
25
25
25
25
25
27
23
23
23
25
23
26
26
29
29
26
27
27
26
27
29
28
28
28
27
32
28
28
28
28
28
29
29
29
29
29
30
30
30
30
29
29
29
30
30
30
30
56
30
30
31
28
28
31
28
28
28
28
32
8
32
32
33
34
34
34
34
35
33
38
38
35
35
36
36
38
38
38
38
38
38
37
38
38
36
39
39
41
39
39
39
40
40
40
69
41
39
41
41
41
41
41
42
42
42
42
42
42
42
42
40
42
69
42
42
43
43
42
69
43
43
43
43
69
43
43
43
46
45
45
44
44
69
44
44
44
49
45
46
46
46
43
46
43
46
46
46
47
48
48
47
48
48
44
49
49
49
75
49
47
49
49
75
75
49
49
47
47
47
46
46
51
46
46
52
46
52
51
49
53
53
53
53
53
53
53
54
54
55
55
56
56
56
56
56
56
56
56
56
57
56
57
57
56
58
58
57
58
58
58
58
58
61
61
59
59
60
31
31
31
61
61
61
61
61
61
61
61
61
63
63
61
67
67
67
62
62
62
65
61
58
63
63
58
63
66
64
64
56
64
64
64
65
65
65
65
65
66
65
66
66
66
66
66
67
67
66
66
70
67
67
67
63
63
63
67
67
68
67
67
67
67
67
67
68
68
66
68
68
68
68
67
68
68
68
68
69
69
69
69
69
71
69
69
45
70
70
70
70
71
70
71
70
71
71
68
68
71
71
71
71
49
49
71
71
71
71
71
72
72
72
72
74
74
72
73
72
73
72
73
49
75
75
74
74
74
75
75
75
74
75
75
53
76
76
76
76
76
76
53
75
56
2
3
4
22
24
21
20
19
25
25
18
11
13
6
5
3
22
24
22
7
7
28
28
28
28
46
49
69
45
42
40
61
67
68
67
63
63
56
37
37
38
38
38
39
40
42
41
36
36
27
27
27
27
29
27
27
29
27
27
28
27
7
27
29
51
32
32
35
35
38
60
31
60
60
60
60
59
59
30
30
33
34
31
31
29
29
29
29
69
33
35
23
8
24
44
69
37
58
28
29
29
31
29
30
30
40
22
61
42
76
64
