1
1
1
1
1
1
1
1
1
1
1
2
2
2
2
2
2
2
2
2
13
2
2
2
2
77
77
77
77
77
77
77
77
77
77
77
77
77
77
77
77
77
3
3
3
3
3
3
3
3
3
4
3
4
4
4
4
4
4
4
4
4
4
4
5
4
5
5
5
5
5
5
5
5
22
22
6
6
6
6
6
6
6
6
6
6
6
6
6
6
6
6
6
6
6
6
5
6
6
6
7
6
6
7
6
6
6
7
7
7
7
7
7
7
7
7
7
7
7
7
7
7
7
7
7
8
7
8
8
7
8
32
8
8
8
8
8
8
8
32
8
8
8
9
9
10
10
10
10
10
10
10
11
11
11
11
11
11
11
12
12
12
11
13
13
13
14
14
14
14
14
14
14
14
14
14
14
16
15
11
15
15
15
15
15
15
15
15
15
15
16
16
16
16
16
16
16
16
16
16
16
16
16
16
16
17
17
17
17
17
17
17
17
17
17
17
18
19
19
19
19
15
19
19
19
19
19
19
19
19
19
19
19
20
20
20
20
20
21
20
20
21
21
21
21
21
22
22
21
21
22
21
22
22
22
22
22
22
22
22
22
22
22
22
22
22
22
22
22
23
23
22
23
23
23
23
23
23
23
23
23
24
24
24
24
24
24
24
24
24
24
24
24
24
24
24
24
24
24
24
24
24
24
24
24
24
24
24
24
24
24
19
19
25
25
25
25
25
23
25
25
25
25
25
25
25
25
25
25
25
25
25
25
26
26
26
26
26
26
26
26
29
26
29
27
27
27
27
27
28
28
28
28
32
27
28
28
28
28
29
29
29
29
29
29
30
30
30
30
30
30
30
30
30
30
30
30
30
59
31
31
31
31
31
31
31
32
8
32
32
31
34
34
34
34
35
35
35
38
38
35
36
38
38
34
38
38
38
38
38
38
38
39
39
39
39
39
39
39
40
40
40
40
41
41
41
41
41
41
41
41
41
41
42
42
41
42
42
42
42
42
42
43
43
42
43
43
43
43
43
43
43
43
43
43
46
44
44
44
44
44
49
44
44
44
45
46
46
46
46
46
46
48
46
46
47
48
48
48
48
48
49
49
49
49
49
49
49
49
49
49
49
49
49
50
50
50
51
51
51
52
52
52
52
52
52
53
53
53
53
53
53
53
53
54
54
55
55
56
56
56
56
56
56
56
56
56
57
57
57
57
57
58
58
58
58
58
58
58
58
58
59
59
59
60
60
60
60
61
61
61
61
61
61
61
61
61
61
61
61
67
61
61
62
62
64
62
63
63
63
63
63
63
65
64
64
56
64
64
64
64
65
65
64
65
65
65
66
66
65
66
66
66
66
66
70
66
67
67
67
67
67
67
67
67
67
67
67
67
67
67
67
67
71
67
67
67
69
68
68
69
69
68
69
69
42
69
69
69
69
69
69
69
70
70
70
70
70
70
70
70
69
71
71
71
71
71
71
71
71
71
71
71
71
73
71
72
72
72
72
72
75
75
73
73
73
73
73
73
73
73
74
74
74
74
73
75
75
75
75
75
76
76
76
76
76
10
53
75
30
1
3
4
22
22
21
20
25
25
19
18
15
13
6
6
6
22
22
22
7
7
31
28
28
31
46
49
43
45
42
40
68
68
68
67
66
63
56
37
61
38
38
38
38
40
41
41
36
36
23
23
27
27
27
27
27
27
28
28
28
28
8
29
29
51
32
32
35
35
35
60
60
60
60
60
60
59
59
30
30
33
34
31
30
29
29
29
30
69
31
35
23
8
24
49
69
61
62
28
29
29
59
29
30
30
38
5
61
42
76
64
