1
1
1
1
1
1
1
77
1
1
1
1
2
2
2
2
2
2
2
4
13
2
2
2
2
77
77
77
1
77
2
2
77
77
77
77
77
77
77
3
77
77
77
3
77
3
3
3
3
3
3
5
3
2
4
4
4
4
4
5
4
4
5
5
5
5
5
5
5
5
5
5
5
5
5
22
6
6
5
6
3
3
3
6
6
6
6
6
6
6
6
6
6
6
6
5
6
6
6
7
6
6
6
6
6
7
6
7
7
7
7
6
7
7
7
7
7
6
7
7
7
7
7
7
7
8
8
8
7
8
8
8
8
8
8
8
8
8
8
8
32
8
8
9
9
9
10
10
10
10
10
11
10
11
10
11
11
11
11
11
12
12
12
13
13
13
14
14
14
13
14
14
14
14
14
16
14
11
15
11
15
11
15
17
15
16
15
15
15
17
14
16
16
16
16
16
5
5
16
16
21
16
16
16
21
17
17
17
17
76
17
17
17
17
17
17
18
19
19
19
17
17
19
19
19
19
19
19
25
19
19
25
19
20
20
20
20
20
21
21
21
21
21
22
21
22
21
22
22
21
22
22
22
20
20
20
22
22
22
22
22
22
22
24
24
22
22
22
22
22
23
23
22
23
23
23
23
23
23
23
23
22
24
24
24
24
24
23
24
24
24
24
24
24
28
28
24
24
24
24
24
24
24
23
24
24
28
24
24
24
28
19
25
25
18
25
25
25
25
25
25
25
25
25
25
25
25
25
25
25
25
25
25
26
26
26
23
25
26
26
26
26
26
27
27
27
27
29
27
28
28
28
28
28
28
28
28
28
28
29
29
29
29
29
29
29
30
30
30
30
30
30
30
30
29
29
30
29
28
31
28
31
31
28
31
31
32
32
32
33
34
34
34
34
34
35
35
36
35
35
35
36
38
38
37
38
38
40
38
38
40
40
36
39
39
41
39
39
39
40
40
40
69
41
41
41
41
41
41
41
41
41
41
42
42
42
42
42
40
42
42
42
43
43
43
43
69
43
43
43
43
69
43
43
43
43
44
44
69
44
44
44
44
47
49
45
46
48
48
46
46
46
48
46
46
48
45
48
48
48
48
44
49
49
49
73
49
49
49
49
75
49
49
49
50
50
50
51
51
51
46
52
52
46
52
52
53
49
53
53
53
53
53
53
54
54
55
55
56
56
56
56
56
56
56
56
56
57
57
57
57
62
30
58
30
57
58
58
58
58
58
59
59
59
60
60
59
60
61
61
61
61
61
61
61
61
61
61
61
61
61
61
68
62
62
65
62
63
63
63
63
63
63
66
65
64
64
64
64
64
64
65
65
64
65
65
65
66
66
66
66
63
66
63
66
67
66
67
67
67
67
61
67
67
67
68
67
67
67
66
67
67
67
67
67
67
68
68
68
67
68
68
68
69
42
42
69
69
69
69
44
69
44
71
70
70
70
71
70
70
70
71
68
71
71
71
71
71
71
71
71
71
71
72
71
71
72
72
72
72
74
74
72
73
73
73
73
73
73
73
75
74
74
74
74
75
75
75
74
75
75
76
76
76
76
76
76
53
74
30
2
3
5
22
22
21
20
25
25
19
18
16
13
6
6
6
22
22
22
7
7
28
28
28
28
48
49
43
45
42
40
68
68
68
67
63
63
56
37
40
38
38
38
38
40
41
41
36
36
24
23
26
27
27
27
27
27
27
28
28
28
8
29
29
51
32
32
35
35
35
59
60
60
60
60
60
58
59
30
30
34
34
31
31
29
29
29
30
69
28
35
23
8
28
44
69
61
58
28
29
29
31
28
29
30
38
5
68
42
76
56
