1
1
1
1
1
1
1
77
1
1
1
2
2
2
2
2
2
2
2
2
2
4
2
4
2
77
77
77
1
77
1
77
77
77
77
77
77
77
77
77
3
77
3
3
77
3
3
3
3
3
3
3
3
4
4
4
4
4
4
4
4
4
4
5
5
5
5
5
5
5
5
5
5
5
5
5
6
6
6
6
6
3
6
6
6
6
6
6
6
6
6
6
6
6
6
6
6
6
6
6
6
6
7
6
6
6
6
7
7
7
7
7
7
7
7
7
7
7
7
7
7
7
7
7
7
8
8
8
8
7
8
8
8
32
8
8
8
32
8
8
8
28
8
9
9
10
10
10
10
10
10
11
10
11
11
11
11
11
11
12
12
12
12
13
13
2
14
13
14
14
14
14
14
14
14
14
14
15
11
15
15
15
17
15
15
15
15
15
15
15
16
16
16
16
16
16
16
16
5
16
16
16
16
16
16
17
17
17
17
17
76
17
17
17
17
17
18
15
19
19
19
15
19
15
19
19
19
19
19
25
19
19
19
20
20
20
20
20
21
16
21
21
21
21
21
21
21
22
22
22
22
22
22
22
22
22
22
22
22
22
22
22
22
22
22
22
23
22
22
24
23
23
23
23
23
23
23
23
23
23
23
24
24
24
24
24
24
24
24
24
24
24
24
24
24
24
24
24
24
24
24
24
23
24
24
24
28
24
24
24
28
25
19
25
25
25
25
25
23
25
25
25
25
25
25
25
25
25
25
25
25
25
25
26
23
26
26
25
26
26
26
27
26
27
27
27
27
27
27
28
28
28
28
32
27
28
28
28
28
29
29
29
29
29
29
30
30
30
30
30
30
30
30
30
30
29
30
30
31
28
31
31
31
31
31
31
8
32
32
33
33
34
34
34
34
35
35
36
35
38
35
36
38
38
38
38
38
38
38
38
38
38
39
39
36
39
39
39
39
40
40
40
40
41
39
40
41
41
41
41
42
41
41
42
42
41
42
40
42
42
42
42
42
43
43
43
43
43
43
43
43
43
43
43
43
43
44
44
44
44
44
44
44
44
44
45
46
46
46
46
46
46
46
46
46
47
48
48
48
48
48
49
49
49
49
49
49
49
50
49
49
49
49
49
50
50
50
48
51
51
52
52
51
52
52
52
53
53
53
53
53
53
53
53
54
54
55
55
56
56
56
56
56
56
56
56
56
57
30
30
57
56
31
58
57
58
58
58
58
58
58
59
59
59
60
60
60
60
61
61
61
61
61
61
61
61
61
67
61
61
61
61
61
62
62
56
65
63
63
63
63
63
66
63
64
64
64
64
64
64
64
65
65
65
65
70
65
66
66
66
66
66
66
66
66
66
70
67
67
61
61
67
67
67
67
67
67
67
67
67
67
67
67
67
67
61
68
68
68
68
68
68
68
69
69
42
69
69
69
69
44
69
44
70
70
70
70
70
70
70
70
71
68
67
71
71
67
71
71
44
71
71
71
71
71
71
72
72
72
72
72
72
72
73
73
73
72
73
73
73
73
74
74
74
72
75
75
75
75
75
75
76
76
76
76
76
10
53
72
30
1
3
4
22
22
21
20
25
25
19
18
16
13
6
6
6
22
22
22
7
22
28
28
28
28
46
49
43
45
42
40
68
68
68
68
63
63
56
37
37
38
38
38
38
40
41
41
36
36
23
23
27
27
27
27
27
27
27
28
27
28
8
29
29
51
32
32
35
35
35
60
60
60
60
60
60
31
31
30
30
35
34
28
31
29
29
29
30
69
28
35
23
8
24
44
69
61
58
28
29
30
31
29
29
31
38
5
61
42
76
56
