2
2
2
1
77
1
77
1
1
1
1
2
2
2
1
1
4
4
1
2
2
2
4
4
77
77
77
77
77
77
77
4
77
77
77
77
77
3
3
77
77
77
4
77
3
3
3
3
3
3
3
3
3
4
2
2
4
4
4
4
4
14
4
4
4
14
4
6
6
4
4
5
5
6
7
22
6
4
6
6
6
6
6
6
7
6
7
6
6
6
6
6
6
6
6
7
7
7
7
7
6
7
6
6
7
7
7
7
6
7
7
7
7
7
7
7
22
22
7
7
7
8
7
7
7
8
8
8
7
7
8
8
8
8
8
8
8
8
8
8
8
32
32
9
9
76
10
9
10
76
76
10
11
9
9
11
11
11
15
9
12
12
15
13
14
13
14
14
14
14
14
16
14
14
14
14
14
15
15
11
15
15
15
15
19
15
15
14
19
17
14
16
16
16
14
16
16
16
16
16
21
21
16
16
16
15
15
17
76
76
76
76
17
17
17
17
18
19
19
19
19
17
19
19
19
19
19
19
19
19
19
25
25
22
22
19
19
20
21
22
22
22
21
22
22
22
22
24
24
22
22
22
22
22
20
19
19
22
22
22
22
24
24
24
22
22
22
23
23
23
23
23
23
20
23
23
23
23
23
23
23
24
24
24
24
24
24
23
24
24
24
24
24
24
24
24
24
24
24
24
28
24
24
28
24
24
28
24
24
24
24
19
19
25
25
25
23
23
23
23
23
25
25
23
23
23
29
23
25
25
25
29
26
23
23
23
29
26
26
26
26
29
29
26
27
27
26
29
27
28
28
27
27
32
29
29
28
28
28
29
29
29
29
29
29
30
29
30
30
30
30
34
30
30
30
30
29
29
28
28
28
31
28
34
28
30
8
8
28
28
28
34
34
34
34
36
35
36
38
35
34
38
38
38
38
38
38
69
38
69
38
38
39
39
39
41
39
41
39
40
69
69
69
41
41
41
41
41
41
41
42
41
41
42
42
41
40
40
69
42
42
69
43
42
43
69
43
43
42
42
43
43
43
43
43
42
69
48
69
69
69
44
44
48
48
45
42
43
43
43
46
46
46
42
46
48
48
48
51
48
48
49
49
49
49
49
49
49
49
49
49
49
53
49
49
49
47
51
48
51
46
46
46
46
55
52
53
53
75
75
75
53
53
53
54
54
51
51
56
56
56
56
56
56
56
56
56
30
56
57
57
57
61
58
30
30
58
30
58
58
61
61
59
61
60
34
60
60
61
61
61
61
67
61
61
61
61
61
67
67
67
67
68
62
56
62
62
61
61
57
63
63
57
57
64
64
56
64
64
64
64
66
66
65
66
65
65
66
66
57
66
66
67
66
66
66
66
67
67
67
67
61
67
67
67
67
67
67
67
67
66
67
67
67
67
67
68
68
68
68
68
68
68
69
69
69
69
69
69
71
69
69
43
70
65
70
70
70
70
70
70
71
68
71
71
71
68
68
71
49
71
68
71
71
71
49
72
72
72
72
72
72
75
73
71
73
73
73
73
73
49
74
74
74
75
75
75
72
75
75
49
76
76
76
76
76
76
53
75
30
77
3
4
22
22
21
20
19
29
19
19
14
4
7
7
6
22
22
22
7
22
28
28
28
28
46
49
43
45
42
69
61
68
68
67
61
63
56
37
69
38
38
38
39
69
41
41
38
38
23
23
23
23
27
27
27
27
28
28
28
28
8
29
29
51
28
32
33
35
35
59
59
60
60
60
60
61
59
30
30
34
34
30
34
29
29
29
30
69
28
35
23
8
22
44
69
61
57
28
29
29
34
29
29
30
38
4
61
42
76
56
