1
2
1
1
1
1
1
1
1
2
1
2
2
2
2
2
2
4
2
13
2
4
4
4
77
77
77
77
77
77
77
77
77
77
77
77
77
77
77
77
77
77
3
77
3
3
3
3
3
3
3
4
3
4
4
4
14
4
4
4
14
4
4
4
5
4
5
5
5
5
22
22
22
5
22
22
6
6
6
6
3
6
6
6
3
6
6
6
6
6
6
6
6
6
6
5
6
6
6
6
6
6
6
6
6
6
6
7
7
7
7
7
7
7
7
7
7
7
7
7
7
7
7
7
7
8
8
8
8
8
8
8
8
8
8
8
8
8
32
8
8
8
8
9
9
9
10
10
10
10
10
10
10
11
11
11
11
11
11
12
12
12
11
13
12
13
14
14
14
14
14
16
16
14
14
14
14
15
15
11
15
11
11
15
15
15
15
15
15
15
14
16
16
16
16
16
16
16
16
16
16
16
15
16
16
17
17
17
17
76
17
17
17
18
17
17
18
19
19
19
19
19
19
19
19
19
19
19
19
19
19
19
19
20
20
20
20
20
21
16
16
21
21
21
22
22
5
5
5
22
22
22
22
22
22
22
22
22
22
22
22
5
22
22
22
23
22
22
22
23
23
23
23
23
23
23
23
23
23
23
23
22
24
24
24
24
24
24
24
24
24
24
24
24
24
24
24
24
24
24
24
24
24
24
24
24
24
24
24
24
24
19
25
25
25
25
25
19
25
19
25
25
25
25
25
25
25
25
25
25
25
25
25
23
23
23
25
29
26
26
26
27
29
27
27
27
27
27
29
32
28
27
28
32
27
28
28
32
28
29
29
29
29
29
29
30
29
30
30
30
30
30
30
30
30
30
30
30
28
28
28
31
31
28
31
28
32
8
32
33
34
34
34
34
34
35
34
36
35
35
35
36
38
35
34
38
38
38
38
38
38
38
39
39
39
39
39
41
39
40
40
40
40
41
41
41
41
41
41
41
42
41
41
42
42
42
42
42
42
42
42
42
43
43
42
43
43
43
43
43
43
43
43
43
43
43
45
47
44
44
69
44
44
44
49
45
46
46
46
43
46
46
46
46
46
47
48
48
48
48
46
49
49
49
73
49
49
49
49
49
49
49
49
49
50
50
50
46
51
51
46
51
52
46
51
51
53
53
53
53
53
53
53
53
54
54
51
55
56
56
56
56
56
56
56
56
56
57
57
57
57
56
58
58
58
57
57
58
58
58
58
59
59
60
60
60
60
60
61
61
61
61
61
61
61
61
61
61
61
61
61
61
61
62
62
62
62
61
63
63
63
63
63
63
64
64
64
64
64
64
64
66
65
65
65
65
70
66
63
66
66
66
67
66
66
66
66
61
67
67
67
67
67
67
67
67
67
67
67
67
67
67
67
67
67
61
67
68
68
67
68
68
67
69
69
69
69
69
69
69
69
69
69
71
70
70
70
70
70
70
70
71
71
71
71
71
71
71
71
71
71
71
71
71
71
71
70
72
72
72
74
72
72
73
73
73
73
73
73
73
73
74
74
74
74
75
75
75
75
75
49
76
76
76
76
76
10
53
75
30
1
3
4
22
22
21
20
23
25
19
18
15
12
6
6
6
22
22
22
7
7
32
28
32
32
46
49
43
45
42
40
68
61
68
67
66
63
56
37
68
38
38
35
38
40
41
39
39
36
23
23
23
27
27
27
27
27
28
28
32
32
8
29
29
51
32
32
35
35
35
59
60
60
60
60
60
59
59
28
30
35
34
28
31
29
29
29
30
69
28
35
23
8
24
44
42
61
58
28
29
30
31
29
29
58
38
5
61
42
76
56
