1
1
1
1
1
1
1
1
1
1
1
2
2
2
2
2
2
2
4
4
2
4
4
4
2
77
77
77
77
77
77
4
77
77
77
77
77
77
77
77
77
77
3
3
3
3
3
3
3
3
3
3
3
4
4
4
4
4
4
4
4
4
4
5
4
5
5
5
5
5
5
5
5
5
5
5
6
6
6
3
3
6
6
6
6
6
6
6
6
6
6
6
6
6
6
5
6
6
6
6
6
6
6
6
6
6
6
7
7
7
7
7
7
7
7
7
7
7
7
7
7
7
7
7
7
8
8
8
8
8
8
8
8
8
8
8
8
8
8
8
8
8
8
9
9
10
10
10
10
10
10
10
10
11
11
11
11
11
11
12
12
12
14
13
14
13
14
14
14
14
14
16
14
14
14
14
14
15
15
15
17
15
15
17
15
15
15
15
15
15
16
16
16
16
16
16
16
16
16
16
16
16
16
16
16
17
17
17
17
17
17
17
17
17
17
17
18
19
19
19
19
19
19
19
19
19
19
20
19
19
19
25
19
20
20
20
20
20
21
16
21
21
21
21
21
21
21
22
21
21
22
22
22
22
20
22
22
22
22
22
22
22
22
22
24
22
22
22
22
23
23
23
23
23
23
23
23
23
23
23
23
24
24
24
24
24
24
24
24
24
24
24
24
24
24
24
24
24
24
24
24
24
24
24
24
24
24
24
24
24
28
19
25
25
18
25
25
25
25
25
25
25
25
25
25
25
23
25
25
25
25
25
25
27
23
26
23
26
26
26
26
26
26
27
27
29
27
27
27
28
28
28
28
28
28
28
28
28
28
29
29
29
29
29
29
30
30
30
30
30
30
30
30
30
30
30
29
30
28
31
28
31
31
28
31
31
32
32
32
32
33
34
35
34
34
35
35
35
35
35
35
36
38
38
38
38
38
38
38
38
38
38
39
39
39
41
39
39
39
40
40
40
42
41
41
41
41
41
41
41
41
41
41
42
42
42
42
40
42
42
42
42
43
43
43
43
43
43
43
43
43
43
43
43
43
43
45
44
44
44
69
44
44
44
49
45
46
43
46
43
46
46
46
46
46
47
48
48
48
48
48
49
49
49
49
49
49
49
49
49
49
49
49
49
50
50
50
46
48
51
52
52
52
52
52
52
53
53
53
53
53
53
53
53
54
54
55
55
56
56
56
56
56
56
56
56
56
57
57
57
57
57
59
58
58
58
58
58
59
58
58
59
61
59
60
60
59
60
61
61
61
61
61
61
61
61
61
61
61
61
61
61
61
62
62
62
62
63
63
63
63
63
63
63
64
64
64
64
64
64
64
65
65
65
65
65
65
66
66
66
66
66
66
65
65
66
66
67
67
67
67
67
67
67
67
67
67
67
67
67
67
67
67
67
67
61
68
68
68
67
68
71
67
69
69
69
69
69
69
69
69
69
69
71
70
70
70
70
70
70
70
71
71
71
71
71
71
71
71
71
71
71
71
71
71
71
70
72
72
72
74
72
75
73
73
73
73
73
73
73
73
74
74
74
75
75
72
75
75
75
75
76
76
76
76
76
76
53
75
57
1
3
4
7
22
21
20
25
25
19
18
15
13
6
6
6
22
22
22
7
7
28
28
28
28
46
71
43
45
42
40
38
61
68
67
63
63
56
37
38
38
38
38
38
39
41
41
39
36
23
23
27
27
27
23
29
27
28
28
28
28
8
27
29
52
28
28
35
35
35
60
60
60
60
60
60
59
59
30
30
35
34
31
31
29
29
29
30
69
28
35
23
8
24
44
69
61
58
28
29
29
31
27
29
30
39
5
61
42
76
56
