1
1
1
1
1
1
1
1
1
2
1
2
2
2
2
2
2
2
2
2
2
2
2
2
2
77
77
77
77
77
77
4
77
77
77
77
3
3
77
3
77
4
3
3
3
3
3
3
3
3
3
3
3
4
4
4
4
4
4
4
4
4
4
5
5
5
5
5
5
5
5
5
5
5
5
5
6
5
5
6
6
6
6
6
6
6
6
6
6
6
6
6
6
6
6
5
6
6
6
7
7
7
6
6
6
6
6
7
7
7
7
7
7
7
7
7
7
7
7
7
7
8
7
8
7
8
8
8
8
8
8
8
32
32
8
8
8
32
8
8
8
8
8
9
9
9
10
12
10
10
10
10
10
11
11
11
11
11
11
12
12
12
16
13
13
2
14
14
14
14
16
14
14
14
14
14
14
16
15
15
15
15
15
17
15
16
15
15
15
15
16
16
14
16
16
16
16
16
5
16
16
16
16
16
21
17
17
17
17
76
17
17
17
17
17
17
18
19
19
19
19
19
19
19
19
19
19
20
25
19
19
19
19
20
20
20
20
20
21
21
21
21
21
22
21
21
21
22
22
22
22
22
22
21
22
21
22
22
22
22
22
22
22
22
22
22
23
22
22
23
23
23
23
23
23
23
23
23
23
23
23
24
24
24
24
24
24
24
24
28
24
24
24
24
24
24
24
24
24
24
24
28
23
28
28
24
24
24
28
28
24
25
25
25
25
25
25
25
25
25
25
25
25
25
25
25
23
25
25
25
25
25
25
26
26
23
23
25
23
26
26
26
26
26
27
27
27
27
27
28
28
28
28
28
28
28
28
28
28
29
29
29
29
29
29
29
30
30
30
30
30
31
30
30
30
30
30
30
28
31
28
31
31
28
31
31
32
32
32
32
33
34
34
34
34
35
35
35
36
35
35
36
38
38
34
38
38
38
38
38
38
38
39
36
39
39
39
39
39
40
40
40
40
41
41
41
41
41
41
41
41
42
41
42
42
42
42
42
42
42
42
42
43
43
43
43
69
43
43
43
43
43
43
43
43
43
44
44
44
44
44
44
44
44
44
45
46
46
46
46
46
46
46
46
46
47
48
48
48
48
48
44
49
49
49
49
49
49
50
49
49
49
49
49
50
50
50
46
51
51
52
52
52
52
52
55
53
53
53
53
53
53
53
53
54
54
55
55
56
56
56
56
56
56
56
56
56
57
57
57
57
56
58
58
57
58
58
58
58
58
58
59
59
61
60
31
59
60
61
61
61
61
61
61
61
61
61
63
61
61
61
61
61
62
62
62
65
63
63
63
63
63
66
63
64
56
64
64
64
64
64
65
62
65
65
65
65
66
66
66
66
66
66
66
66
66
66
67
67
67
67
63
67
67
67
68
67
67
67
66
66
67
67
67
67
68
68
68
68
68
68
69
68
69
69
69
69
69
69
69
69
69
69
70
70
70
70
70
70
70
70
71
71
71
71
71
71
71
44
44
71
71
70
70
71
71
72
72
72
72
75
72
72
73
73
73
72
73
49
73
73
75
74
74
74
75
75
75
75
75
75
76
76
76
76
76
10
53
75
30
1
3
4
22
22
21
20
25
25
19
18
15
13
5
6
6
22
22
22
7
7
28
28
28
28
46
49
43
45
69
40
69
68
68
68
66
63
56
37
61
38
38
38
39
40
41
40
36
36
23
23
27
27
27
27
27
27
28
28
28
28
8
29
29
51
32
32
35
35
35
60
60
60
60
60
34
58
59
30
30
33
34
31
31
29
29
29
30
69
28
35
23
8
24
44
69
61
58
28
29
29
31
29
30
31
38
5
61
42
76
56
