1
1
1
1
1
1
1
1
1
1
1
2
2
2
2
2
2
4
4
13
2
4
4
2
4
77
77
77
77
77
77
77
77
77
77
77
77
77
3
77
77
77
3
3
3
3
3
3
3
3
3
3
3
4
4
4
4
4
4
4
4
4
4
5
16
16
5
5
6
6
5
5
5
5
5
5
6
6
5
6
6
6
6
3
6
6
6
6
6
6
6
6
6
6
6
6
6
6
6
6
7
6
6
7
7
6
6
7
7
7
7
7
7
7
7
7
7
7
7
7
7
7
7
7
7
8
8
8
8
8
8
8
8
8
8
8
8
8
32
8
8
8
8
9
9
9
10
10
10
9
10
10
11
11
11
11
11
11
11
10
12
12
12
13
13
13
14
14
14
14
14
14
14
14
14
14
14
15
15
15
15
15
17
15
15
15
19
15
15
15
16
16
16
16
16
16
16
16
16
16
16
16
16
16
16
17
17
17
76
76
17
17
17
17
17
17
18
20
19
19
19
19
19
19
19
19
19
19
19
19
19
19
19
20
20
20
20
20
16
20
21
21
21
21
21
21
21
22
22
21
22
22
22
22
22
22
22
22
22
22
22
22
22
22
22
24
23
23
22
23
23
23
23
23
23
23
23
23
23
23
27
24
24
24
22
24
24
24
24
24
24
24
24
24
24
24
24
24
24
24
24
24
24
24
24
24
24
24
24
24
24
23
25
25
25
25
25
25
25
25
25
25
25
25
25
23
26
26
25
25
26
26
25
26
26
26
26
25
26
26
26
27
25
27
27
27
27
27
27
28
28
27
27
32
29
28
28
28
28
29
29
30
29
29
29
30
30
30
30
30
30
30
30
30
30
30
30
30
31
28
31
31
31
28
28
31
32
8
32
32
33
34
34
34
34
35
35
35
35
35
35
36
38
38
38
38
38
38
38
38
38
38
39
39
39
41
41
39
39
40
40
40
40
41
41
40
41
41
41
41
41
41
41
42
42
42
42
42
42
42
42
42
43
42
43
69
43
43
43
43
43
43
43
43
43
43
44
44
44
44
44
44
44
44
44
45
46
46
46
46
46
46
46
46
46
47
48
48
48
48
48
49
49
49
49
73
49
49
49
49
49
49
49
49
50
50
50
51
48
51
46
52
52
46
52
52
53
53
53
53
53
53
53
53
54
54
55
51
56
56
56
56
56
56
56
56
56
57
57
57
57
57
58
58
58
58
58
58
59
59
58
61
59
59
60
60
60
60
61
61
61
61
61
61
61
61
61
61
61
61
61
61
61
62
62
62
62
63
63
63
63
63
63
63
64
64
64
64
64
64
64
65
65
65
66
65
65
66
66
66
66
66
67
66
66
66
70
67
67
67
67
67
67
67
67
67
67
67
67
67
67
67
67
67
67
68
68
69
68
68
68
68
68
69
69
69
69
69
69
71
69
44
45
70
70
70
70
70
70
70
70
71
71
71
71
71
71
71
71
71
71
71
70
71
71
71
72
72
72
72
72
72
72
73
73
73
73
73
73
73
73
74
74
74
74
49
49
75
75
75
75
76
76
76
76
76
10
53
74
30
2
3
4
21
22
21
20
23
25
19
18
15
13
6
6
3
22
22
22
7
7
28
28
28
28
46
49
43
45
42
40
61
68
68
67
66
63
56
37
40
38
35
35
38
40
41
41
36
36
23
23
27
27
27
23
27
27
28
28
28
28
8
29
29
51
32
32
34
35
35
59
60
60
60
60
60
59
59
30
30
34
34
31
30
29
29
29
30
69
28
35
23
8
24
44
69
61
58
28
29
29
31
29
29
30
38
5
61
42
76
56
