2
2
2
1
1
1
1
1
1
2
2
2
2
2
2
2
2
2
2
4
4
2
2
4
2
77
77
1
1
77
77
77
77
77
77
77
77
3
3
3
77
77
3
3
3
3
3
3
3
3
4
4
3
4
4
4
4
4
3
4
4
16
4
5
5
5
5
5
5
5
5
5
5
5
5
7
3
6
6
6
6
6
6
5
5
5
5
6
6
6
6
6
6
6
6
6
5
7
7
6
7
6
6
6
6
7
6
7
7
7
7
7
7
7
7
7
7
8
8
7
7
8
7
8
8
8
8
8
8
8
8
8
8
8
8
8
8
8
8
32
32
32
32
9
9
9
11
10
10
76
11
11
11
11
11
11
11
14
15
12
12
12
14
13
14
13
13
14
16
14
14
16
16
16
14
14
16
14
15
11
15
15
15
15
15
15
19
15
19
15
15
21
16
16
16
5
16
5
16
16
16
21
21
21
21
17
17
17
76
76
76
17
17
18
17
17
18
15
19
19
17
15
19
15
19
19
19
15
20
19
19
19
19
20
20
20
20
20
21
21
21
22
21
22
22
22
22
22
22
22
21
22
21
21
22
22
22
22
22
22
22
5
22
22
22
24
22
23
22
22
23
23
23
23
23
23
23
24
23
23
27
24
24
22
22
22
24
24
24
24
22
24
24
24
24
24
24
24
24
24
24
24
23
28
28
28
24
28
28
24
24
19
19
25
25
25
19
19
19
19
25
25
25
25
23
23
23
25
25
25
25
25
29
26
26
26
23
29
26
29
26
29
29
26
27
27
27
27
27
24
28
27
27
24
28
27
28
28
28
29
29
31
29
29
29
30
30
30
30
31
31
31
30
30
30
30
30
30
31
28
28
31
28
28
31
31
8
8
32
32
33
34
34
34
34
35
35
36
35
38
35
36
38
38
35
37
38
38
38
38
38
40
36
36
39
39
39
39
39
40
40
40
68
41
41
40
41
42
42
41
41
42
42
41
42
69
42
42
68
42
69
42
43
42
42
42
43
43
43
43
46
43
46
43
43
43
45
45
69
44
44
44
44
44
49
45
46
46
43
43
46
46
46
46
46
47
48
45
48
48
48
49
49
50
49
49
49
49
50
50
49
49
49
49
50
50
50
51
48
51
52
52
52
52
52
52
53
53
75
75
53
75
75
53
54
54
55
51
57
56
56
56
56
56
56
56
56
30
57
57
57
56
58
30
30
58
30
58
58
58
31
59
59
31
60
60
31
60
31
61
61
61
67
61
61
61
61
67
67
67
67
61
68
56
62
62
62
63
63
58
63
63
66
58
65
62
64
64
64
64
65
58
65
65
65
66
65
66
66
65
65
66
66
65
65
66
66
67
67
67
67
63
63
67
67
67
68
67
67
63
67
68
67
67
67
68
68
40
68
68
68
71
71
68
69
69
69
69
69
44
44
69
69
66
70
70
70
70
70
70
72
71
71
71
71
70
70
70
70
71
71
70
70
73
71
49
72
72
72
72
74
72
72
73
73
73
73
73
49
73
49
74
74
74
74
75
75
74
75
75
75
76
76
76
76
76
76
75
74
57
77
3
4
5
22
21
20
20
25
19
19
15
13
5
5
6
22
7
22
7
7
28
28
28
28
46
49
43
45
42
40
40
68
40
68
63
63
56
37
37
37
38
38
39
40
42
41
36
36
23
23
27
27
27
27
29
27
28
27
28
27
32
29
29
51
32
32
35
35
35
31
60
60
61
34
60
58
31
31
30
35
33
28
31
30
29
29
30
69
28
35
23
8
24
44
68
61
58
28
29
28
31
28
30
30
38
5
61
42
76
62
