1
2
1
1
77
1
1
77
1
1
1
2
2
2
1
1
4
13
13
13
13
4
4
4
4
77
77
77
77
77
77
4
77
77
77
77
77
77
77
3
77
4
3
77
3
3
3
3
3
3
3
4
3
4
4
4
4
3
3
4
4
4
4
4
5
5
5
5
5
5
5
5
5
5
5
7
6
6
5
6
6
6
6
6
6
6
6
7
7
6
6
6
6
5
5
5
7
6
6
6
7
6
7
6
6
6
6
7
7
7
7
7
6
7
6
7
7
7
7
7
7
7
7
7
8
8
8
8
7
7
8
8
8
8
8
8
8
8
8
8
8
8
8
9
9
10
10
9
10
76
10
11
10
10
11
11
11
11
11
12
12
12
12
13
12
14
14
14
16
14
14
14
16
16
16
14
14
15
15
15
15
17
17
15
15
15
19
15
19
17
16
16
16
16
14
5
14
5
16
16
16
16
16
16
16
76
17
76
76
76
76
76
18
18
17
17
18
19
19
19
19
19
19
19
19
19
19
19
19
25
19
25
19
20
20
20
20
20
21
16
16
16
5
5
5
5
21
5
5
5
22
5
22
22
20
20
23
22
22
22
22
5
5
5
24
24
23
23
20
23
23
23
23
23
23
23
24
23
23
23
23
7
24
24
24
24
24
24
24
24
24
24
24
24
24
24
24
28
28
24
24
28
24
28
24
24
28
24
24
24
24
25
19
25
25
25
25
25
23
23
23
25
25
25
23
23
23
25
25
25
25
26
26
23
23
23
26
26
23
26
23
29
26
29
27
27
27
29
29
28
28
29
29
28
29
28
28
28
28
29
29
30
29
29
29
30
30
30
30
30
30
31
30
30
30
30
30
30
28
28
28
31
28
28
28
28
8
8
28
28
28
34
34
35
35
35
35
35
35
38
38
36
38
38
38
38
38
38
38
37
40
40
36
36
39
39
39
39
39
40
40
40
40
41
41
41
41
41
41
41
41
41
41
41
42
41
42
42
42
42
42
42
43
42
43
69
43
43
43
43
43
43
43
43
43
43
44
44
69
69
44
44
44
44
44
45
46
46
46
43
46
45
46
46
46
55
48
45
45
48
46
49
49
49
49
49
49
49
49
49
49
49
49
53
55
47
47
46
51
45
46
52
52
46
52
52
53
49
75
53
53
53
53
53
54
54
55
54
56
56
56
56
56
56
64
64
56
57
57
57
57
57
58
58
56
58
58
58
58
58
57
61
61
59
60
60
60
60
61
61
61
61
61
61
61
61
61
61
61
61
61
61
61
63
56
62
62
61
63
63
63
63
63
63
62
64
64
64
56
56
62
63
62
65
65
65
65
66
63
66
66
63
63
66
66
66
65
67
67
67
61
67
67
67
67
68
67
67
67
67
67
67
67
67
66
67
68
68
68
68
68
69
71
69
69
69
69
44
69
71
44
69
69
65
65
65
70
70
70
70
70
71
71
71
71
70
71
71
44
44
71
71
71
71
44
44
70
72
72
72
74
74
72
73
73
73
73
73
49
73
73
74
74
74
75
49
72
75
75
75
75
76
76
76
76
76
76
53
75
56
77
3
4
5
7
16
20
23
29
19
25
15
14
5
6
3
7
7
22
7
8
28
28
28
28
46
49
45
45
42
40
40
61
68
68
63
67
56
37
37
38
38
38
39
40
41
41
36
36
24
23
23
27
27
23
27
27
28
29
28
29
8
29
29
55
32
8
35
35
38
60
60
60
60
60
60
59
59
30
30
33
34
28
31
29
29
29
29
69
28
35
23
8
24
44
69
61
57
28
29
29
31
29
29
30
38
5
61
42
76
56
