2
2
2
2
2
2
1
1
1
1
1
2
2
2
1
1
2
2
2
2
13
2
13
2
2
77
77
1
1
1
2
2
77
77
77
77
3
3
3
3
77
77
77
3
3
3
3
3
3
3
3
6
6
2
77
4
4
77
77
4
4
5
5
4
5
21
5
5
5
5
5
5
5
5
5
5
6
6
6
5
6
3
6
6
3
6
6
6
6
6
6
6
6
6
6
5
5
5
5
7
6
6
6
7
7
7
7
7
7
7
7
7
7
7
7
22
22
7
7
7
7
7
7
7
7
8
8
8
8
7
8
8
8
7
8
8
8
8
8
32
32
8
8
9
9
10
11
10
11
76
76
76
76
11
76
76
11
11
15
12
12
12
11
13
13
13
14
14
14
14
14
16
14
16
14
16
14
11
15
11
15
11
11
15
15
11
16
16
15
19
16
16
16
16
21
16
21
21
21
21
16
16
21
16
21
17
19
17
17
76
76
76
18
18
17
19
18
16
19
15
19
15
19
19
19
19
19
19
23
25
25
18
19
20
20
20
20
21
21
21
16
21
21
21
21
21
21
21
21
21
21
21
21
21
21
21
21
22
22
22
22
5
5
22
24
24
22
23
21
23
23
23
20
23
23
20
23
24
20
20
23
22
22
24
22
22
24
24
22
24
24
24
24
24
24
24
24
24
24
24
24
24
24
24
24
24
24
24
24
24
28
23
25
18
18
25
25
25
23
25
23
25
25
23
23
23
25
23
25
25
23
23
25
23
26
26
26
25
25
26
26
26
26
23
27
27
27
27
27
8
24
28
27
32
27
27
32
28
28
26
26
29
29
29
26
30
30
30
29
30
30
31
30
30
30
30
29
29
31
33
31
31
31
28
31
28
8
8
32
32
32
34
34
34
34
35
35
36
38
38
34
36
38
38
34
38
39
38
37
38
38
38
39
36
39
39
39
39
39
42
42
40
69
41
39
40
41
41
41
41
42
42
42
42
42
42
41
42
69
42
42
69
43
42
43
42
44
43
43
43
46
44
46
43
43
52
45
47
44
44
69
44
44
44
44
45
52
46
46
43
46
46
46
46
46
47
48
45
47
48
48
44
49
49
49
49
49
49
49
49
75
75
75
53
47
47
47
46
51
48
52
46
52
52
55
47
53
53
75
75
53
53
53
53
54
54
55
47
57
57
56
57
56
56
64
64
56
57
57
57
57
62
31
31
57
58
31
58
58
58
63
61
59
31
60
60
31
60
61
61
61
61
61
61
61
61
63
61
61
61
67
61
61
62
56
62
62
63
63
63
63
63
62
62
64
64
64
64
64
64
64
62
65
65
66
66
65
62
62
66
66
66
62
66
66
67
66
61
67
61
61
63
67
67
67
68
68
67
67
67
67
67
67
71
67
61
68
68
67
67
68
71
67
68
69
69
69
69
71
69
69
44
44
70
65
70
70
70
70
71
72
69
71
71
67
67
67
71
69
71
71
71
71
73
73
71
72
72
72
72
74
74
72
71
73
73
73
73
73
73
73
74
74
74
75
72
75
74
75
75
75
76
76
76
76
76
76
53
75
30
1
6
4
5
24
16
20
23
25
18
18
16
4
5
6
3
22
22
22
22
28
32
28
32
28
46
49
44
45
69
40
69
69
68
67
62
63
56
37
40
37
38
38
39
40
41
40
36
36
23
23
27
27
27
23
27
27
28
27
28
28
7
27
26
47
32
32
35
35
35
31
60
60
60
60
60
31
31
30
30
35
34
28
31
29
26
26
29
69
33
35
23
7
28
44
69
61
58
28
26
29
31
27
29
30
38
5
61
42
76
62
