2
2
2
1
1
1
77
77
1
1
1
2
2
2
4
2
4
4
4
4
4
4
4
77
77
77
77
77
77
77
77
4
77
77
77
77
77
77
77
3
77
4
77
77
77
3
3
3
3
3
77
3
3
4
14
14
4
4
77
4
14
4
4
4
4
5
5
5
5
7
7
7
7
5
7
7
6
6
6
6
6
6
6
6
6
6
6
6
6
6
6
6
6
6
6
6
6
6
6
7
6
6
7
6
6
6
6
7
7
7
7
7
7
7
7
7
22
7
7
7
7
7
7
8
7
8
8
8
8
8
8
8
8
8
8
8
8
8
8
8
32
8
8
9
9
10
10
9
10
10
10
10
11
11
11
11
11
13
11
12
12
12
13
13
13
13
14
14
14
14
16
16
14
14
14
14
14
16
11
15
15
15
15
15
15
15
15
15
15
17
16
16
16
16
16
16
16
16
16
16
16
16
16
16
16
17
17
17
76
76
76
17
17
17
17
17
18
19
19
15
19
17
19
19
19
19
19
20
20
19
19
19
19
20
20
20
20
16
21
16
16
16
22
16
22
22
5
22
22
22
22
16
22
16
20
16
22
22
22
22
22
22
22
24
24
24
22
23
20
23
22
23
20
23
23
23
23
22
27
23
27
22
22
24
22
24
24
23
24
24
24
24
24
22
22
24
24
24
24
24
24
24
23
23
24
24
24
24
24
24
24
19
19
19
19
25
19
23
23
25
25
25
25
25
23
23
23
25
25
25
25
25
26
23
23
23
23
26
23
23
23
26
26
26
27
26
26
27
29
24
24
27
27
28
29
28
28
28
28
29
29
29
29
29
29
30
30
29
30
30
29
30
30
30
30
30
30
30
28
28
28
31
28
28
30
30
8
8
8
28
28
34
34
34
34
35
34
35
35
38
38
36
38
38
34
38
38
38
34
61
38
38
39
39
39
41
39
41
39
40
40
40
40
41
41
42
42
41
42
41
41
42
42
41
42
42
42
42
40
42
69
42
42
43
43
43
43
43
43
43
43
43
43
43
43
43
45
51
69
44
71
44
44
44
51
45
52
52
43
43
43
43
43
52
46
51
45
51
48
48
48
71
49
49
49
49
49
49
49
49
49
49
49
49
47
47
47
46
46
51
52
46
52
52
52
51
49
53
75
75
53
53
53
53
55
54
51
55
30
30
56
56
56
56
56
56
56
58
58
57
58
57
59
58
30
58
58
58
59
59
58
59
59
59
60
31
59
31
61
61
61
61
61
61
61
61
61
61
61
67
61
61
61
62
62
62
62
58
58
63
63
58
63
62
65
56
56
64
64
64
65
65
62
65
65
65
65
66
66
66
70
66
66
70
70
67
70
67
67
67
61
67
67
67
67
67
67
67
67
67
67
67
67
68
71
67
68
69
68
68
68
69
68
68
69
69
69
69
69
69
69
69
69
70
65
65
70
70
70
70
72
71
68
68
71
71
68
71
68
71
71
71
71
71
71
71
72
72
72
74
74
72
72
71
71
73
73
73
73
72
49
74
74
74
75
72
75
74
75
75
75
76
76
76
76
76
10
53
75
30
77
3
4
22
22
22
20
23
25
19
19
16
13
5
6
6
22
22
22
22
7
23
28
28
28
46
71
43
45
42
40
68
67
68
67
66
66
56
37
61
34
38
38
39
40
42
41
36
36
23
23
27
27
27
23
27
27
23
29
23
29
8
29
29
51
32
32
33
33
38
59
59
60
60
60
60
59
59
30
30
34
34
30
30
30
29
29
29
69
28
38
23
8
24
71
69
61
58
28
27
29
31
29
29
30
40
5
61
42
76
56
