1
1
1
1
1
1
1
1
1
1
1
1
2
2
2
2
2
2
2
4
4
2
2
2
2
77
77
1
1
77
77
77
77
77
77
77
77
77
77
77
77
77
3
3
3
3
3
3
3
3
4
3
3
4
4
4
4
4
4
4
4
14
5
5
5
5
5
5
5
5
5
5
5
5
5
5
6
6
6
6
6
3
6
3
6
6
6
6
6
6
6
6
6
6
6
6
6
7
6
6
6
6
6
6
6
6
7
7
7
7
7
7
7
7
7
7
7
7
7
7
7
7
7
7
7
8
8
8
8
8
32
8
8
8
8
8
8
8
32
8
32
8
8
9
9
9
10
12
10
10
10
10
10
11
11
11
11
12
11
12
12
12
12
12
13
4
4
14
14
13
14
14
14
14
14
14
14
15
11
11
15
11
15
15
15
15
15
15
15
15
16
16
16
16
16
16
16
5
16
16
16
16
16
16
16
17
15
17
17
17
17
17
17
17
17
17
18
15
19
19
19
15
19
19
19
19
19
19
19
19
19
19
19
20
20
20
20
20
21
21
21
21
21
21
21
21
21
22
22
21
22
22
22
22
22
22
22
22
22
22
22
22
22
22
22
22
22
22
22
22
23
23
23
23
23
23
23
23
23
23
23
24
24
22
24
22
24
24
24
24
24
22
24
24
24
24
24
24
24
24
24
24
24
24
24
24
28
24
24
24
24
25
25
25
25
25
25
25
25
25
25
25
25
25
25
25
25
25
25
25
25
25
25
26
26
26
26
26
26
26
26
26
26
27
27
27
27
27
27
28
28
27
27
28
28
28
28
28
28
29
29
29
29
29
29
30
29
30
30
30
30
30
30
30
30
29
29
30
31
31
31
31
28
31
31
31
32
32
32
33
33
34
34
34
60
35
35
35
35
35
60
38
38
38
38
37
38
37
38
37
38
38
39
36
39
39
39
39
39
40
40
40
40
41
41
41
41
41
41
41
42
41
41
42
41
41
42
42
42
42
42
69
42
43
43
43
43
43
43
43
46
43
46
43
43
43
44
44
44
44
44
44
44
44
44
45
46
46
46
46
46
46
46
46
46
47
45
48
48
48
48
49
49
50
49
49
49
49
49
49
49
49
49
49
50
50
50
52
51
51
46
52
52
52
55
52
49
49
53
53
53
53
53
54
54
54
55
55
56
56
56
56
56
56
56
56
56
58
57
57
57
62
58
58
58
58
58
58
58
58
61
59
59
59
60
31
31
60
61
61
61
61
61
61
61
61
63
61
61
61
61
61
61
62
62
62
62
63
63
62
63
63
63
63
64
64
56
64
64
64
64
65
65
64
65
65
64
66
66
66
65
66
66
66
66
66
65
67
61
61
67
67
67
67
67
67
67
67
67
67
67
67
67
67
67
68
68
68
68
67
68
68
68
69
69
69
69
69
69
44
44
69
69
65
70
70
70
70
70
70
70
71
71
71
71
71
71
71
71
71
71
71
71
71
71
49
72
72
72
72
72
72
72
49
73
73
73
73
73
73
73
72
74
74
74
75
75
72
75
75
75
76
76
76
76
76
10
53
75
57
2
3
4
22
22
21
20
25
25
19
18
15
13
6
6
3
22
22
22
7
7
28
28
28
28
46
49
43
45
42
40
68
68
68
67
66
63
56
37
37
37
38
38
38
40
42
41
36
36
23
23
27
27
27
23
27
27
28
27
28
28
8
29
29
52
32
32
35
35
35
60
60
60
60
60
60
59
31
30
57
35
34
31
31
29
29
29
30
69
28
35
23
7
8
44
40
61
58
28
29
29
31
29
29
30
38
21
61
42
76
56
