1
2
1
1
1
1
1
1
1
1
1
2
2
2
2
2
2
2
2
4
2
4
2
4
1
77
77
77
77
1
1
77
77
77
77
77
77
77
77
77
77
4
4
3
77
3
3
3
3
3
3
3
3
4
4
4
4
4
4
4
4
4
4
5
5
5
5
5
5
22
5
5
22
5
5
22
6
6
5
6
6
3
6
6
6
6
6
6
6
6
6
6
6
6
6
6
6
7
6
6
6
6
6
6
7
6
6
7
7
7
7
7
7
7
7
7
7
7
7
7
7
7
7
7
7
8
8
8
8
8
8
8
8
8
8
8
8
8
8
8
8
8
8
9
9
10
10
11
10
10
10
10
10
11
11
11
11
11
11
12
12
12
12
13
13
4
14
14
14
14
14
16
14
14
14
14
14
15
15
15
15
15
15
15
15
15
15
15
15
15
16
16
16
16
16
16
16
16
16
16
16
16
16
21
16
17
17
17
17
17
17
17
17
17
17
17
18
19
19
19
19
19
19
19
19
19
19
19
19
19
19
19
19
20
20
20
20
20
21
21
21
21
21
22
21
22
5
22
22
21
22
22
22
21
22
22
22
22
22
22
22
22
22
22
22
22
22
22
22
23
23
23
23
23
23
23
23
23
23
23
23
24
24
24
24
24
24
24
24
24
24
24
24
24
24
24
24
24
24
24
24
24
24
24
24
24
24
24
28
24
24
23
25
25
18
25
25
25
23
25
25
25
25
25
25
23
25
25
25
25
25
25
25
27
26
23
23
26
26
26
26
26
29
26
27
27
26
27
27
28
28
27
28
28
29
28
28
28
28
29
29
29
29
29
29
30
30
30
30
30
30
30
30
30
30
30
30
30
28
28
28
31
28
28
31
31
8
32
32
32
33
34
34
34
34
35
35
35
35
35
35
36
38
38
38
38
38
37
37
38
38
38
39
39
39
38
39
39
39
40
40
40
40
41
41
41
41
41
41
41
41
41
41
42
42
42
42
42
42
42
42
42
43
43
42
43
43
43
43
43
43
43
43
43
43
43
44
44
69
44
44
44
44
44
44
45
46
46
43
43
46
46
46
46
46
47
48
48
48
48
48
49
49
49
49
49
49
49
47
49
49
49
49
49
47
47
47
48
48
51
52
52
52
52
52
52
53
53
53
53
53
53
53
53
54
54
55
51
56
56
56
56
56
56
56
56
56
57
56
57
58
57
30
58
58
57
58
58
58
58
58
59
59
59
60
60
60
60
61
61
61
61
61
61
61
61
61
61
61
61
61
61
61
62
62
62
65
63
58
63
63
63
63
63
64
56
64
64
64
64
64
65
65
65
65
65
65
66
66
63
66
66
67
66
66
66
66
67
67
67
67
67
67
67
67
67
67
67
67
67
66
67
67
67
67
67
68
68
68
68
68
68
71
69
69
69
69
69
69
69
69
69
69
66
70
70
70
70
70
70
70
71
71
71
71
71
71
71
71
71
71
71
71
71
71
71
72
72
72
72
72
72
75
73
73
73
73
73
73
73
73
74
74
74
75
75
75
75
75
75
49
76
76
76
76
76
10
53
75
30
1
3
4
22
22
21
20
23
26
17
18
16
13
5
6
6
22
22
22
7
7
28
28
28
28
46
49
43
45
42
40
61
61
68
67
66
63
56
37
37
37
38
38
38
41
40
41
39
36
23
23
27
27
27
28
27
27
28
29
28
28
8
29
29
51
28
32
35
35
35
60
60
60
60
60
60
59
59
30
30
33
34
31
31
29
29
29
30
69
28
34
23
8
24
44
40
61
58
28
29
29
31
29
29
30
38
5
61
42
76
56
