1
1
1
1
1
1
1
1
1
1
1
2
2
2
2
2
2
2
2
2
2
2
2
2
4
77
77
77
77
1
77
77
77
77
77
77
77
77
77
77
77
77
3
3
3
3
3
3
3
3
3
3
3
4
4
4
4
4
4
4
4
4
4
5
5
5
5
5
5
5
5
5
5
5
5
5
6
6
6
5
6
3
6
6
6
5
5
6
6
6
6
6
6
6
6
6
6
6
7
7
6
6
6
7
6
6
7
7
7
7
7
7
7
7
7
5
7
7
7
7
7
7
7
8
7
8
8
8
8
8
8
8
8
8
8
8
8
32
8
8
8
8
8
9
9
10
10
10
10
10
76
10
10
11
11
10
11
11
11
12
12
12
12
13
14
13
14
14
14
14
14
14
14
16
14
14
14
15
11
15
15
15
15
15
11
15
15
16
15
15
16
16
16
16
16
16
16
16
16
16
16
16
16
16
16
17
17
17
17
76
17
17
17
18
17
17
18
19
19
19
19
19
19
19
19
19
19
20
20
19
19
25
19
20
20
20
20
20
21
21
21
21
21
21
22
21
21
22
22
22
22
22
22
21
22
22
22
22
22
22
22
22
22
22
22
22
23
23
22
24
23
23
23
23
23
23
23
23
23
23
23
24
24
24
24
24
22
24
24
24
24
24
24
24
24
24
24
24
24
24
24
24
24
24
28
24
24
24
24
24
24
25
25
25
25
25
25
25
23
25
25
25
25
25
25
23
25
25
25
25
25
25
25
26
26
26
26
25
26
26
26
29
25
27
27
27
27
27
27
28
28
27
27
28
28
28
28
28
28
29
29
29
29
29
29
30
30
30
30
30
30
31
30
30
30
30
30
30
28
28
31
31
31
31
28
31
8
32
32
33
33
34
34
34
34
35
35
35
35
38
35
36
38
38
38
38
38
38
38
38
38
38
36
39
39
41
39
39
39
40
40
40
40
41
39
41
41
41
41
41
41
41
42
42
42
42
42
42
42
69
42
69
43
43
42
43
43
43
43
43
43
43
43
43
43
43
44
45
44
44
44
44
44
44
49
45
46
46
46
46
46
46
46
46
46
47
48
48
48
48
48
49
49
49
49
49
49
49
49
49
49
49
49
53
49
50
50
51
51
51
52
52
52
52
52
52
53
53
75
53
53
53
53
53
54
54
55
54
56
56
56
56
56
56
56
56
56
57
57
57
57
57
58
58
58
58
58
58
58
58
58
59
61
59
60
60
60
60
61
61
61
61
61
61
61
61
61
61
61
61
61
68
61
62
62
62
62
63
63
63
63
63
63
65
64
64
64
64
64
64
64
65
65
65
65
66
65
66
66
66
66
66
66
66
66
71
66
67
67
67
61
67
67
67
67
67
67
67
67
66
67
67
67
67
67
68
68
68
68
68
68
68
71
69
69
69
69
69
69
68
69
69
69
71
70
70
70
70
70
70
72
71
71
71
71
71
71
71
44
44
71
71
71
71
71
71
72
72
72
72
72
72
72
73
71
73
73
73
73
73
73
74
74
74
74
75
75
75
75
75
75
76
76
76
76
76
10
53
72
56
1
3
3
22
22
21
20
25
25
19
19
15
13
5
6
6
22
22
22
7
7
28
28
28
28
46
49
43
45
42
40
68
68
68
67
66
67
56
37
68
38
38
38
39
40
41
41
36
36
23
23
27
28
27
28
27
27
28
28
28
28
8
29
29
51
32
32
35
35
35
60
60
60
60
60
34
59
59
30
30
33
34
31
31
29
29
29
29
69
28
35
23
8
24
44
69
61
58
28
29
29
31
29
29
30
39
5
61
42
76
56
