2
2
2
1
1
1
1
1
1
1
2
2
2
2
2
1
1
2
1
4
4
4
2
2
2
77
77
77
1
1
2
2
1
77
77
77
77
77
77
77
77
3
3
3
77
3
3
3
3
3
4
4
3
4
4
4
4
4
3
4
4
5
4
5
4
5
5
5
5
5
5
5
7
5
5
7
6
4
5
6
3
3
6
6
6
3
3
6
6
6
6
6
6
6
6
5
5
6
7
6
7
6
6
7
7
7
6
7
7
7
7
7
7
7
7
7
22
8
8
7
7
8
7
7
8
8
8
32
8
8
32
32
8
8
8
8
8
8
8
8
8
32
8
9
9
9
10
10
10
76
76
10
10
11
11
11
11
11
12
10
12
12
12
13
14
13
13
14
14
14
14
16
16
16
14
16
16
15
12
11
15
15
15
15
15
15
19
15
19
15
14
16
21
21
16
5
5
5
21
21
21
21
16
16
21
15
17
15
17
76
17
17
17
18
17
17
18
15
19
19
19
19
25
25
25
19
19
19
19
25
25
25
25
16
21
20
20
20
21
21
21
22
21
22
22
21
21
22
22
22
22
21
21
21
22
22
22
22
22
22
22
21
22
22
22
24
22
22
22
22
23
23
23
23
19
23
23
23
23
23
23
22
24
24
22
24
24
24
24
22
24
28
24
22
24
24
24
24
28
24
24
24
24
24
24
28
28
28
28
24
24
25
25
25
19
25
25
25
19
25
25
25
25
23
23
19
23
23
25
25
25
23
26
23
23
26
23
26
26
26
26
26
27
26
23
27
26
27
27
24
28
27
27
32
28
28
28
28
28
27
27
29
29
29
29
30
29
30
30
30
30
31
30
30
30
57
30
30
28
28
28
31
31
28
28
28
32
32
32
28
28
34
34
34
34
35
33
35
35
35
38
36
38
38
38
38
38
38
39
38
38
38
36
39
39
41
39
39
39
40
40
40
40
41
39
42
41
41
41
41
42
41
41
42
42
42
42
40
42
42
42
42
43
46
42
43
43
42
43
46
43
43
46
43
43
46
69
44
69
69
44
44
44
44
49
45
46
46
46
43
46
46
46
46
52
47
48
45
45
48
48
44
49
49
49
49
49
50
50
49
49
75
53
53
51
50
50
51
48
51
52
51
52
52
52
52
53
53
75
53
53
53
53
53
54
54
51
55
56
56
56
57
56
56
56
56
56
57
56
57
62
56
31
31
57
58
31
58
58
58
61
31
59
61
60
60
31
31
59
61
61
68
61
67
61
61
61
61
67
61
67
68
68
62
56
62
62
61
66
66
63
63
63
66
64
64
56
64
64
64
64
65
64
65
65
65
65
66
66
66
65
66
66
66
66
66
65
67
67
67
67
67
66
67
66
67
66
67
66
66
66
66
67
67
67
67
68
40
68
68
68
69
68
69
69
69
69
44
69
71
44
69
69
66
66
66
70
71
70
71
70
71
68
68
67
71
68
71
68
71
71
71
71
71
71
73
72
72
72
72
74
75
72
73
71
73
72
73
49
72
72
74
74
74
75
75
75
75
75
75
75
76
76
76
76
76
76
53
75
57
1
3
4
21
24
21
20
19
25
19
19
14
13
6
3
3
22
22
22
22
22
32
28
32
32
52
73
43
45
69
40
68
68
68
67
66
63
56
37
41
38
39
38
39
41
42
41
36
36
23
23
23
23
23
27
27
27
27
27
28
28
8
27
27
51
28
32
33
33
35
60
60
60
60
60
60
31
31
30
57
34
34
28
28
29
29
29
30
69
28
35
23
8
24
44
40
61
58
28
27
29
31
28
29
31
38
5
61
42
76
62
