1
2
1
1
1
1
1
1
1
1
1
2
2
2
2
2
4
2
2
4
13
2
2
2
4
77
77
77
77
77
77
77
77
77
77
77
77
77
77
77
77
77
3
77
3
3
3
3
3
3
3
3
3
4
4
4
4
4
5
4
4
4
4
5
5
5
5
5
5
5
5
5
5
5
5
5
6
6
6
6
6
6
6
6
6
6
6
6
6
6
6
6
6
6
6
6
6
7
6
6
7
6
7
6
6
6
6
7
7
7
7
7
7
7
7
7
7
7
7
7
7
7
7
7
7
8
8
8
8
8
8
8
8
8
8
8
8
8
8
8
8
8
8
9
9
9
10
10
10
10
10
10
10
11
11
11
11
11
11
11
12
12
15
13
13
13
14
14
14
14
14
14
14
14
14
14
14
15
15
11
15
15
15
15
15
15
15
15
15
15
16
16
16
16
16
16
16
16
16
16
16
16
16
16
16
15
17
17
17
76
17
17
17
17
17
17
18
19
19
19
19
19
19
19
19
19
19
19
19
19
19
19
19
20
20
20
20
20
21
22
21
21
22
22
22
21
21
22
22
22
22
22
22
22
22
22
22
22
22
22
22
22
22
22
22
22
22
23
22
23
23
23
23
23
23
23
23
23
23
23
26
24
24
22
24
24
24
24
24
24
24
24
24
24
24
24
24
24
24
24
24
24
23
24
24
24
24
24
24
24
24
23
25
25
25
25
25
25
25
25
25
25
25
25
25
23
25
25
25
25
25
25
26
26
23
26
26
26
23
23
26
26
26
27
27
27
27
27
27
28
28
29
29
28
29
28
28
28
28
29
29
29
29
29
29
29
30
30
30
30
30
30
30
30
30
30
30
30
32
31
28
31
28
31
28
28
8
8
32
32
32
34
34
34
34
33
35
35
35
35
34
36
38
38
38
38
38
38
38
37
38
38
39
39
36
38
39
39
39
40
40
40
40
41
41
40
41
41
41
42
42
41
41
42
42
42
42
42
42
42
42
42
43
43
43
43
69
43
43
43
43
69
43
43
43
43
44
47
44
44
44
44
44
44
44
45
43
46
46
46
46
46
46
46
46
47
48
48
48
48
48
49
49
49
49
49
49
49
49
49
49
49
49
49
50
50
50
46
46
51
52
52
52
55
55
52
53
49
53
53
53
53
53
53
54
54
55
55
56
56
56
56
56
56
56
56
56
57
57
57
57
57
58
58
30
58
58
58
58
58
58
59
59
59
60
60
60
60
61
61
61
61
61
61
61
61
61
61
61
61
67
61
61
62
62
62
62
63
63
63
63
63
63
63
64
64
64
64
64
64
64
65
65
65
65
65
64
66
66
66
66
66
66
66
66
67
65
61
67
67
67
67
67
67
67
67
67
67
67
67
67
67
67
67
67
61
68
69
68
68
68
68
67
69
69
42
69
69
69
69
69
69
69
70
70
70
70
70
70
71
72
71
71
71
71
71
71
71
71
71
71
71
71
71
71
71
72
72
72
72
72
72
72
73
73
73
73
73
73
73
73
74
74
74
74
75
75
75
75
75
75
76
76
76
76
76
10
53
74
30
1
3
5
22
22
21
20
23
29
19
19
15
13
6
6
6
22
22
22
7
7
28
28
28
32
46
49
43
45
42
40
69
68
68
67
66
66
56
37
37
38
38
38
38
40
41
41
36
36
23
23
23
27
27
27
27
27
28
28
28
28
8
29
29
51
32
8
33
35
38
60
60
60
60
60
60
31
59
30
30
33
34
30
31
29
29
29
30
69
32
35
23
8
24
44
69
61
58
28
29
29
31
29
29
30
38
5
61
42
76
56
