1
1
1
1
1
1
1
1
1
1
1
1
2
2
2
2
4
2
2
13
13
13
2
4
4
77
77
77
77
77
77
77
77
77
77
77
77
77
3
77
77
77
3
3
3
3
3
3
3
3
3
3
3
4
4
4
4
4
4
4
4
4
4
4
4
5
5
5
5
5
5
5
5
5
5
5
6
6
6
6
6
6
6
6
6
6
6
6
6
6
6
7
6
6
5
5
6
6
6
6
7
6
6
6
6
6
6
7
7
7
7
7
7
7
7
7
7
7
7
7
7
7
7
8
7
8
7
8
8
8
8
8
8
8
8
8
8
8
8
8
8
8
8
9
9
9
10
10
10
10
10
10
10
11
11
11
11
11
11
12
12
12
12
13
13
13
14
14
14
14
14
14
14
14
14
14
14
15
15
15
17
15
17
15
15
15
15
15
15
15
16
16
16
16
16
16
16
16
16
16
16
16
16
16
16
17
17
17
17
17
17
17
17
17
18
17
18
19
19
19
19
19
19
19
19
19
19
19
19
19
19
19
19
20
20
20
20
20
16
16
21
21
22
22
21
21
21
22
22
22
22
22
22
22
22
22
22
23
22
22
22
22
22
22
22
22
23
23
22
23
23
23
20
23
23
23
23
23
23
23
26
24
24
24
24
24
24
24
24
24
24
24
24
24
24
24
24
24
24
24
24
24
24
24
24
24
28
24
24
24
24
25
25
19
18
25
25
25
25
25
25
25
25
25
25
25
25
25
25
25
25
26
26
26
23
26
26
26
26
26
26
26
29
27
27
27
27
29
27
28
28
28
28
28
28
28
28
28
31
29
29
30
29
29
29
30
30
30
30
30
30
30
30
30
30
30
30
30
31
28
28
28
31
28
28
31
32
32
32
32
33
34
35
34
34
35
35
35
35
35
35
38
38
38
38
38
38
37
38
37
38
38
39
39
39
38
39
39
39
40
40
40
40
41
41
41
41
41
41
41
41
41
41
42
41
42
42
42
42
42
42
42
42
43
43
43
43
43
42
43
43
43
43
43
43
43
44
45
44
44
44
44
44
44
49
45
43
46
46
43
46
46
48
46
46
47
48
48
51
48
48
49
49
49
73
49
49
49
50
49
49
53
49
49
50
50
50
51
51
51
52
52
55
52
52
55
53
49
53
53
49
53
53
53
54
54
55
54
56
56
56
56
56
56
56
56
56
57
57
57
57
57
58
58
58
58
58
58
57
58
58
59
59
59
60
60
60
60
61
61
61
61
61
61
61
61
61
61
61
61
61
61
61
62
57
62
62
63
63
63
63
63
63
63
65
64
56
64
64
64
64
65
65
64
65
65
64
63
63
63
63
66
67
66
66
66
70
67
67
67
67
67
67
67
67
67
67
67
67
67
67
67
67
67
67
68
67
68
68
67
68
68
68
69
69
69
69
69
69
69
69
69
69
70
70
70
70
70
70
70
70
71
71
71
71
71
71
71
71
44
71
71
71
71
71
71
72
72
72
72
75
72
72
73
73
71
73
73
73
73
73
74
74
74
74
53
75
75
75
75
53
76
76
76
76
76
10
53
75
30
1
3
4
22
24
21
20
25
25
19
18
15
13
6
6
6
22
22
22
7
7
28
28
28
28
46
49
43
45
42
40
69
68
68
67
67
63
56
37
37
38
38
38
38
38
41
41
36
36
23
23
27
27
27
27
27
27
28
28
28
28
8
29
29
51
28
28
35
35
35
60
60
60
60
60
60
59
59
30
30
35
34
31
30
30
29
29
30
69
28
34
23
8
24
44
69
61
57
28
29
29
31
29
29
30
38
5
61
42
76
56
