1
1
1
1
1
1
1
1
1
2
2
2
2
2
2
2
4
2
2
2
2
4
2
4
2
77
77
77
77
1
1
77
77
77
77
77
77
77
77
3
3
77
77
3
3
3
6
3
6
3
77
3
3
4
4
4
4
4
4
5
4
14
5
3
5
5
5
5
5
5
5
5
5
5
5
22
6
3
5
6
3
6
6
3
3
6
3
3
6
6
6
6
6
6
6
5
5
5
7
7
7
6
7
7
7
7
7
7
7
7
7
7
7
7
7
22
22
22
7
7
8
8
7
7
7
8
8
32
8
8
32
8
8
8
8
8
8
8
8
32
32
28
28
9
9
12
10
12
10
76
76
10
76
11
10
10
11
11
12
12
12
13
12
13
16
13
13
16
14
16
16
16
14
14
14
14
14
15
15
11
15
11
15
15
15
15
15
15
19
19
21
21
16
16
16
16
5
5
5
5
5
21
21
21
21
19
19
19
76
76
17
17
17
17
17
19
17
19
19
19
19
25
25
25
25
19
25
19
19
25
19
25
25
20
20
20
20
21
21
21
21
22
21
22
21
22
21
22
22
21
21
22
21
21
22
21
22
22
22
22
22
24
24
24
24
23
22
22
22
23
23
23
22
20
23
22
23
24
23
23
23
24
24
24
22
22
24
24
22
24
24
24
24
24
8
24
24
28
28
28
24
24
23
24
28
24
24
24
24
24
24
19
19
25
25
25
19
19
19
19
19
25
25
25
25
19
23
23
25
25
25
23
23
23
23
23
23
23
26
26
26
29
29
26
27
23
26
27
27
28
28
28
32
32
28
28
28
28
28
29
29
29
29
29
29
30
30
29
29
29
30
31
30
30
30
29
30
30
32
32
28
28
28
28
28
28
32
8
32
32
32
34
34
34
35
35
32
35
38
38
35
36
38
38
37
38
38
38
38
37
38
39
39
39
36
39
39
39
39
41
40
40
69
41
39
41
41
41
41
41
42
42
42
42
42
42
42
41
41
42
42
42
42
43
43
43
69
43
42
43
42
43
43
46
43
43
44
45
44
44
44
44
44
44
44
45
43
43
46
43
46
46
48
46
46
44
45
44
51
48
48
44
49
49
49
49
49
47
49
49
75
75
49
49
47
47
47
46
48
51
52
46
46
52
52
46
49
53
53
53
53
53
53
49
55
54
51
55
56
56
56
57
56
56
56
56
56
57
30
57
58
56
59
59
59
57
59
58
58
58
61
61
61
61
60
31
59
31
61
61
61
61
61
61
61
63
58
63
63
63
63
61
68
62
56
56
62
63
58
63
63
63
63
63
65
64
56
64
64
64
64
65
65
65
65
66
65
65
63
65
65
66
67
66
66
67
66
63
67
63
67
67
63
63
67
68
67
67
67
67
67
71
71
71
71
61
68
68
68
68
68
69
68
69
42
42
69
69
69
44
44
44
45
70
65
70
70
70
70
71
72
68
68
68
71
71
68
68
68
71
71
68
71
71
71
49
72
72
72
72
72
75
72
73
71
73
71
73
73
73
73
74
74
74
75
75
75
72
75
75
75
76
76
76
76
76
76
53
75
30
2
3
4
22
24
21
20
19
23
18
18
21
13
6
3
3
24
24
22
22
7
32
28
32
28
46
49
43
45
42
40
68
68
68
68
66
67
56
37
37
37
38
38
39
40
42
40
36
36
24
23
23
23
27
24
27
27
28
32
28
32
32
27
29
51
32
32
33
35
35
60
31
60
60
60
60
59
59
30
30
32
34
29
31
29
29
29
29
69
32
35
23
8
8
44
69
61
58
28
29
29
31
28
29
30
39
5
68
42
76
64
