1
1
1
1
1
1
1
1
1
2
1
1
2
2
2
2
2
2
2
2
13
2
2
4
2
77
77
77
77
77
77
77
77
77
77
77
77
77
77
77
77
77
3
3
3
3
3
3
3
3
3
3
3
4
4
4
4
4
5
4
4
5
4
5
5
5
5
5
5
5
5
5
5
5
5
5
3
6
6
6
6
3
6
6
6
6
6
6
6
6
6
6
6
6
5
5
6
6
6
6
6
6
6
6
6
6
6
7
7
7
7
7
7
7
7
7
7
7
7
7
7
7
7
7
7
8
8
8
8
8
8
32
8
8
8
8
8
8
8
32
8
8
7
9
9
10
10
10
10
10
10
11
10
12
10
11
11
11
12
12
12
12
12
13
13
13
14
14
16
14
14
14
14
16
14
14
14
15
15
12
17
11
17
15
15
15
15
15
15
15
16
16
16
16
16
16
16
5
16
16
16
16
16
16
16
17
17
17
76
76
76
17
17
18
17
17
18
19
19
19
19
19
19
19
19
19
19
19
19
19
19
19
18
20
20
20
20
20
21
16
16
16
21
21
22
5
5
5
5
22
22
22
23
20
20
23
23
22
22
22
22
22
22
22
24
22
23
23
23
23
23
23
23
23
23
23
23
23
23
23
27
24
24
24
24
24
22
24
24
24
24
24
24
24
24
24
24
24
24
24
24
24
23
24
24
24
28
24
24
24
24
25
19
18
18
25
19
19
25
25
19
25
25
25
25
25
25
25
25
25
29
25
25
27
23
26
23
25
26
23
26
26
26
27
27
27
27
27
27
28
28
28
28
32
28
28
28
28
28
29
29
31
29
30
29
30
30
30
30
30
30
30
30
30
30
30
30
30
28
28
28
31
31
31
31
31
32
8
28
33
35
60
34
34
35
35
35
35
35
35
35
36
36
38
38
38
38
40
40
38
40
38
39
39
39
39
41
41
39
40
40
40
42
41
41
40
41
41
41
41
41
41
41
42
42
42
42
42
42
42
42
42
43
43
43
43
43
43
43
43
43
43
46
43
43
43
44
44
69
44
44
44
44
44
44
45
46
46
46
46
46
46
46
46
46
47
48
45
48
48
48
44
49
49
49
49
49
50
50
49
49
49
49
49
50
50
50
46
51
51
46
51
46
46
46
52
49
53
53
53
53
53
53
50
50
50
55
54
30
30
56
56
56
56
56
56
56
30
57
57
57
56
59
58
58
30
58
58
58
59
58
59
59
59
60
60
60
60
61
61
61
61
61
61
61
67
61
61
67
61
61
61
61
57
62
62
62
58
58
63
63
63
63
62
64
64
56
64
64
64
64
62
65
65
65
65
65
66
66
65
65
66
66
65
65
66
66
67
67
67
67
67
67
67
67
67
67
67
67
67
67
68
67
67
67
67
68
68
68
67
68
68
67
69
69
69
69
69
69
68
69
69
69
70
70
70
70
70
70
70
70
71
71
71
71
71
71
71
71
71
73
71
71
71
73
71
72
72
72
72
72
75
72
73
73
73
73
73
49
73
73
72
72
74
75
75
75
75
75
75
75
76
76
76
76
76
10
53
75
30
1
3
5
22
22
21
20
25
29
19
18
16
4
6
6
6
22
22
24
7
7
28
28
28
28
46
71
43
45
42
40
68
67
67
68
66
66
56
37
37
38
38
38
38
40
41
41
36
36
23
23
23
23
27
23
27
29
28
28
28
28
8
29
29
51
28
32
35
35
35
59
60
59
60
60
60
59
59
29
30
35
35
31
35
29
29
29
30
69
28
35
23
7
24
44
42
61
58
29
29
29
35
29
29
59
38
5
67
42
76
56
