1
1
1
1
1
1
1
77
1
1
1
1
2
2
2
2
2
2
2
2
2
2
2
2
2
77
77
77
1
77
2
77
77
77
77
77
77
77
77
77
77
77
3
3
3
3
3
3
3
3
3
4
3
2
4
4
4
4
4
4
14
5
4
5
5
5
5
5
5
5
5
5
5
5
5
5
6
6
6
6
3
3
6
6
3
6
6
6
6
6
6
6
6
6
6
6
6
6
7
6
6
6
6
7
6
6
6
7
7
7
7
7
7
7
7
7
7
8
7
7
7
7
7
8
8
7
8
8
8
8
8
8
8
7
7
8
8
8
8
8
8
8
8
9
9
9
10
10
10
9
10
10
10
11
11
11
11
12
11
12
12
12
12
13
13
13
14
14
14
14
14
16
14
14
14
16
14
15
15
11
15
11
15
15
15
15
15
16
15
17
16
16
16
16
16
16
16
16
5
21
16
16
16
16
16
17
15
17
17
17
76
17
17
17
17
17
18
16
19
19
17
19
19
19
19
19
19
19
19
19
19
19
19
20
20
20
20
20
21
16
21
21
21
21
21
21
21
22
22
21
22
22
22
22
22
22
22
22
22
22
22
22
22
22
22
22
23
23
22
23
23
23
22
23
23
23
23
23
23
23
23
24
24
24
24
22
24
24
24
24
24
24
24
24
24
24
24
24
24
24
24
24
24
24
28
28
28
24
28
24
24
25
19
25
25
25
25
25
25
25
25
25
25
25
25
25
25
25
25
25
25
25
25
26
26
26
26
25
26
26
26
26
26
27
27
27
27
27
27
28
28
28
28
28
28
28
28
28
28
29
29
29
29
29
29
30
30
30
30
30
30
30
30
30
30
29
29
30
28
31
31
31
31
31
31
31
32
8
32
32
33
34
35
34
34
35
35
35
38
35
34
36
38
38
38
38
38
38
38
38
38
38
39
39
39
39
39
41
39
40
40
40
40
39
41
41
41
41
41
41
41
42
41
42
42
42
42
42
42
42
42
42
43
42
43
43
43
43
43
43
43
43
43
43
43
46
44
44
69
44
44
44
44
44
44
45
46
46
46
46
46
46
46
46
46
47
48
48
48
48
48
49
49
49
49
49
49
49
49
49
75
49
49
49
50
50
50
51
51
51
52
52
52
52
52
52
53
53
53
53
53
53
53
53
54
54
55
54
57
56
56
57
56
56
56
64
56
57
57
57
62
57
58
58
58
58
58
58
58
58
58
61
59
59
60
60
60
60
61
61
61
68
61
61
61
61
63
61
61
61
61
61
68
62
62
62
65
63
63
63
63
63
63
63
64
64
64
64
64
64
64
65
65
65
66
65
65
66
66
66
66
66
66
66
65
66
66
67
67
61
67
67
67
67
67
68
67
67
67
67
67
67
67
67
67
68
68
68
68
68
68
71
71
69
42
42
69
69
69
69
69
69
69
70
70
70
70
70
70
70
70
71
71
71
71
71
71
71
71
71
71
71
71
71
71
49
72
72
72
72
72
72
72
73
73
73
73
73
73
73
73
74
74
74
74
75
75
75
75
75
75
76
76
76
76
76
76
53
75
30
1
3
4
22
24
21
20
25
25
19
18
15
4
6
6
6
22
22
22
7
8
28
28
28
28
46
49
43
45
42
40
69
68
68
67
66
63
56
37
37
38
38
38
38
40
41
41
36
36
23
23
27
27
27
27
27
27
28
28
28
28
8
27
29
50
32
32
35
35
35
60
60
60
60
60
60
59
59
29
30
33
34
31
31
29
29
29
30
69
28
35
23
8
24
44
69
61
58
28
26
29
31
29
29
30
40
5
37
42
76
64
