1
2
1
1
77
1
1
77
1
1
1
2
2
13
2
4
4
2
4
4
13
4
2
4
4
77
77
77
77
77
4
77
77
77
77
77
3
3
3
77
3
3
3
3
3
3
3
3
3
3
3
3
3
4
14
14
14
14
4
4
14
14
4
5
4
5
5
5
6
6
5
5
5
7
5
5
6
6
6
6
6
6
6
6
6
6
6
6
6
6
6
6
6
6
6
7
7
7
6
7
6
6
6
6
6
6
7
7
7
7
7
7
7
7
7
5
7
7
7
7
7
7
7
7
7
8
8
8
8
8
8
8
8
8
8
8
8
8
8
8
8
8
8
9
9
11
10
11
10
76
76
76
76
11
11
11
11
11
11
11
12
13
13
13
13
4
14
14
16
14
14
14
14
16
14
14
14
16
15
11
15
17
17
15
15
15
15
15
15
15
16
16
16
16
16
16
16
16
16
16
22
16
16
16
16
17
17
17
76
76
76
76
18
18
17
17
18
19
19
19
15
15
19
19
19
19
19
19
19
19
19
25
19
19
20
20
20
20
16
16
16
16
16
16
22
16
21
5
16
22
22
16
20
16
20
20
22
16
22
16
16
16
24
24
22
22
22
22
23
23
23
23
23
23
23
23
23
23
23
23
23
24
7
24
24
24
24
24
24
24
24
24
24
24
24
24
24
24
24
24
24
24
24
24
24
24
24
28
24
24
24
19
19
25
25
25
23
23
23
23
25
25
25
25
23
23
23
23
25
25
29
29
29
23
23
29
23
29
29
26
26
27
29
27
27
27
27
27
27
8
28
27
27
8
28
28
8
8
8
29
29
29
29
29
29
29
30
30
30
30
30
31
30
30
30
30
30
30
31
28
28
31
28
31
31
28
8
8
8
8
28
60
34
34
35
35
35
38
38
35
35
38
38
38
35
38
38
38
38
35
38
41
38
41
41
41
39
39
39
40
42
40
42
41
41
41
41
41
41
41
42
42
42
42
41
41
41
42
42
42
42
69
42
43
43
43
43
43
43
46
43
43
46
43
43
46
45
44
69
44
44
49
44
49
49
45
46
46
46
43
46
46
48
46
46
44
48
48
51
48
48
49
49
49
49
49
49
49
47
49
75
53
49
49
44
47
47
48
48
51
46
46
46
46
55
52
53
53
53
53
53
53
53
53
54
54
51
54
30
56
56
56
56
56
56
56
56
57
57
56
58
56
58
58
57
58
58
58
61
61
61
61
59
59
60
31
31
31
61
61
59
61
61
61
61
63
63
63
61
61
61
61
61
62
62
62
62
63
58
62
58
63
66
66
62
64
56
56
64
64
62
65
62
65
65
66
65
66
66
66
65
66
66
66
66
66
66
67
67
67
61
67
67
67
67
68
68
67
67
66
67
67
68
67
71
67
68
68
68
68
68
71
68
69
69
69
69
69
69
69
69
69
69
70
66
66
70
70
70
72
72
71
68
71
71
72
71
71
71
71
73
71
71
71
73
73
72
72
72
75
75
72
72
73
73
73
73
73
73
73
73
74
74
74
74
75
72
72
75
75
75
76
76
76
76
76
76
53
75
30
4
3
4
5
7
22
20
23
25
19
19
15
4
6
6
6
7
7
22
7
7
28
8
8
8
46
49
43
45
42
42
42
61
42
67
63
63
56
37
37
35
38
38
38
38
41
41
38
36
23
23
23
27
23
23
27
27
28
27
28
28
8
27
29
51
32
32
33
35
35
60
60
59
60
34
60
58
31
30
30
35
34
29
31
29
29
29
30
69
28
35
23
7
24
69
42
59
58
28
29
29
31
29
30
30
41
5
61
42
76
62
