77
2
1
77
77
77
77
1
1
1
1
2
2
13
2
1
2
2
2
2
13
2
13
13
2
77
77
77
77
77
2
77
77
77
77
77
3
3
3
77
3
77
77
3
3
3
3
3
3
3
77
77
3
2
2
2
4
2
4
4
4
5
4
6
4
5
5
5
5
5
5
22
22
5
5
22
6
6
5
6
3
3
6
6
3
6
6
6
6
6
6
6
6
6
6
6
5
5
6
6
6
6
7
6
6
7
6
7
7
7
7
7
7
7
7
7
8
8
8
7
7
7
8
8
8
8
8
8
7
8
8
8
8
7
8
8
8
32
8
8
8
32
32
9
9
10
10
10
10
76
76
76
76
10
10
11
11
11
11
10
12
12
12
13
13
4
14
14
14
14
14
16
14
16
4
16
4
15
11
11
15
15
15
15
15
15
19
15
19
15
16
16
16
16
5
16
5
21
21
16
21
21
16
21
21
15
15
17
76
76
17
17
17
18
17
19
18
15
19
19
19
15
19
19
19
19
19
19
20
19
19
25
19
21
21
20
20
20
21
21
21
21
21
22
22
21
21
21
22
22
21
22
21
21
22
22
22
22
24
22
22
22
22
22
22
24
22
23
22
24
23
23
22
19
23
22
23
23
23
22
23
22
22
22
24
24
24
24
24
24
24
24
22
22
24
24
24
24
24
24
24
24
23
24
28
24
28
28
24
28
28
19
19
25
17
25
25
25
25
25
25
25
25
25
25
23
23
23
25
25
23
23
26
23
23
23
23
26
23
26
26
27
26
26
28
27
26
27
27
28
28
27
27
32
28
28
32
28
32
29
29
29
29
30
30
30
29
30
31
31
31
31
30
30
30
57
30
30
28
28
28
28
28
28
28
28
8
32
32
32
33
60
34
34
34
35
35
35
36
38
38
36
38
38
37
38
38
40
37
40
38
38
39
39
39
40
39
41
39
40
40
40
42
39
41
41
41
41
42
42
42
41
42
42
41
41
41
41
42
42
42
42
43
43
43
43
43
43
43
43
43
43
45
43
43
43
44
44
69
69
44
44
44
44
44
48
52
52
52
43
46
48
46
52
46
47
46
48
51
46
46
44
49
49
49
73
49
49
49
49
49
49
53
53
49
50
50
52
46
51
52
52
52
52
52
52
53
53
75
53
53
53
53
53
54
54
51
55
56
56
56
56
56
56
56
56
56
57
57
56
57
57
30
30
57
58
58
58
58
58
61
31
59
60
60
60
60
34
61
61
61
61
61
61
61
58
58
61
61
61
61
61
68
57
56
62
62
61
63
63
63
63
63
63
65
56
56
64
64
64
65
63
65
65
65
66
65
66
66
63
65
66
70
66
66
70
66
68
68
67
67
61
67
67
67
67
68
67
67
67
67
68
67
67
67
68
68
69
68
68
68
68
68
69
69
69
69
44
68
44
44
69
44
70
70
70
70
71
70
71
72
68
68
68
71
71
71
71
68
68
71
71
71
72
71
71
72
72
72
72
74
74
72
73
71
73
72
73
73
49
49
74
74
74
75
72
75
75
75
75
49
76
76
76
76
76
76
53
75
57
1
3
4
22
22
21
20
19
25
17
17
16
4
6
6
6
24
24
22
7
24
32
28
32
32
52
49
45
48
42
40
68
68
69
68
63
63
56
37
68
37
38
38
38
40
41
39
36
36
23
23
27
27
28
28
27
27
28
27
28
28
8
27
29
51
28
32
35
35
36
60
34
60
34
60
60
31
31
31
30
33
34
28
31
29
29
29
30
69
28
35
23
32
24
68
42
61
58
28
27
29
31
29
30
30
40
5
61
42
76
65
