1
1
1
1
1
1
1
1
1
1
1
2
2
13
2
1
1
13
2
4
13
4
2
2
2
77
77
77
77
77
77
77
77
77
77
77
77
77
77
77
77
77
3
3
3
3
3
3
3
3
3
3
3
4
4
4
4
4
4
4
4
4
4
4
5
4
5
5
6
5
5
5
5
5
5
5
6
6
6
6
6
3
3
6
6
6
6
6
6
6
6
6
6
6
6
6
6
7
6
6
6
7
6
7
6
6
7
7
7
7
7
7
7
7
7
7
7
7
7
7
7
7
7
7
7
8
8
8
8
8
8
8
8
8
8
8
8
8
32
8
28
8
8
9
9
9
10
10
10
10
10
10
11
11
10
11
11
11
11
11
11
13
11
13
13
4
14
14
14
14
14
14
14
14
14
14
14
12
15
15
15
15
15
15
15
15
15
15
15
15
16
16
16
16
16
16
14
16
16
16
16
16
16
16
16
17
17
17
17
17
17
17
17
17
17
17
18
19
19
19
19
19
19
19
19
19
19
19
19
19
19
25
19
20
20
20
20
22
21
20
20
22
22
22
21
21
21
22
22
22
22
22
22
22
22
22
22
22
23
22
22
5
22
22
22
23
22
23
22
23
23
23
23
23
23
23
23
23
23
23
23
24
24
24
24
24
24
24
24
24
24
24
24
24
24
24
24
24
24
24
24
24
24
24
24
24
24
24
24
24
24
25
25
25
18
25
25
25
25
25
25
25
25
25
25
23
25
25
25
25
25
25
25
23
23
26
26
26
26
26
26
26
26
26
27
27
27
27
29
28
28
28
28
28
28
28
28
28
28
29
29
29
29
29
29
30
30
30
30
30
30
30
30
30
30
30
30
30
28
28
28
31
28
28
28
31
32
32
32
32
34
34
35
34
34
35
35
35
38
35
35
36
38
38
38
38
40
38
38
38
38
40
39
39
39
39
39
39
39
40
40
40
40
41
41
41
41
41
41
41
41
41
42
42
42
42
42
42
42
42
42
42
43
43
43
43
69
43
43
43
43
43
43
43
43
43
45
45
44
44
44
44
44
45
44
45
46
46
43
43
46
46
46
46
48
47
48
45
48
48
48
49
49
49
49
49
49
49
49
49
49
49
49
49
50
50
50
48
51
47
46
46
52
46
55
52
49
53
53
53
53
53
53
53
54
54
55
54
57
56
56
57
56
56
56
56
56
57
57
57
57
57
58
30
58
58
30
30
58
58
58
59
59
59
60
60
60
60
61
61
61
61
61
61
61
61
58
61
61
61
61
61
61
62
62
62
62
61
63
62
63
63
63
62
64
56
64
64
64
64
64
65
65
65
65
65
65
66
66
66
65
66
66
66
66
70
66
67
67
61
67
66
67
67
67
67
67
67
67
67
67
67
67
67
67
68
68
68
68
68
68
69
71
69
69
69
69
69
69
71
69
69
69
70
65
70
70
70
70
70
72
71
71
71
71
71
71
71
71
71
71
71
71
71
71
71
72
72
72
72
72
75
72
73
73
73
73
73
73
73
73
75
75
74
74
75
75
75
75
75
75
76
76
76
76
76
76
53
75
30
1
3
4
5
22
21
20
25
25
19
18
15
14
6
6
6
5
22
22
22
7
28
28
28
28
46
49
46
45
42
40
40
61
68
67
66
63
56
37
37
37
38
38
38
40
41
40
38
36
23
23
27
27
27
27
27
27
27
28
28
28
8
29
29
51
33
28
35
35
35
60
60
60
60
60
60
59
59
30
30
34
34
30
59
30
29
29
30
69
28
35
23
8
24
44
69
59
58
28
29
29
31
29
29
30
40
5
61
42
76
56
