1
1
1
1
1
1
1
1
1
1
1
1
2
2
2
2
2
13
2
13
13
2
2
2
4
77
77
77
77
77
77
77
77
77
77
77
77
77
77
77
77
77
3
77
3
3
3
3
3
3
3
3
3
4
4
4
4
4
4
4
4
4
4
5
5
16
5
5
5
5
5
5
5
6
5
5
6
6
6
5
6
6
6
6
6
6
6
6
6
6
6
6
6
6
6
6
5
6
7
6
6
6
6
7
6
6
6
7
7
7
7
7
7
7
7
7
7
7
7
7
7
7
7
7
7
8
8
8
8
7
8
8
32
8
8
8
8
8
32
8
8
28
8
9
9
9
10
10
10
10
10
11
11
11
11
11
11
11
11
12
12
12
12
13
12
13
14
14
14
14
12
14
14
14
14
14
14
15
15
11
15
15
15
15
15
15
19
15
15
17
16
16
16
16
16
16
16
16
16
16
16
16
16
16
21
17
17
17
76
76
17
17
17
17
17
17
18
15
19
19
19
19
19
19
19
19
19
19
19
19
19
19
19
20
20
20
20
20
21
20
20
21
20
21
21
21
21
21
21
21
20
22
20
20
22
20
22
22
22
22
22
5
5
22
23
23
23
22
22
23
23
23
23
23
23
23
23
23
23
23
23
24
24
24
24
24
23
24
24
24
24
24
24
24
24
24
24
24
24
24
24
24
24
24
24
24
24
24
24
28
24
25
19
25
19
25
25
25
25
25
25
25
25
25
26
26
26
25
25
25
25
25
26
26
23
23
26
26
26
23
26
26
26
26
27
27
27
27
29
28
28
28
28
28
27
28
28
28
28
29
29
29
29
29
29
30
30
30
30
30
30
30
30
30
30
30
30
30
31
31
31
31
31
31
31
31
32
8
33
34
28
34
35
34
37
35
35
35
35
35
35
36
38
38
38
38
40
38
38
38
38
38
39
39
39
39
39
39
39
40
40
40
40
41
41
41
41
41
41
41
42
41
41
42
42
42
42
40
42
42
42
69
42
43
43
43
43
43
43
43
43
43
43
43
43
43
44
44
44
44
44
44
44
44
49
45
46
43
46
43
46
46
48
46
52
47
48
48
48
48
48
49
49
49
49
49
49
49
50
49
73
49
49
49
50
50
50
48
51
50
52
52
52
52
52
52
53
53
75
75
53
53
53
53
54
54
55
54
56
56
56
56
56
56
56
56
56
57
57
57
57
57
58
30
30
58
58
58
58
61
61
31
59
59
34
60
60
60
61
61
61
61
61
61
61
61
61
61
61
67
61
61
61
62
62
62
62
63
63
63
63
63
63
66
64
64
56
64
64
64
64
65
65
65
65
65
65
66
66
66
66
66
66
66
66
67
66
67
67
67
67
67
67
67
67
67
67
67
67
67
67
67
67
67
71
61
68
68
68
68
68
68
71
69
69
69
69
69
69
69
69
69
69
70
65
70
70
70
70
70
70
71
71
71
71
71
71
71
71
71
71
71
70
72
73
71
72
72
72
72
72
75
72
73
73
73
73
73
73
73
73
72
74
74
74
75
75
75
75
75
75
76
76
76
76
76
10
53
75
30
1
3
4
5
24
21
20
25
25
19
19
15
13
5
6
3
22
24
22
7
7
28
28
28
28
46
73
43
45
42
40
69
68
68
67
66
63
56
37
69
38
38
35
38
40
41
40
38
36
23
23
27
27
29
27
29
27
28
28
28
28
8
29
29
51
33
33
35
35
35
60
60
60
60
34
60
31
31
30
30
34
34
31
31
29
29
29
29
69
28
35
23
8
24
44
69
61
58
29
29
29
60
29
29
30
40
5
61
42
76
56
