1
2
2
1
1
1
1
1
1
1
1
2
2
13
13
2
2
13
2
13
13
13
2
4
2
77
77
77
2
2
2
4
77
77
77
77
77
77
77
77
77
77
4
4
4
3
3
3
3
3
4
4
3
4
4
4
4
4
4
4
4
4
4
4
5
5
5
5
5
5
5
5
5
5
5
5
4
5
5
4
5
3
6
6
3
5
5
5
6
6
5
6
6
6
6
5
5
5
5
7
6
6
6
7
6
7
7
7
7
7
7
7
7
7
7
22
22
22
7
7
7
7
7
7
22
8
8
8
8
8
8
32
32
8
8
32
8
8
32
32
32
32
8
9
9
9
10
12
10
9
76
10
10
11
11
11
11
11
11
12
12
12
12
13
13
13
13
13
14
14
14
14
14
14
14
14
14
12
11
15
15
11
15
15
15
15
15
15
15
18
16
16
16
16
16
16
16
16
16
16
21
16
16
16
16
17
17
17
17
76
17
17
17
18
17
17
18
19
19
19
18
18
18
19
19
19
20
20
20
19
19
18
19
20
20
20
20
20
21
21
21
21
21
21
21
21
21
21
21
22
22
21
21
21
21
21
21
22
22
22
22
22
22
22
22
22
22
22
22
23
23
23
23
23
23
23
23
23
23
23
27
24
24
24
22
24
24
24
24
24
24
24
24
24
24
24
24
24
24
24
24
24
23
27
27
27
28
28
28
28
28
20
18
18
18
25
25
20
20
26
25
25
25
25
26
20
26
26
25
25
26
26
26
27
27
27
27
26
27
26
27
26
26
27
27
27
27
27
27
28
28
27
27
28
27
28
28
28
28
29
29
29
29
29
29
30
30
30
30
30
30
31
30
30
30
30
30
30
31
31
31
31
31
31
31
31
32
32
32
32
33
34
34
34
34
35
35
35
35
35
35
36
38
38
38
38
38
38
38
38
38
38
36
39
39
39
39
39
39
40
40
40
40
41
41
40
41
41
41
41
41
41
41
41
42
42
42
42
42
42
42
42
42
43
43
43
43
43
42
43
43
43
46
43
43
46
45
45
69
44
44
44
44
44
49
45
46
46
46
46
46
46
46
46
46
47
48
48
48
48
48
49
49
49
49
49
49
50
50
49
75
53
49
49
50
50
50
46
51
51
52
52
52
52
52
52
53
53
53
53
53
53
53
53
54
54
55
55
56
56
56
56
56
56
56
56
56
57
57
57
57
57
58
58
58
58
58
58
58
58
58
59
59
59
60
31
31
60
61
61
61
61
61
61
61
61
61
61
61
61
61
61
68
62
62
62
62
63
63
63
63
63
63
63
64
64
64
64
64
64
64
65
65
65
65
65
65
66
66
66
65
66
66
66
66
66
65
67
67
67
67
67
67
67
67
68
67
67
67
67
67
67
67
67
67
61
68
68
68
68
68
68
68
69
69
69
69
69
69
69
44
69
69
70
70
70
70
70
70
70
72
71
71
71
71
71
71
71
71
71
71
71
72
71
71
49
72
72
72
72
72
72
72
73
73
73
72
73
73
73
73
74
74
74
74
75
75
75
75
75
75
76
76
76
76
76
9
53
75
30
1
3
4
22
22
21
20
20
25
18
18
12
13
5
5
3
22
22
22
22
22
28
28
28
28
46
49
46
45
42
40
40
68
68
67
66
63
56
37
37
38
38
38
40
40
41
40
36
36
23
23
27
27
27
27
27
27
27
27
27
27
8
29
29
51
32
32
33
33
35
60
60
60
60
60
60
59
59
30
30
33
34
31
31
29
29
29
30
69
28
35
23
32
24
44
69
61
58
28
29
29
31
29
29
30
40
5
61
42
76
56
