1
1
1
1
1
1
1
77
1
1
1
2
2
2
2
2
2
2
2
13
13
4
4
4
4
77
77
77
77
77
77
4
77
77
77
77
77
77
77
77
77
77
3
3
3
3
3
3
3
3
3
3
3
4
4
4
4
4
4
4
4
4
4
5
5
5
5
5
5
5
5
5
5
5
5
5
6
6
6
6
3
3
6
6
6
6
6
6
6
6
6
6
6
6
6
6
6
6
6
6
6
6
6
7
6
6
7
7
7
7
7
7
7
7
7
7
7
7
7
7
7
7
7
7
7
8
8
8
8
7
8
8
8
8
8
8
8
8
8
8
28
8
8
9
9
9
10
10
10
10
10
10
10
11
11
11
11
11
11
10
12
12
11
13
14
13
14
14
14
14
14
14
14
14
14
14
14
15
15
15
15
15
15
15
15
19
19
16
15
17
16
16
16
16
16
16
16
16
16
16
16
16
16
16
16
17
17
17
17
17
76
17
17
18
18
17
18
20
19
19
19
19
19
19
19
19
19
20
19
19
19
19
19
20
20
20
20
20
16
16
16
21
16
21
21
5
5
5
22
22
20
22
20
20
20
20
22
22
22
5
5
5
5
22
22
22
23
22
22
23
23
23
23
23
23
23
23
23
23
27
27
24
24
24
24
24
24
24
24
24
24
24
24
24
24
24
24
24
24
24
24
24
24
24
28
24
24
24
24
24
24
25
19
25
18
25
25
25
19
25
25
25
25
26
25
25
26
26
25
25
25
25
25
27
27
23
26
26
26
26
26
29
29
27
27
27
27
27
27
28
28
28
28
28
28
28
28
28
31
29
29
29
29
29
29
30
30
30
30
30
30
30
30
30
30
30
30
30
31
28
31
31
28
28
31
31
28
8
32
32
28
34
34
34
34
35
35
35
35
35
35
36
38
35
38
38
38
38
38
38
38
38
39
39
39
39
39
39
39
40
40
40
40
41
41
41
41
41
41
41
41
41
41
42
42
42
42
42
42
42
42
42
43
42
43
43
69
43
43
43
43
45
43
43
43
43
69
44
44
44
44
44
44
44
44
45
43
46
46
43
46
46
46
46
51
47
48
48
48
48
48
49
49
49
49
49
49
49
49
49
49
49
49
49
50
50
50
51
51
51
46
51
52
52
52
52
53
53
53
53
53
53
53
53
54
54
51
55
56
56
56
56
56
56
56
56
56
57
57
57
57
57
58
58
58
58
58
58
58
58
58
59
59
59
60
60
60
60
61
61
61
61
61
61
61
61
61
61
61
61
61
61
61
58
62
62
62
63
58
63
63
63
63
65
64
64
64
64
64
64
64
65
65
65
66
65
65
66
63
66
66
66
70
66
65
70
70
61
61
67
67
67
67
67
67
67
67
67
67
67
67
67
67
67
67
68
67
68
68
71
68
71
71
69
69
69
69
69
69
69
69
69
69
70
70
70
70
70
70
70
70
71
71
71
71
71
71
71
71
49
71
71
71
71
71
71
72
72
72
75
75
72
72
73
73
73
73
73
49
73
73
74
74
74
74
75
72
72
75
75
75
76
76
76
76
76
10
53
75
30
1
3
4
5
5
21
20
19
25
19
18
16
13
6
6
6
5
5
22
7
7
28
28
28
28
46
49
45
45
42
40
40
68
68
67
66
63
56
37
38
38
38
38
38
40
41
41
38
36
23
23
27
27
27
28
27
27
28
28
28
28
8
29
29
51
28
28
35
35
35
60
60
59
60
34
60
59
59
31
30
33
34
31
31
29
29
29
29
69
28
35
23
24
24
44
69
61
58
28
29
29
31
29
29
30
38
5
61
42
76
56
