1
2
1
1
1
77
77
1
77
1
1
2
2
2
1
1
2
2
2
2
2
4
4
2
77
77
77
77
77
77
77
77
3
77
3
77
77
77
77
77
3
3
3
3
3
3
3
3
6
3
4
6
3
2
2
4
4
4
4
4
4
4
5
4
5
5
5
5
6
5
5
5
5
5
5
21
6
6
5
5
6
3
3
6
5
5
6
6
6
6
6
7
6
6
6
5
7
7
6
6
7
6
6
7
6
6
7
7
7
7
7
7
7
7
7
5
5
5
7
7
7
7
8
7
8
7
8
8
8
7
32
8
8
8
8
8
8
8
8
8
32
8
8
9
9
11
10
11
10
10
76
10
76
11
11
11
11
12
12
12
12
12
12
13
14
2
14
14
16
14
16
16
16
16
14
14
14
15
11
11
15
11
11
15
15
15
15
15
15
17
15
15
16
16
16
21
16
5
21
21
21
16
16
16
21
17
15
17
76
76
76
76
17
17
17
17
18
19
19
15
19
19
25
19
15
19
19
20
19
19
25
25
25
19
20
22
19
22
21
16
16
16
22
22
21
21
21
21
22
21
22
22
22
16
23
22
22
22
22
22
21
22
22
22
22
22
23
22
23
22
23
23
23
23
23
23
23
23
23
27
27
24
24
22
22
24
24
24
22
22
24
24
24
24
24
24
24
24
24
24
24
24
23
24
28
24
24
28
24
24
24
19
25
25
19
25
19
19
19
19
19
25
25
19
25
23
25
19
25
25
25
25
26
27
27
27
23
27
27
29
27
29
29
27
27
27
29
29
27
32
28
27
27
32
28
27
32
28
28
29
30
29
29
29
29
30
30
29
30
30
31
31
29
30
30
29
29
29
28
28
28
28
28
28
28
28
32
8
32
32
32
34
34
34
34
35
35
35
35
35
35
36
38
38
37
38
38
38
38
39
38
38
36
39
39
39
39
39
39
40
40
39
42
41
41
40
39
41
41
41
42
41
39
42
41
41
41
40
42
42
42
69
43
42
42
43
43
43
43
52
43
43
43
43
43
52
69
44
69
44
69
44
44
44
44
45
52
52
46
43
46
46
46
46
46
49
45
45
45
51
48
44
49
49
49
49
49
53
47
53
49
49
53
53
47
47
47
46
55
51
52
46
46
52
52
52
53
49
75
75
75
53
53
53
54
54
52
55
56
56
56
56
56
56
56
56
64
57
56
56
57
56
30
58
30
58
58
58
58
58
61
61
59
60
60
31
60
60
61
61
61
61
37
37
61
61
61
61
61
61
61
61
68
65
62
62
65
61
63
66
63
63
66
66
64
64
56
56
64
64
64
65
62
62
65
65
65
66
66
66
65
66
66
66
66
66
65
67
61
67
61
67
67
67
67
67
68
68
67
66
67
67
67
67
71
67
67
68
68
68
68
68
68
68
69
69
69
69
69
68
68
68
69
65
70
70
70
65
70
71
70
71
71
71
71
71
71
72
72
71
72
71
72
72
71
71
72
72
72
75
75
75
72
73
73
73
73
73
73
73
72
74
74
74
75
75
75
75
75
75
75
76
76
76
76
76
10
53
75
30
77
6
4
21
22
21
22
19
27
19
19
15
13
6
6
6
22
22
22
5
22
32
28
32
32
46
73
46
45
42
39
68
68
68
68
63
63
56
37
68
38
39
38
39
39
39
39
36
36
23
23
27
27
27
27
29
27
28
27
28
28
8
29
29
55
32
32
33
33
35
60
60
60
60
60
60
31
60
31
29
32
34
28
31
29
30
29
30
69
28
35
23
8
28
68
42
37
61
28
29
30
31
29
29
30
38
21
61
42
76
56
