1
1
1
1
1
1
1
1
1
1
1
1
2
2
2
1
2
2
2
13
13
2
2
4
4
77
77
77
77
1
77
77
77
77
77
77
77
77
77
77
77
77
77
3
3
3
3
3
3
3
3
3
3
4
4
2
4
4
4
4
4
4
4
4
5
5
5
5
5
5
5
5
5
5
5
5
6
4
5
6
6
6
6
6
6
6
6
6
6
6
6
6
6
6
6
6
6
6
7
6
6
6
6
6
6
6
6
7
7
7
7
7
7
7
7
7
7
7
7
7
7
7
7
7
7
8
8
8
8
7
8
8
8
8
8
8
8
8
8
8
8
8
8
9
9
9
10
10
10
9
10
10
10
12
12
11
11
12
11
12
12
12
12
13
13
13
4
13
14
14
14
14
14
14
14
14
14
15
15
11
15
15
15
15
15
15
19
15
15
15
16
16
16
14
16
16
16
16
16
16
16
16
16
16
16
17
17
17
17
17
17
17
17
17
17
17
18
19
19
19
19
19
19
19
19
19
19
19
19
19
19
19
19
20
20
20
20
22
5
20
20
20
20
22
21
22
5
22
22
21
22
22
22
22
22
20
22
22
22
22
22
22
22
22
22
23
23
22
22
23
23
23
23
23
23
23
23
23
23
23
27
24
24
24
24
24
24
24
24
24
24
24
24
24
24
24
24
24
24
24
24
24
24
24
24
24
24
24
24
24
24
25
19
25
19
25
25
25
25
25
25
25
25
25
25
25
25
25
25
25
25
25
26
27
26
23
26
26
26
26
26
29
26
29
27
27
27
27
27
32
28
28
28
28
28
28
31
28
28
29
29
29
29
29
29
29
30
30
30
30
30
30
30
30
30
30
30
30
31
31
31
31
31
31
31
31
32
8
32
33
35
60
34
34
34
35
35
35
35
35
35
35
38
38
35
38
38
38
38
38
38
38
36
39
39
39
39
39
39
40
40
40
40
41
41
41
41
41
41
41
41
41
41
42
42
42
42
42
42
42
42
42
43
43
43
43
69
43
43
43
43
43
43
43
43
43
45
44
44
44
44
44
44
44
44
45
46
43
46
43
46
46
48
46
48
47
45
48
48
48
48
49
49
49
73
49
49
50
50
49
49
49
49
49
51
50
50
51
51
51
46
52
52
52
50
52
53
53
75
53
53
53
53
53
54
54
50
55
56
56
56
56
56
56
56
56
56
57
57
57
57
57
58
58
58
57
58
58
58
58
58
59
59
59
60
60
60
60
61
61
61
61
61
61
61
61
61
61
61
61
61
61
61
62
62
62
62
63
58
63
63
58
63
63
64
64
64
64
64
64
64
65
65
65
65
65
70
65
66
65
66
66
66
66
66
66
65
67
67
67
67
67
67
67
67
67
67
67
67
67
67
67
67
67
67
67
68
68
68
67
68
68
67
69
69
69
69
69
69
69
69
69
69
70
70
70
70
70
70
70
70
71
71
71
71
71
71
71
71
71
71
71
70
71
71
71
72
72
72
72
72
75
75
73
73
73
73
73
73
73
75
75
74
74
75
75
75
72
75
75
75
76
76
76
76
76
10
53
75
30
1
3
4
22
22
20
20
19
25
19
18
15
13
6
6
6
22
22
22
7
7
31
32
28
28
46
49
43
45
42
40
61
61
68
67
66
63
56
37
40
38
38
38
38
40
41
39
36
36
23
23
27
27
28
28
27
29
28
28
28
31
8
27
29
50
32
32
35
35
35
60
60
60
60
60
60
59
59
30
30
35
34
31
59
29
29
29
30
69
28
35
23
8
24
44
40
61
58
31
29
29
31
29
29
30
39
5
61
42
76
56
