1
1
1
1
1
1
1
77
1
1
1
2
2
2
1
1
2
2
2
4
2
2
2
4
2
77
77
77
77
77
2
2
77
77
77
77
77
77
77
77
77
77
3
3
3
3
3
3
3
3
4
3
3
4
4
4
4
4
4
4
4
4
4
5
5
5
5
5
5
5
5
5
5
5
5
5
3
6
6
6
3
3
6
6
6
6
6
6
6
6
6
6
6
6
6
6
6
6
7
6
6
6
7
6
6
6
6
7
7
7
7
7
7
7
7
5
7
7
7
7
7
7
7
7
7
8
8
8
8
8
8
8
8
8
8
8
8
32
8
8
8
8
8
9
9
9
10
10
10
10
10
10
10
10
11
11
15
11
11
12
12
12
14
13
13
13
14
14
14
14
14
14
14
14
14
16
14
15
11
15
15
11
15
15
15
15
15
15
15
15
16
16
16
16
16
16
5
16
16
16
16
16
16
16
16
15
17
17
17
17
76
17
17
17
17
17
18
15
19
19
17
19
17
19
19
19
19
19
25
25
19
19
19
20
20
20
20
20
21
21
21
21
21
21
21
21
21
22
22
21
22
22
22
22
22
22
22
22
22
22
22
22
22
22
22
22
22
22
22
24
23
22
23
23
23
23
23
23
23
23
27
22
22
22
24
24
24
24
24
24
24
24
24
24
24
24
24
24
24
24
24
24
24
24
24
24
24
28
24
24
28
25
19
25
18
25
25
25
25
25
25
25
25
25
25
23
25
25
25
25
25
25
25
27
26
26
26
26
26
26
26
27
29
27
27
27
27
27
27
32
28
27
28
28
28
28
28
28
28
29
29
29
29
29
29
30
29
30
30
30
30
30
30
29
30
30
30
30
31
31
31
31
31
28
31
31
32
32
32
33
33
34
34
34
34
35
35
35
35
35
35
36
38
38
38
38
38
38
38
38
38
38
36
39
39
39
39
39
39
40
40
40
40
41
39
41
41
41
41
41
42
42
42
42
42
42
42
42
40
42
42
42
43
43
43
43
43
43
43
43
43
43
43
43
43
43
45
44
45
44
44
44
44
44
44
45
43
46
46
46
46
46
46
46
46
47
48
45
51
48
48
49
49
49
49
49
49
49
49
49
49
49
49
49
50
50
50
51
51
51
52
52
52
52
52
51
54
53
53
53
53
53
53
53
54
54
55
54
56
56
56
57
56
56
56
56
56
57
57
57
62
57
58
58
58
58
58
58
58
58
58
59
59
59
60
60
59
60
61
61
61
61
61
61
61
61
63
61
61
61
61
68
61
62
62
56
62
63
63
63
63
63
63
65
64
64
64
64
64
64
64
65
65
65
65
65
64
66
66
66
66
66
66
66
66
66
66
67
61
67
67
67
67
67
61
67
67
67
67
67
67
67
71
67
67
68
68
68
68
68
68
68
68
68
69
69
69
69
69
69
44
69
45
70
70
70
70
70
70
70
70
71
71
67
71
71
71
71
71
71
73
71
71
71
73
73
72
72
72
72
72
72
72
73
73
73
73
73
73
73
73
74
74
74
75
75
75
72
75
75
49
76
76
76
76
76
76
53
75
56
1
3
4
22
22
21
20
25
25
19
18
15
13
5
6
6
22
22
22
7
7
28
28
28
28
46
49
45
45
42
68
68
68
68
68
66
63
56
37
37
38
38
38
38
40
41
41
36
36
23
24
27
27
27
27
27
27
28
28
28
28
8
29
29
51
32
32
35
35
35
60
60
60
60
60
60
58
59
30
30
33
34
31
31
29
29
29
29
69
28
35
23
8
24
44
69
61
58
28
29
29
31
29
29
30
38
5
61
42
76
56
