1
2
2
1
1
1
1
1
1
1
1
2
2
2
2
2
2
13
13
2
13
2
13
13
2
77
77
1
1
1
1
2
77
77
77
77
3
3
3
77
77
77
4
77
3
77
3
3
3
3
3
3
3
2
2
4
4
2
4
4
4
5
5
5
5
5
5
5
6
5
5
21
5
5
21
5
3
3
5
3
3
3
6
3
6
6
6
6
6
6
6
6
6
5
5
5
21
21
6
6
6
6
6
6
7
7
7
7
7
7
7
7
7
7
7
21
28
7
7
7
7
7
8
8
8
8
8
8
7
7
8
8
8
32
8
8
32
32
32
8
28
28
28
9
9
9
11
10
10
76
76
11
11
11
11
11
11
12
12
12
12
12
12
13
13
2
4
14
14
14
16
14
14
16
16
16
4
15
15
11
15
15
15
19
19
19
15
15
19
25
16
16
16
16
5
5
5
5
5
5
21
21
16
16
21
17
19
17
17
18
18
18
18
18
17
19
18
22
22
19
19
25
19
25
19
19
22
22
22
19
19
19
25
20
20
20
22
20
21
21
5
21
21
21
21
21
21
21
21
21
22
21
22
21
22
22
22
22
22
22
21
21
21
22
22
24
22
22
20
24
23
23
22
23
22
22
22
23
23
23
26
7
24
24
24
22
22
24
22
24
24
24
24
24
24
24
24
24
24
24
28
24
24
28
24
28
24
24
24
24
24
19
25
25
25
25
19
19
23
25
19
25
25
25
25
25
23
23
25
25
25
23
23
26
26
23
23
23
23
26
26
29
23
26
29
27
27
27
27
32
28
27
27
32
27
28
28
28
28
30
29
30
29
30
30
30
30
30
30
30
31
31
30
30
30
30
30
30
28
28
28
31
31
31
31
31
32
32
32
32
32
60
34
34
34
33
34
35
35
35
35
36
38
38
34
37
39
38
38
37
38
38
36
39
39
41
39
39
39
40
40
40
40
39
39
41
41
41
41
41
42
41
41
42
41
41
41
42
42
42
42
42
46
46
43
43
43
43
43
46
43
45
45
43
43
46
44
44
69
44
44
44
44
44
44
46
46
46
46
43
46
45
48
48
48
47
46
46
48
48
48
44
49
49
49
49
49
54
49
53
49
53
53
53
50
54
54
48
51
51
52
48
48
52
52
52
53
53
75
75
53
53
53
53
55
54
50
55
57
56
56
56
56
56
56
56
56
57
57
56
57
56
58
58
58
58
58
61
61
58
61
59
59
61
60
31
31
60
61
61
61
68
61
61
61
63
63
61
61
61
68
68
68
56
62
62
65
63
61
63
63
63
66
66
64
56
56
64
64
64
64
65
65
64
65
66
64
66
66
66
65
66
66
66
66
67
66
67
61
61
61
61
61
61
61
67
67
61
67
66
67
67
68
68
67
68
67
40
68
68
68
69
69
68
69
69
69
68
68
69
69
69
44
66
70
70
70
71
70
66
71
71
71
71
71
66
71
71
71
71
73
73
71
71
73
71
72
72
72
74
74
74
72
73
73
73
71
72
73
73
49
74
74
74
75
72
75
75
75
75
75
76
76
76
76
76
76
75
75
58
1
3
4
21
24
5
22
23
23
19
18
15
4
6
3
3
21
7
22
7
28
28
28
28
32
52
49
45
45
42
40
68
68
68
68
63
63
56
37
37
37
38
38
39
38
41
41
36
36
23
23
27
27
27
27
29
27
28
27
27
28
8
27
30
50
32
8
33
33
35
60
60
60
60
34
60
31
31
30
58
34
34
31
31
29
29
30
30
69
32
35
23
8
28
49
40
61
61
28
29
29
31
28
30
30
41
21
68
42
76
56
