1
2
1
1
77
77
1
1
1
2
1
2
2
2
4
4
4
2
2
4
13
4
2
4
4
77
77
77
77
1
77
77
77
77
77
77
77
77
77
77
77
4
3
77
3
3
3
3
3
3
3
3
3
4
4
4
4
4
3
4
16
16
16
4
4
4
4
5
5
4
5
5
5
5
5
22
6
6
5
6
3
6
6
6
3
6
6
6
6
6
6
6
6
7
7
7
7
7
6
6
7
6
6
6
6
6
6
7
7
7
7
7
7
7
7
5
7
7
7
7
7
7
7
7
7
8
8
8
7
8
7
8
8
8
8
8
8
8
8
8
8
8
24
9
9
76
10
10
10
76
10
11
11
10
10
11
10
11
11
12
12
12
13
13
13
13
14
14
14
14
14
16
14
14
14
14
16
15
11
11
15
11
15
15
15
15
19
16
19
15
16
16
16
16
14
16
16
16
22
16
22
22
16
16
22
15
15
17
76
76
17
17
17
18
17
19
18
16
19
19
19
19
19
19
19
19
19
20
20
20
19
25
19
20
20
20
20
20
22
16
16
16
22
16
16
22
21
22
22
22
16
16
20
20
20
20
22
22
22
22
22
22
22
22
22
22
22
23
23
23
23
23
23
23
23
23
23
23
23
23
23
24
7
22
24
22
22
23
23
24
24
22
22
24
24
24
24
24
24
24
24
24
24
24
24
24
24
24
24
24
24
20
20
25
18
25
23
23
23
23
23
25
25
25
23
23
23
23
25
25
25
25
25
27
23
25
25
25
25
26
26
26
29
27
27
27
27
29
27
8
24
27
27
8
28
28
28
32
32
29
30
29
30
30
29
30
30
30
30
30
30
30
30
30
30
30
30
58
31
32
31
32
32
32
32
28
8
8
32
32
33
34
35
34
34
35
35
35
35
38
38
36
36
36
34
37
38
38
38
40
38
38
36
36
39
39
39
39
39
40
40
40
69
41
41
40
41
41
41
41
42
42
42
42
42
42
42
42
42
42
69
69
43
43
43
43
43
43
43
43
43
43
46
43
43
43
69
69
69
69
69
44
69
44
44
45
46
43
46
43
46
46
46
46
48
44
46
46
46
48
48
49
49
44
49
49
49
49
49
75
49
49
75
49
51
47
47
46
46
46
46
46
46
46
52
51
53
75
75
75
75
53
53
53
54
54
55
55
56
56
56
56
56
56
56
56
56
57
56
57
58
57
31
58
58
57
58
58
58
58
61
61
59
59
60
60
31
31
61
61
61
61
61
61
61
61
61
67
61
61
61
61
61
58
56
62
62
63
58
65
63
63
63
65
62
64
64
64
64
64
64
65
65
65
65
65
65
65
66
66
65
65
66
66
66
66
66
67
67
61
61
67
67
67
67
67
68
68
67
67
67
67
67
67
67
61
68
69
68
68
68
68
67
69
69
69
69
69
69
69
69
69
69
66
66
70
70
70
70
66
70
71
68
67
67
71
71
71
71
69
71
71
71
71
71
71
72
72
72
72
74
74
72
73
71
73
72
73
73
72
49
74
74
74
75
75
75
74
75
75
49
76
76
76
76
76
76
53
75
58
1
3
4
22
7
22
20
20
25
18
18
16
4
6
6
6
22
7
22
7
7
28
24
24
32
46
49
43
45
69
40
61
61
68
68
66
63
56
37
37
37
38
38
38
40
41
41
36
35
23
24
23
27
27
23
27
27
23
27
24
27
8
29
30
51
32
32
35
35
35
60
60
60
60
60
60
31
31
30
58
32
33
30
30
30
30
29
30
69
32
38
23
24
24
44
69
61
58
28
29
29
31
27
29
30
40
5
61
42
76
62
