2
2
2
1
77
1
1
1
1
1
1
2
2
2
2
2
2
2
4
4
2
4
4
2
1
77
77
77
77
1
1
2
1
77
77
77
77
77
3
77
77
77
77
3
3
3
3
3
3
3
3
3
3
2
2
4
4
2
4
4
4
4
5
4
5
5
5
6
5
5
5
5
5
7
7
7
6
6
6
5
6
3
3
6
5
5
5
6
6
6
6
6
6
6
6
5
5
5
6
7
6
6
6
6
6
7
7
7
7
7
7
7
7
7
7
7
7
7
7
7
7
8
7
8
8
8
8
8
8
8
8
8
8
8
8
8
8
8
8
32
32
32
8
9
9
10
10
11
10
76
76
10
76
11
11
15
11
13
11
12
12
12
13
2
13
13
5
14
16
14
14
14
14
16
14
14
5
13
13
11
15
15
15
15
15
16
15
15
15
15
14
14
16
16
14
16
5
5
21
16
16
16
16
21
21
17
17
17
17
76
76
76
18
19
17
15
19
19
19
15
19
19
25
19
15
19
19
25
25
25
19
25
25
21
20
20
20
20
21
21
22
22
22
22
21
21
21
21
22
21
22
22
22
22
20
22
22
22
22
22
22
22
22
22
24
22
22
23
20
22
23
23
20
23
23
23
23
24
23
26
23
24
24
22
24
24
24
24
24
24
22
24
24
24
22
24
24
24
24
24
24
24
23
27
24
24
24
24
24
24
22
25
19
25
19
25
25
25
23
23
23
25
25
23
23
23
25
25
25
25
25
29
29
26
26
26
25
29
29
29
26
26
26
29
27
27
27
27
27
28
28
27
28
32
28
28
28
28
28
29
29
29
29
29
29
29
29
30
30
30
30
31
30
29
30
29
29
30
28
28
28
28
28
28
28
28
32
32
32
32
33
34
34
34
34
36
35
36
35
38
38
36
38
35
38
38
38
37
37
41
41
41
39
39
36
36
41
39
39
40
40
40
40
39
39
41
41
41
41
41
41
41
42
42
42
42
42
40
40
42
42
69
43
43
42
42
43
42
42
43
43
42
43
43
43
43
43
44
69
44
44
44
44
44
44
45
52
52
52
43
46
45
46
46
46
47
48
45
55
48
48
44
49
49
71
49
49
50
50
49
49
49
49
49
55
50
50
46
51
55
52
52
52
52
52
55
49
53
53
53
53
49
53
49
54
54
55
55
56
56
56
56
56
64
64
64
56
56
57
57
57
62
31
58
56
58
58
58
58
58
61
61
59
59
60
31
60
60
61
37
61
61
61
61
61
61
63
63
61
67
67
67
68
62
56
62
62
63
58
63
63
58
63
66
56
64
64
64
64
64
64
62
62
62
65
65
65
65
66
66
65
65
66
65
66
67
65
67
67
67
67
63
63
67
67
68
67
67
67
67
67
68
68
67
67
68
68
68
68
68
68
69
68
69
69
69
69
44
69
69
44
69
43
70
65
65
65
70
70
70
72
71
71
71
71
71
71
71
69
69
71
71
72
72
71
71
72
72
72
72
72
72
72
73
71
73
73
73
73
75
75
74
74
74
72
75
75
75
75
75
49
76
76
76
76
76
76
53
72
56
1
6
4
21
24
21
20
23
29
19
19
16
13
5
6
6
22
22
24
22
8
32
28
32
32
46
71
43
45
69
40
37
68
68
68
66
63
56
37
37
37
38
38
38
41
40
41
36
36
24
23
23
27
27
27
27
27
28
28
32
32
8
27
29
55
28
32
35
35
35
60
60
60
60
60
60
31
59
30
30
33
34
28
28
29
29
29
29
69
28
35
26
32
22
44
40
37
58
28
29
29
31
29
29
31
38
5
61
42
76
56
