1
1
1
1
1
1
1
1
1
1
1
2
2
13
2
2
2
13
2
4
13
4
2
2
4
77
77
77
77
77
77
4
77
77
77
77
77
77
77
77
77
77
3
3
3
3
3
3
3
3
3
4
3
4
4
4
4
4
4
4
4
4
4
5
5
4
5
5
5
5
5
5
5
5
5
5
6
5
6
6
3
3
3
6
6
6
6
6
6
6
6
6
6
6
6
5
6
6
6
6
7
6
6
6
6
6
7
7
7
7
7
7
7
7
7
7
7
7
7
7
7
7
7
7
7
8
8
8
8
8
8
8
8
7
8
8
8
8
8
8
8
8
8
9
9
10
10
10
10
10
10
10
10
11
10
10
11
11
11
12
12
12
11
13
14
4
14
14
14
14
14
14
16
14
14
14
14
15
15
15
15
15
17
17
15
15
15
15
15
15
16
16
16
16
16
16
16
16
16
16
16
16
16
16
16
17
17
17
17
17
17
18
18
18
17
17
18
15
19
19
19
19
19
19
19
19
19
19
19
19
19
19
19
20
20
19
19
19
21
20
20
20
20
20
22
5
5
5
22
20
20
20
20
20
20
20
22
20
20
22
5
22
22
22
22
22
22
22
20
23
23
23
22
22
23
23
23
23
23
23
23
24
24
24
24
24
24
24
24
24
24
24
24
24
24
24
24
24
24
24
24
24
24
24
24
24
24
24
24
24
28
25
25
25
17
25
25
25
23
23
25
25
25
25
25
26
26
26
25
25
25
25
25
23
26
23
26
26
26
26
27
26
26
27
27
27
27
27
29
28
28
29
29
28
29
28
28
28
28
29
29
29
29
29
29
30
29
30
30
30
30
30
30
30
30
30
30
30
33
33
28
28
28
28
28
31
32
8
33
33
33
60
34
34
34
34
35
35
35
35
35
36
38
38
38
38
38
40
38
40
38
38
36
39
39
39
39
39
39
40
40
40
42
41
41
41
41
41
41
41
42
41
42
42
42
42
41
42
42
42
42
69
43
42
42
43
43
43
43
42
43
43
46
46
43
43
45
44
45
44
44
44
44
44
44
45
52
52
46
52
46
46
46
46
48
47
48
48
48
48
48
71
71
49
71
49
49
50
49
49
49
49
49
49
51
50
50
51
51
51
52
52
52
52
52
52
53
53
75
53
53
53
53
53
54
54
55
51
56
56
56
56
56
56
64
64
56
57
57
57
57
57
59
58
58
58
58
58
58
58
58
59
59
59
60
60
60
60
58
61
61
61
61
61
61
61
61
61
61
61
61
61
61
62
62
62
62
61
63
63
63
63
66
63
64
64
64
64
64
64
64
65
65
65
65
65
65
66
66
66
66
67
67
66
66
67
70
67
67
67
67
67
67
67
67
67
67
67
67
67
67
67
67
67
67
61
68
68
68
68
68
71
68
69
69
69
69
69
69
69
69
69
69
70
65
65
70
70
70
70
70
71
71
71
71
71
71
71
71
71
71
71
71
71
71
71
72
72
72
72
72
75
75
73
73
73
73
73
49
73
75
75
75
74
75
75
75
75
75
75
75
76
76
76
76
76
10
53
75
30
2
3
4
22
22
21
19
19
26
17
17
15
14
6
6
6
22
7
22
7
7
28
28
28
28
52
71
43
45
69
40
69
68
68
67
63
63
56
37
69
38
38
38
38
40
41
41
36
36
23
23
23
23
27
27
27
29
27
28
27
28
8
27
29
51
33
28
35
35
35
60
60
60
34
60
60
59
59
30
30
34
34
28
59
29
29
30
30
69
33
35
23
8
24
44
69
61
57
28
26
29
31
29
29
59
38
5
61
42
76
64
