1
2
2
1
1
1
1
1
1
2
2
2
2
2
2
2
1
2
1
13
2
13
2
2
2
77
77
77
1
77
1
4
77
77
77
77
77
77
77
77
77
77
77
3
3
3
3
3
6
3
4
3
3
4
4
4
4
4
4
14
14
5
4
5
4
5
5
5
5
5
5
7
7
5
5
7
3
3
5
5
6
3
3
6
6
6
6
6
6
6
6
6
6
5
5
7
7
7
6
6
7
7
6
7
6
6
7
8
7
7
7
7
7
7
7
7
22
24
8
7
8
8
7
7
8
8
8
8
8
8
8
8
8
32
8
8
32
32
8
32
28
28
8
9
9
10
10
10
10
76
10
11
11
11
11
11
12
12
12
11
12
13
12
13
13
13
4
14
16
14
14
14
14
16
14
16
14
15
15
12
15
15
15
19
19
15
15
19
19
17
15
16
16
16
16
21
16
5
21
21
21
21
16
16
21
17
19
17
76
76
76
76
18
18
17
17
18
19
19
19
19
19
19
25
25
19
25
19
19
25
19
19
19
20
20
20
19
20
21
16
21
21
21
22
21
21
21
22
22
21
22
22
22
16
22
16
22
22
22
22
22
22
22
22
22
24
22
23
22
22
24
23
22
22
23
23
23
24
24
26
26
24
22
22
24
22
24
24
22
24
24
24
24
24
24
24
24
24
28
28
28
24
24
24
24
28
24
24
24
24
28
25
25
25
25
25
19
19
19
19
25
25
25
23
19
19
23
23
25
25
25
23
26
26
26
23
23
26
26
26
27
27
25
26
27
26
26
26
28
28
28
28
28
32
27
28
28
28
28
29
27
29
29
29
29
29
29
30
30
29
29
30
30
30
56
30
30
30
33
28
28
28
28
28
28
31
8
32
32
32
33
34
35
34
34
35
35
35
35
38
34
36
36
35
37
38
38
40
37
37
40
40
39
39
36
39
39
39
39
41
41
40
40
41
41
41
41
41
42
41
41
42
42
41
42
42
42
42
40
40
69
40
43
42
42
43
43
43
43
43
46
46
46
43
43
43
45
44
44
44
69
44
44
44
49
45
52
46
46
43
46
46
46
52
48
47
45
45
48
48
48
44
49
49
49
49
49
49
50
49
49
53
53
49
50
50
50
48
51
50
52
48
52
52
52
55
49
53
75
75
53
53
53
53
55
54
55
55
56
56
56
56
56
56
56
56
56
56
56
57
58
57
59
58
58
58
59
59
59
58
58
59
59
61
60
31
60
60
61
61
61
68
61
61
61
61
61
61
63
67
67
68
68
57
62
62
62
58
58
63
63
58
63
62
64
56
56
64
64
64
64
65
62
65
65
65
64
67
63
66
66
67
67
66
66
66
65
67
67
67
63
63
63
67
67
68
68
67
63
67
67
67
67
67
66
68
68
68
68
68
68
71
68
68
69
69
69
69
69
44
69
69
69
65
65
65
70
70
70
67
72
71
68
67
67
67
67
67
71
44
71
67
71
71
71
73
72
72
72
74
74
72
72
73
71
73
71
73
73
73
72
74
74
74
74
72
75
74
75
75
75
76
76
76
76
76
76
53
74
56
1
6
4
21
22
21
20
19
25
17
17
19
4
5
6
3
22
22
22
22
24
28
28
32
28
48
49
43
45
42
40
68
61
68
68
63
63
56
37
37
37
38
38
35
40
42
41
36
35
24
27
27
27
27
28
27
28
28
27
28
28
8
27
27
51
32
32
35
35
38
31
31
60
60
60
60
59
31
30
30
33
33
59
59
29
29
29
29
69
33
35
23
8
24
44
69
61
58
27
27
29
31
27
30
30
38
5
61
42
76
62
