1
2
1
1
77
1
1
1
1
1
1
2
2
2
2
2
4
4
4
2
2
4
2
4
4
77
77
77
77
77
4
77
77
77
3
77
3
3
3
3
77
77
4
3
3
3
3
6
6
3
3
3
3
4
14
4
2
4
4
4
14
5
5
5
5
5
5
5
5
5
5
5
22
5
5
22
6
6
5
5
6
3
3
6
6
5
6
3
6
6
6
6
6
6
6
5
5
6
6
6
7
6
6
6
7
7
6
7
6
7
7
7
7
7
7
7
7
28
7
7
7
7
7
7
7
8
8
8
8
7
8
8
8
8
8
8
8
8
8
8
8
8
8
9
9
10
10
10
10
10
76
10
76
11
10
11
11
11
11
12
12
12
15
13
13
2
14
13
14
14
14
16
16
14
14
14
14
15
15
15
15
11
15
15
15
16
15
16
15
17
15
16
21
16
14
16
16
16
21
16
16
21
21
16
21
17
17
17
17
76
17
17
17
17
17
17
18
19
16
19
17
19
19
19
19
19
19
19
19
19
19
25
19
20
20
20
19
20
21
21
21
21
21
22
22
22
21
22
22
22
22
22
22
22
20
20
20
22
24
24
22
22
22
22
22
24
22
22
22
24
22
24
22
23
23
23
23
24
23
26
23
24
24
22
24
24
24
24
24
24
24
24
24
24
28
24
24
24
24
24
24
24
24
24
24
28
28
24
28
28
28
19
25
25
25
25
25
25
26
26
26
25
25
25
25
26
25
25
25
25
25
25
26
27
26
25
25
26
26
26
26
26
29
27
23
27
27
27
27
28
28
27
27
32
28
28
33
28
28
29
30
29
29
30
29
30
30
30
30
29
30
31
30
30
30
29
29
56
28
28
31
60
31
31
31
31
32
8
32
33
33
34
35
34
34
35
35
35
38
35
34
36
38
38
34
38
38
37
37
37
40
39
39
39
39
41
39
39
39
40
40
40
69
41
39
41
41
41
41
41
42
42
42
42
42
42
40
40
40
42
42
42
42
42
43
42
43
43
42
43
43
43
46
43
43
43
43
44
43
44
44
49
49
44
44
45
43
46
46
43
46
46
46
46
46
44
45
45
44
48
48
49
49
47
49
49
49
49
47
49
49
53
53
49
47
47
47
46
51
51
46
52
46
46
46
52
53
53
75
75
53
53
53
53
55
54
52
55
56
56
56
56
56
56
56
64
64
58
57
57
57
62
59
58
56
58
58
58
58
58
61
59
61
59
60
60
60
60
61
37
61
61
37
37
37
61
58
61
61
61
61
61
68
62
56
62
62
61
61
63
63
63
63
65
56
56
64
64
64
64
64
65
65
65
65
66
65
63
66
66
66
66
66
66
66
66
70
67
67
67
61
61
61
67
67
68
67
67
67
67
66
67
67
67
67
61
68
68
68
68
68
68
71
69
69
69
69
44
69
71
44
69
43
70
70
70
70
70
70
70
70
71
71
70
70
71
70
71
71
71
71
71
71
71
71
49
72
72
72
72
75
72
72
73
71
73
73
73
73
72
72
75
74
74
74
72
72
75
75
75
72
76
76
76
76
76
10
53
74
56
77
6
3
22
24
21
20
23
25
19
25
16
13
6
6
3
22
22
22
22
28
33
28
33
33
46
49
43
45
42
40
37
68
68
68
63
63
56
37
37
38
38
38
38
40
42
41
36
36
23
23
27
23
23
23
27
27
24
28
28
33
8
29
30
52
32
32
35
35
35
60
60
60
60
60
60
59
59
30
30
33
60
31
31
29
29
29
29
69
33
34
26
7
28
71
69
37
58
28
29
29
60
28
29
30
39
5
61
42
76
56
