1
1
1
1
1
1
1
1
77
1
1
1
1
1
1
1
1
1
1
13
1
1
1
1
1
77
77
77
77
77
77
77
3
77
3
77
77
77
77
77
3
4
4
3
3
3
3
3
3
3
3
4
3
4
4
4
4
4
4
4
4
4
4
5
5
5
5
5
5
5
5
5
5
5
5
5
6
6
6
6
6
6
6
3
6
6
6
6
6
6
6
7
6
6
6
6
5
6
6
6
7
6
7
6
6
6
6
7
7
7
7
7
7
7
7
7
7
7
7
7
7
8
7
7
7
8
8
8
8
8
8
8
8
8
8
8
8
32
8
8
8
8
8
9
9
9
10
10
10
10
10
10
10
11
11
10
11
11
11
12
12
12
12
13
13
13
14
14
14
14
14
14
14
14
14
14
4
15
15
11
15
15
15
15
15
15
15
15
15
15
16
16
16
16
16
16
16
16
16
21
16
16
16
21
16
17
17
17
17
17
17
17
17
17
17
17
19
19
19
15
19
19
25
19
15
19
19
19
19
19
19
25
19
20
20
20
20
20
21
21
21
21
21
22
21
22
21
22
22
22
22
22
22
22
22
22
22
22
22
22
21
21
22
22
22
24
23
22
22
23
23
23
23
23
23
23
23
23
27
23
27
24
24
22
24
24
24
24
24
24
24
24
24
24
24
24
24
24
24
28
24
24
23
24
28
24
28
28
28
24
24
25
25
25
25
25
25
23
25
23
25
25
25
25
25
25
25
25
25
25
25
25
26
27
26
26
26
26
26
26
26
26
26
27
27
27
27
27
27
28
28
28
28
28
29
28
28
28
28
29
29
31
29
29
29
30
30
30
30
30
30
30
30
30
30
29
30
30
31
31
28
31
28
31
31
31
32
32
32
33
33
34
35
34
34
35
35
35
36
35
35
36
38
38
38
37
38
38
38
38
38
38
39
39
39
39
39
41
39
40
40
40
42
41
41
40
41
41
41
41
41
42
41
42
42
41
42
40
42
42
42
42
42
43
43
43
43
43
43
43
46
43
46
43
43
43
44
44
44
44
44
44
44
44
44
45
43
46
46
43
46
46
48
46
46
47
48
45
48
48
48
49
49
49
49
49
49
47
47
49
49
49
49
49
47
47
47
46
51
48
52
52
52
52
52
52
53
53
75
75
53
53
53
53
54
54
55
55
56
56
56
56
56
56
56
56
56
57
57
57
57
57
30
58
58
58
58
58
58
58
58
59
59
59
60
60
31
60
61
61
61
61
61
61
61
61
63
61
61
61
61
61
68
57
62
62
65
63
63
63
63
63
66
63
64
64
56
56
64
64
64
65
65
65
65
65
65
63
66
66
66
63
66
63
66
66
66
61
61
67
61
61
67
67
67
67
67
67
67
67
67
67
71
67
67
61
68
68
68
68
68
68
68
68
69
69
69
69
69
71
71
69
69
70
70
70
70
70
70
70
70
71
71
67
67
71
71
71
71
71
71
71
71
73
73
71
72
72
72
72
72
72
75
49
73
73
72
73
49
73
73
75
74
74
74
75
75
75
75
75
49
76
76
76
76
76
10
53
75
30
1
3
4
21
24
21
20
23
25
19
19
15
13
6
6
3
22
22
22
22
22
28
24
28
28
46
49
43
45
42
40
68
68
68
67
63
63
56
37
37
37
38
38
39
40
41
41
36
36
23
23
27
27
28
28
27
28
28
28
28
28
8
29
29
51
32
32
35
35
35
60
60
60
60
60
60
59
31
30
30
35
34
31
31
29
29
29
30
69
28
35
23
8
24
44
69
61
58
28
29
29
31
29
29
30
38
5
61
42
76
56
