1
2
1
77
77
1
1
2
1
2
1
2
2
2
2
2
1
2
1
4
13
4
2
2
2
77
77
77
77
2
2
77
77
77
4
77
4
77
3
77
4
4
4
3
3
3
3
3
3
3
3
4
3
77
77
4
4
77
4
77
4
4
4
4
4
4
5
5
5
5
5
5
5
6
5
5
3
4
5
6
3
3
6
6
6
6
5
5
6
6
6
6
6
5
5
6
5
5
6
6
6
6
7
6
7
7
6
7
6
6
7
7
6
6
7
5
6
7
7
7
7
7
7
7
7
8
8
8
7
8
7
8
32
8
8
8
32
32
32
8
8
8
7
9
9
10
10
10
10
76
76
11
11
11
10
11
11
11
11
11
12
12
14
13
13
4
14
14
14
13
14
16
16
16
14
14
4
14
11
15
15
11
15
15
15
16
16
16
19
19
16
16
16
16
16
21
16
21
21
21
16
16
21
21
21
15
15
17
76
76
76
76
17
18
17
19
18
21
21
19
19
19
25
25
19
19
21
21
23
19
19
25
19
21
22
20
20
22
21
21
21
22
21
22
22
21
21
22
21
22
22
22
22
22
22
22
22
22
22
22
22
24
24
22
22
22
22
22
22
23
23
23
23
23
23
23
26
23
26
26
23
24
24
22
22
24
22
24
24
24
22
22
24
24
24
24
28
28
24
24
24
24
23
27
24
28
28
28
24
24
24
25
19
25
18
25
19
25
23
25
25
25
25
25
23
23
23
25
25
25
25
23
23
23
26
23
23
23
26
26
29
29
29
23
27
27
27
27
29
28
28
28
28
32
28
28
28
32
28
29
29
27
30
30
29
30
29
30
30
30
28
30
30
29
29
29
29
30
31
28
28
28
28
28
28
28
32
32
32
32
34
60
34
34
34
35
35
35
35
38
35
36
38
38
38
38
38
37
37
37
40
38
39
39
39
39
39
41
39
41
41
40
41
41
41
41
40
41
42
42
42
41
41
42
41
41
41
41
41
42
42
69
43
43
42
43
43
43
43
43
43
43
46
43
43
43
45
48
44
44
69
44
44
44
49
45
46
43
46
43
46
46
48
46
52
48
48
45
48
48
48
44
49
49
49
49
49
49
47
49
49
53
49
53
47
47
47
52
52
47
46
52
52
46
46
46
53
53
53
53
53
54
53
54
54
54
51
55
56
56
56
56
56
56
56
56
56
57
56
57
57
57
31
30
57
57
57
58
58
58
58
59
59
60
34
31
59
31
59
59
61
61
67
61
61
61
58
61
61
61
67
67
68
65
62
62
65
61
63
65
63
63
63
66
56
56
56
64
64
64
56
65
65
65
66
66
65
66
66
66
66
66
67
67
66
66
70
67
67
67
61
67
67
67
67
68
68
68
68
67
67
67
67
67
71
67
67
69
68
68
68
71
71
71
69
69
69
69
71
69
69
44
44
70
66
70
70
70
70
70
72
71
71
71
71
70
71
71
71
71
71
71
72
71
71
71
72
72
72
72
75
72
72
73
73
73
72
73
49
73
73
74
74
74
74
75
75
75
74
74
75
76
76
76
76
76
76
53
74
30
1
3
4
21
24
21
20
23
25
18
18
16
14
6
5
3
24
24
22
7
7
28
28
32
32
52
44
43
45
42
40
69
68
68
68
66
67
56
34
37
38
38
38
38
40
41
40
38
36
23
23
27
23
27
27
29
27
28
28
32
28
8
27
30
51
33
32
35
35
38
60
31
60
60
60
34
31
59
28
30
35
34
28
28
30
29
30
30
69
33
35
26
7
24
44
69
61
58
28
29
29
31
27
29
30
39
5
61
42
76
56
