1
2
1
1
1
1
1
1
1
1
1
2
2
2
2
2
2
2
2
4
13
2
2
4
2
77
77
1
1
1
2
2
1
77
1
77
1
77
77
77
77
2
4
3
77
77
3
77
3
3
4
6
3
4
4
4
4
4
4
4
4
4
4
5
5
5
5
5
5
5
5
5
5
5
5
5
3
6
6
6
3
3
3
3
6
6
6
3
6
6
3
3
6
6
6
6
7
6
6
6
6
6
6
7
6
7
7
7
7
7
7
6
7
7
7
7
7
7
7
7
7
7
7
7
7
8
8
8
8
7
8
8
8
8
8
8
8
8
8
32
8
8
8
9
9
12
10
12
10
10
10
10
10
11
11
11
11
12
12
12
12
13
12
13
14
13
14
14
14
14
12
14
14
16
14
14
14
15
15
15
15
15
15
15
15
15
15
15
19
15
16
16
16
16
16
16
16
16
16
16
16
16
16
16
16
15
17
17
17
17
17
17
17
17
18
17
18
19
19
19
19
19
19
19
19
19
19
19
19
19
19
25
19
20
20
20
19
20
21
21
21
21
21
21
21
21
21
21
22
22
22
22
22
22
22
22
22
22
22
22
22
22
22
22
22
22
22
22
22
22
23
22
23
20
23
23
23
23
23
23
27
24
22
24
24
24
24
22
24
24
24
24
24
24
24
24
24
24
24
24
24
24
24
24
24
24
24
24
24
28
24
25
25
25
19
25
25
25
25
25
25
25
25
25
25
27
26
25
25
25
25
25
26
26
27
26
26
26
26
27
27
26
26
26
26
26
26
26
26
28
27
28
28
28
28
28
28
28
31
29
30
30
30
30
30
30
30
30
30
30
30
30
30
30
30
30
30
30
31
31
31
31
29
31
31
31
32
8
33
33
34
34
34
34
38
34
34
35
38
38
34
38
38
38
38
38
36
38
38
38
38
38
39
39
36
36
40
39
39
40
40
40
40
39
41
40
40
41
41
41
41
42
41
42
42
42
42
40
42
42
42
42
43
43
43
43
43
43
43
46
43
43
43
43
43
46
44
47
44
47
44
44
44
44
44
46
46
46
46
43
46
46
46
46
46
47
51
47
47
48
51
44
49
49
49
73
49
50
49
49
49
49
49
49
50
50
50
51
50
50
52
51
52
52
52
52
53
49
75
53
53
53
53
53
54
51
55
55
56
56
56
57
56
56
56
56
56
57
57
57
57
57
59
58
57
58
58
58
58
58
58
59
59
59
60
60
60
60
58
58
61
61
59
59
61
61
61
63
63
61
61
61
61
58
57
62
62
63
58
63
63
63
65
62
64
64
64
64
64
64
64
65
62
65
65
65
65
63
65
65
65
66
63
66
66
66
65
67
67
67
63
63
67
67
67
67
67
67
67
63
66
66
67
67
67
68
68
68
68
67
69
71
71
69
69
42
69
69
69
44
44
43
43
70
65
65
70
70
70
71
73
71
71
71
71
71
71
71
71
71
71
71
71
71
71
71
73
72
72
72
72
72
72
71
73
71
73
73
73
73
72
72
74
74
74
49
72
72
75
75
75
76
76
76
76
76
10
53
75
30
2
3
4
22
22
21
20
19
29
19
18
15
13
6
6
6
22
22
22
22
7
28
28
28
28
46
49
43
45
42
40
68
61
61
67
63
65
56
61
37
38
38
38
36
40
41
40
36
36
23
23
27
27
27
24
26
27
27
28
27
28
8
29
29
51
31
32
34
38
38
60
60
60
60
60
60
59
59
30
30
33
34
31
31
30
29
29
29
42
31
34
27
8
24
44
69
59
58
29
29
30
31
29
30
30
38
5
61
42
76
56
