1
2
1
1
1
1
77
1
77
1
1
2
2
2
2
2
2
2
2
2
13
2
2
2
2
77
77
77
1
77
1
1
1
77
1
77
77
77
77
77
3
1
1
3
3
77
3
3
3
3
4
6
3
4
4
4
2
4
4
4
4
4
4
5
5
5
5
5
5
5
5
5
5
5
5
5
6
5
5
5
6
6
6
6
6
6
5
6
7
6
6
6
6
5
5
5
5
6
6
6
7
6
7
6
6
6
6
7
7
7
7
7
7
7
7
5
22
7
7
7
7
7
7
7
7
8
8
8
8
8
8
8
8
8
32
8
8
32
8
8
8
8
8
9
9
9
11
10
10
10
10
10
11
11
11
11
11
12
11
12
12
12
12
13
14
13
14
14
14
14
14
14
14
14
14
14
14
15
11
15
15
11
15
15
15
15
19
15
15
15
16
16
16
16
16
16
16
16
16
21
16
16
16
16
16
17
17
17
17
17
17
17
17
18
18
17
18
19
19
19
19
15
19
19
19
19
19
19
19
19
19
19
19
16
20
20
20
20
21
21
21
21
21
21
21
21
21
22
22
22
22
22
22
22
22
22
22
22
22
22
22
22
22
22
22
22
22
22
22
23
23
22
20
20
23
23
23
23
23
23
23
24
24
22
24
24
24
24
24
24
24
24
24
24
24
28
24
24
24
24
24
24
24
24
24
24
24
28
28
24
24
25
19
25
25
25
25
25
25
25
25
25
25
26
25
25
26
25
25
25
25
25
25
26
26
26
26
25
26
26
26
26
25
27
27
27
27
25
27
28
24
24
24
28
27
27
31
31
31
29
29
31
29
29
29
29
29
30
30
30
30
30
30
30
30
57
30
30
31
31
31
31
31
31
31
31
32
33
33
33
34
34
34
34
38
35
34
35
38
35
35
36
36
38
38
35
38
38
38
40
38
40
39
38
38
41
38
38
39
40
40
40
40
41
41
40
42
41
41
41
41
42
41
42
42
42
42
42
42
42
42
42
42
43
42
43
43
43
43
43
46
43
46
43
43
43
44
44
44
44
44
49
44
44
44
45
43
46
46
46
46
46
46
46
46
47
47
47
47
48
51
49
44
49
49
73
49
50
49
49
49
49
49
54
50
50
50
51
47
47
52
52
52
52
55
52
54
53
53
53
53
54
53
54
54
54
55
55
56
56
56
56
56
56
56
64
64
57
57
57
57
57
30
58
57
57
58
58
58
63
63
59
59
59
60
60
59
60
63
61
60
68
61
61
61
61
63
63
63
61
61
68
68
62
62
62
62
63
63
63
63
63
63
65
56
64
64
64
64
64
64
65
62
64
65
65
64
65
65
65
65
65
66
66
66
66
65
67
61
67
63
63
67
67
61
67
67
67
67
63
67
67
71
71
66
68
68
40
68
68
69
69
69
40
69
42
69
69
69
69
69
69
44
70
65
70
70
70
70
70
72
69
71
71
71
71
71
71
71
71
71
71
72
71
71
71
72
72
72
72
72
72
72
71
73
71
72
73
73
73
73
75
74
74
74
75
75
72
75
75
75
76
76
76
76
76
10
53
75
57
1
3
4
22
22
21
20
19
25
19
18
15
13
5
6
3
22
22
22
22
8
28
28
28
31
46
71
43
45
69
40
61
68
68
68
66
66
56
60
37
38
35
35
38
40
42
41
36
36
23
27
23
27
27
27
27
27
24
28
28
31
8
29
29
55
28
33
34
35
35
60
60
60
60
60
60
59
59
31
57
34
34
31
31
30
29
29
29
69
28
35
26
8
24
44
40
61
57
31
25
29
34
29
30
30
38
5
61
42
76
56
