1
1
1
1
1
1
1
1
1
1
1
2
2
2
2
2
2
2
2
13
2
2
2
2
2
77
77
4
1
4
4
4
4
77
4
77
4
77
4
77
77
77
77
77
77
3
3
3
3
3
3
4
3
4
13
4
13
4
4
4
4
14
5
5
5
5
5
5
5
5
5
5
5
5
5
5
5
5
5
5
3
3
6
6
6
3
5
6
6
6
6
7
6
6
5
5
6
6
6
7
7
7
6
6
6
6
6
7
7
7
7
7
7
7
7
5
7
7
7
7
7
7
7
7
7
8
8
8
7
8
8
8
8
8
8
8
8
8
32
8
8
8
7
9
9
10
11
10
10
10
76
10
10
11
12
11
11
12
11
12
12
12
12
2
13
13
14
14
16
14
14
14
14
16
14
14
14
15
15
11
15
15
15
17
15
15
19
15
15
15
16
16
16
16
16
16
5
16
21
21
16
16
16
16
21
17
17
17
17
17
17
17
17
17
19
17
18
19
19
19
17
19
19
19
19
19
19
19
25
19
19
19
19
20
20
20
20
20
21
21
21
21
21
21
21
22
21
22
22
22
22
22
22
22
22
22
22
22
22
22
22
22
22
22
22
22
22
22
22
23
23
23
23
23
23
23
23
23
27
23
27
24
22
24
22
24
24
24
24
24
24
24
24
24
24
24
24
24
24
24
24
24
24
23
24
24
24
24
24
24
28
25
25
18
18
25
25
25
25
26
25
25
25
25
26
26
25
25
25
25
25
25
25
27
27
26
25
25
26
26
26
25
25
26
27
27
27
27
27
24
28
27
28
28
31
31
28
31
31
29
29
31
29
29
29
29
30
30
30
30
31
31
30
30
58
30
30
30
31
31
31
31
31
31
31
31
32
8
33
33
34
34
34
34
34
33
33
36
38
34
34
38
38
38
34
40
40
40
40
34
40
38
39
41
41
38
41
41
39
40
40
40
40
41
41
40
41
41
41
41
41
42
42
42
42
42
42
40
40
42
42
69
42
42
43
43
69
43
42
42
43
43
46
46
43
43
44
44
69
44
69
44
44
44
47
46
46
46
46
46
46
46
46
46
46
47
45
45
45
48
45
49
47
49
49
73
49
49
49
49
49
49
49
51
50
51
51
51
51
45
52
52
52
52
52
52
49
49
53
53
53
53
53
53
54
51
55
54
56
56
56
56
56
56
56
56
64
57
56
57
57
56
58
58
58
58
58
58
58
58
58
59
59
59
60
60
60
60
58
58
37
61
58
61
61
61
61
61
61
67
61
61
58
62
62
62
62
63
58
63
63
63
63
63
64
64
64
64
64
64
64
65
65
65
65
65
65
65
63
65
66
63
67
63
66
70
66
61
61
67
61
61
61
67
61
61
67
67
67
67
67
67
71
71
67
68
68
69
68
68
71
71
71
69
69
69
69
69
71
69
69
69
69
70
65
70
70
70
70
71
70
71
71
71
70
71
71
71
71
69
71
71
71
71
71
71
72
72
72
72
72
72
72
72
72
72
72
72
73
72
72
74
74
75
75
72
75
75
75
75
75
76
76
76
76
76
10
53
75
58
1
3
4
22
22
21
22
25
25
19
18
16
13
5
6
3
22
22
22
5
7
28
28
28
31
46
49
43
45
42
40
34
68
34
68
63
61
56
34
34
40
40
38
38
40
41
40
36
36
23
23
27
26
26
27
27
27
28
31
31
31
8
29
29
51
33
32
33
35
38
60
60
60
60
34
60
59
60
30
31
33
34
31
31
29
29
29
30
69
28
33
26
7
24
44
69
58
58
31
26
29
31
29
29
31
38
5
58
42
76
56
