1
1
1
1
1
1
1
1
1
1
1
2
2
2
2
2
2
2
2
2
2
2
2
4
2
77
77
77
1
77
2
4
4
77
77
77
77
77
77
77
77
77
3
3
77
77
3
3
3
3
4
3
3
4
4
4
4
4
4
4
4
4
4
5
5
5
5
5
6
5
5
5
5
5
5
5
5
5
6
6
6
3
3
6
6
6
6
6
6
6
6
6
6
6
6
5
5
6
6
7
6
6
7
6
6
6
6
7
7
7
7
6
7
7
7
7
7
6
7
7
7
7
7
8
7
7
8
8
8
8
8
8
8
8
8
8
8
8
8
8
8
8
8
9
9
9
10
10
10
10
10
11
10
11
11
11
11
11
11
12
12
12
12
13
13
13
14
14
14
14
14
16
14
14
14
14
14
15
15
15
15
15
15
15
15
15
15
15
15
15
16
16
16
16
14
16
16
16
21
16
16
16
16
15
16
17
17
17
17
17
17
17
17
17
17
17
18
19
19
19
19
19
19
19
19
19
19
19
19
19
19
19
19
20
20
20
20
20
21
21
21
21
21
21
21
21
21
22
22
22
22
22
22
22
22
22
22
22
22
22
22
22
22
22
22
22
22
22
22
23
23
22
20
20
23
23
23
23
23
23
27
24
24
24
24
24
24
24
24
24
24
24
24
24
24
24
24
24
24
24
24
24
24
24
24
24
24
24
24
24
24
25
25
25
25
25
25
25
25
25
25
25
25
25
25
25
25
25
25
25
25
25
25
26
26
23
26
26
26
26
26
26
26
26
27
27
27
27
27
28
27
28
28
28
28
27
28
28
31
29
29
29
29
29
29
30
29
29
30
30
30
31
30
30
30
30
30
30
28
31
31
31
31
31
31
31
32
8
33
33
33
34
34
34
34
35
35
35
36
35
35
36
36
38
38
38
38
38
38
38
38
38
39
39
36
39
39
39
39
40
40
40
40
41
41
41
41
41
41
41
41
41
42
42
42
42
42
42
42
42
42
42
43
42
43
43
43
43
43
43
43
43
43
46
43
46
44
44
44
44
44
44
44
44
44
45
46
46
46
46
46
46
46
46
46
47
48
48
47
48
48
49
49
49
49
49
49
49
50
49
49
49
49
49
50
50
50
51
51
51
52
52
52
52
52
52
53
53
75
53
53
53
53
53
54
54
55
55
56
56
56
56
56
56
56
56
56
57
57
57
57
57
58
58
58
58
58
58
58
58
58
59
59
59
60
31
60
60
61
61
38
61
61
61
61
61
61
67
61
61
61
61
61
62
62
62
62
63
63
63
63
63
66
63
64
64
64
64
64
64
64
65
65
65
65
65
65
66
66
65
66
66
63
66
66
63
66
67
61
67
67
67
67
67
61
67
67
67
67
63
63
67
71
67
67
68
68
69
68
68
69
68
68
69
69
69
69
69
69
69
69
69
69
70
70
70
70
70
70
70
70
71
71
71
71
71
71
71
71
71
71
71
71
71
71
71
72
72
72
72
72
75
72
73
73
73
73
73
73
72
49
74
74
74
74
49
75
75
75
75
75
76
76
76
76
76
10
53
75
30
1
3
4
22
22
21
20
23
25
19
18
15
13
6
6
6
22
22
22
7
7
28
28
28
31
46
49
43
48
42
40
68
68
68
67
63
63
56
38
37
38
38
38
38
40
42
39
36
35
23
23
27
27
27
23
27
27
27
27
27
28
8
27
29
51
32
32
33
35
35
60
60
60
60
60
60
59
59
29
30
33
34
31
31
29
29
29
30
69
28
35
23
8
24
44
69
61
62
28
29
29
31
27
30
30
38
5
38
42
76
56
