1
1
1
1
1
1
1
1
1
1
1
2
2
2
2
1
2
2
2
13
2
2
2
2
2
77
77
77
1
77
2
4
4
77
77
77
77
77
77
77
77
3
3
3
3
77
3
3
3
4
4
4
3
4
4
4
4
4
4
4
4
4
4
5
5
5
5
5
5
5
5
5
5
5
5
5
6
6
5
6
3
3
6
6
6
6
7
7
6
6
6
7
6
7
6
5
5
5
7
6
6
6
6
6
7
6
6
7
6
7
7
7
7
7
7
7
7
7
7
7
7
7
7
8
7
8
7
8
8
8
8
8
8
8
8
8
8
8
8
8
8
8
8
9
9
9
10
12
10
10
10
11
10
11
11
11
11
11
11
12
12
12
12
13
13
13
14
14
14
14
13
14
14
14
14
14
14
12
15
15
15
15
15
15
15
15
15
16
19
15
14
16
16
16
14
16
16
16
16
16
16
16
16
16
16
17
17
17
17
17
17
17
17
18
17
17
18
19
19
19
19
19
19
19
19
19
19
19
19
19
19
19
19
20
20
20
20
20
21
21
21
21
21
21
21
21
21
22
22
22
22
22
22
22
22
22
22
22
22
22
22
22
22
22
22
22
22
23
22
22
23
23
23
23
23
23
23
23
23
26
27
24
24
24
24
24
24
24
24
24
24
24
24
24
24
24
24
24
24
24
24
24
24
28
24
24
24
24
24
24
24
25
25
25
25
25
25
25
25
25
25
25
25
25
25
26
25
25
25
25
25
25
25
26
26
26
25
26
26
26
26
26
26
26
27
27
26
26
27
28
24
27
28
28
27
28
28
28
33
29
29
31
29
30
29
30
30
30
30
31
30
30
30
30
31
30
30
30
31
31
31
31
31
31
31
31
32
32
32
33
33
34
34
34
34
35
33
35
36
38
38
36
38
36
38
38
38
38
38
37
38
38
39
39
39
39
41
41
39
41
40
40
40
41
41
40
41
41
41
41
41
41
41
42
41
42
42
42
42
42
42
42
42
43
42
43
43
43
43
43
43
43
43
43
43
43
44
45
44
44
69
44
44
44
47
46
46
46
46
46
46
46
46
46
46
51
51
51
51
48
51
49
49
49
49
49
49
50
50
49
49
49
49
54
50
50
50
51
51
51
52
52
52
52
55
52
53
53
53
53
54
53
53
54
54
54
55
55
56
56
56
56
56
56
56
56
56
57
57
57
57
57
58
58
58
58
58
58
58
58
61
59
61
59
60
60
60
60
61
61
38
61
59
61
61
61
61
61
61
61
61
61
67
62
62
62
62
63
58
58
63
58
63
62
64
64
64
64
64
64
64
65
65
65
65
65
64
66
63
65
66
66
66
66
65
66
66
61
61
67
61
63
67
67
67
67
67
66
67
63
66
67
71
71
71
61
67
68
67
67
68
68
71
69
69
69
69
69
68
69
69
69
69
66
65
65
70
70
70
70
70
71
68
71
71
71
71
71
71
71
71
71
71
71
71
71
72
72
72
72
72
72
72
73
73
73
72
72
73
72
72
74
74
74
74
75
75
75
75
75
75
76
76
76
76
76
76
53
75
31
1
3
4
22
22
21
20
23
25
19
18
15
13
6
7
3
22
22
22
7
7
28
28
28
28
46
49
43
45
42
40
37
67
67
71
63
63
56
38
37
37
38
38
38
40
41
41
39
36
23
23
27
27
27
23
29
27
28
27
28
27
8
29
29
51
32
8
33
35
38
60
60
60
38
60
31
59
59
31
30
33
34
31
31
29
29
29
30
42
33
33
26
8
24
44
69
59
58
28
29
30
31
30
30
31
38
5
61
42
76
62
