1
1
1
1
1
1
1
1
1
2
1
2
2
2
2
2
2
2
2
13
13
13
2
4
2
77
77
77
1
1
77
77
77
77
77
77
77
77
77
77
77
4
4
77
4
3
3
3
3
4
4
4
3
4
4
4
14
4
4
5
5
5
5
5
5
5
5
5
5
5
5
5
5
5
5
5
6
4
5
6
6
3
3
6
6
6
6
6
6
3
6
6
6
6
5
5
5
6
6
7
7
6
6
6
6
7
6
7
7
7
7
7
7
7
7
5
7
7
7
7
7
7
7
7
7
8
8
8
8
7
8
32
8
8
8
8
8
8
8
32
8
28
8
9
9
9
11
10
10
10
76
10
10
11
11
11
11
11
11
12
12
12
13
13
13
13
14
14
14
13
14
14
14
14
14
14
14
15
15
11
15
15
15
15
15
15
15
15
15
15
16
16
16
14
16
16
16
16
16
16
16
16
16
21
16
17
17
17
17
17
17
17
17
17
17
17
18
19
19
15
19
19
19
19
15
19
19
20
19
19
19
19
19
20
20
20
20
20
21
21
21
21
21
21
21
21
21
22
22
22
22
21
22
22
22
22
22
22
22
22
22
22
22
22
22
22
23
22
22
24
23
22
22
23
23
23
23
23
26
23
26
24
24
22
24
24
22
24
24
24
24
24
24
24
24
24
24
24
24
24
24
24
24
24
24
24
24
24
24
24
24
25
25
25
18
25
25
25
25
25
25
25
25
25
25
23
26
25
25
25
25
26
26
26
26
26
26
27
27
27
27
29
29
27
29
27
29
29
29
28
28
28
28
28
28
28
31
28
28
29
30
31
30
30
29
30
30
30
30
30
30
30
30
30
30
29
30
29
31
31
28
31
31
31
31
31
32
8
33
33
34
34
34
34
34
35
33
35
36
36
35
36
38
38
38
38
40
38
34
38
40
40
36
36
38
38
36
39
39
40
40
40
40
39
41
41
41
41
41
41
41
41
41
42
42
42
42
42
42
42
42
42
43
43
43
69
43
43
43
43
43
43
46
43
43
46
44
44
69
44
44
49
44
44
44
45
46
46
46
46
46
46
46
46
46
45
45
45
45
48
47
49
44
49
49
49
50
49
49
49
49
75
49
49
50
50
50
51
51
47
52
51
52
52
52
52
53
53
53
53
53
53
53
54
55
54
52
55
30
56
56
56
56
56
56
56
56
30
57
57
57
57
58
58
58
58
58
58
58
58
58
61
60
60
60
60
60
60
61
61
34
37
37
37
37
61
63
61
61
61
61
61
61
57
62
62
62
63
58
63
58
63
63
63
65
56
64
64
64
64
64
65
65
64
65
65
65
63
63
66
66
66
66
66
66
70
66
61
61
67
67
63
67
67
61
68
68
67
67
66
67
67
71
71
71
61
68
68
68
67
68
68
67
69
69
69
69
69
69
69
69
69
69
70
70
70
70
70
70
70
70
71
71
71
71
71
71
71
71
71
71
71
71
71
71
44
72
72
72
72
72
75
72
73
73
73
71
72
73
73
73
74
74
74
74
75
75
75
75
53
75
76
76
76
76
76
10
53
75
30
77
4
4
22
24
21
20
25
25
19
18
16
13
5
6
4
22
22
22
7
22
28
28
28
28
46
44
43
45
42
40
37
61
68
67
63
63
56
34
38
34
38
38
38
40
41
41
36
36
23
27
27
27
29
27
27
29
27
27
27
28
8
29
29
47
33
32
35
36
36
60
60
60
34
60
60
59
59
31
30
33
34
31
30
30
30
30
30
69
33
35
23
8
24
44
69
60
58
31
29
30
31
28
29
58
40
5
37
42
76
56
