1
1
1
1
77
1
1
77
2
1
2
2
2
2
2
1
1
2
2
4
2
2
2
2
2
77
77
77
77
2
2
4
4
77
4
77
77
77
77
77
77
77
77
3
3
3
3
5
3
3
4
4
3
4
4
4
4
4
4
4
16
16
4
5
5
5
5
5
5
5
5
5
5
5
5
5
5
4
5
5
5
3
6
5
5
5
6
6
6
6
6
7
7
6
5
5
5
6
6
7
7
6
7
6
7
7
6
7
7
6
6
6
7
6
6
7
7
7
7
7
7
8
7
8
7
8
8
8
8
22
33
8
8
8
8
8
8
8
32
8
33
33
8
9
9
10
10
10
10
10
10
10
11
11
11
11
11
11
11
10
12
12
14
12
13
13
14
14
14
14
14
14
14
14
14
14
16
15
15
11
15
15
15
15
15
15
15
15
15
15
16
16
16
16
16
16
16
16
5
16
16
16
16
16
16
17
17
17
17
17
76
76
17
17
17
17
18
19
15
19
19
19
19
19
19
19
19
19
19
19
19
19
19
20
20
20
20
20
21
21
21
21
21
21
21
21
21
21
21
21
22
22
22
22
22
20
22
22
22
22
22
22
22
22
22
22
23
22
22
22
23
22
20
20
23
23
23
23
27
27
27
24
22
24
24
24
24
24
24
24
24
24
24
22
24
24
24
24
24
24
24
24
23
24
24
24
24
24
28
24
24
25
19
25
19
25
25
25
25
25
25
25
25
25
25
23
26
26
25
25
25
25
25
26
26
26
26
29
26
26
26
26
26
29
27
27
27
29
27
28
24
24
28
34
28
28
28
28
28
29
29
31
29
30
29
30
30
30
31
30
30
30
30
30
30
30
30
30
31
31
31
34
31
31
31
31
32
32
32
32
34
34
34
34
34
34
34
35
38
34
34
36
40
38
37
38
38
38
38
40
40
38
39
39
36
36
39
40
39
40
40
40
40
41
40
40
41
41
41
41
41
42
41
42
42
42
42
40
42
42
42
42
42
43
43
43
43
43
43
43
43
69
45
46
43
43
44
44
44
44
44
44
44
44
47
45
46
46
46
46
46
45
46
46
46
47
45
45
47
48
51
49
49
49
49
49
49
49
49
49
73
49
49
54
50
50
50
51
51
50
46
46
52
55
55
55
53
49
75
75
53
53
53
53
55
54
55
55
30
56
56
56
56
56
56
56
56
57
30
57
57
56
58
58
58
57
57
58
58
58
58
61
59
59
60
60
60
60
61
61
37
61
61
67
67
61
63
61
61
61
67
61
61
62
62
62
62
63
58
63
63
63
63
63
64
64
64
64
64
64
64
62
64
65
65
65
65
63
63
63
65
66
66
66
65
66
66
67
67
67
67
63
67
67
67
71
71
71
67
67
67
71
71
71
66
61
71
68
68
68
69
69
68
69
69
69
69
69
69
69
44
44
69
70
65
65
70
70
70
71
72
71
71
71
71
71
71
71
71
71
71
71
71
71
73
71
72
72
72
72
75
72
72
49
73
73
73
73
73
72
73
75
74
74
74
75
75
75
75
75
75
76
76
76
76
76
10
53
75
30
1
5
4
22
22
21
20
25
29
19
18
15
13
6
6
5
22
22
22
7
22
28
28
34
28
46
49
69
45
42
40
61
61
61
68
66
63
56
37
37
40
38
38
40
40
42
40
36
36
23
23
27
29
29
27
27
27
24
28
28
28
8
27
30
51
34
33
35
35
38
59
60
60
37
60
60
59
59
30
31
34
34
31
31
29
29
31
30
69
34
34
23
22
24
44
69
61
58
31
29
31
34
28
30
31
40
5
37
42
76
64
