1
1
1
1
1
1
1
1
1
1
1
2
2
2
2
1
2
2
2
2
2
2
2
2
4
77
77
77
1
77
77
77
4
77
77
77
4
77
77
77
4
4
5
4
3
77
3
3
3
4
5
5
3
4
4
2
2
4
4
4
4
5
5
5
5
5
5
5
5
5
5
5
5
5
5
5
6
5
5
6
6
3
3
6
6
6
6
6
3
6
6
6
7
6
5
5
5
6
6
7
6
6
6
7
7
6
6
6
7
7
7
7
7
7
7
7
7
7
7
7
7
7
8
8
7
8
8
8
8
8
8
8
8
7
8
8
8
32
32
8
31
31
8
9
9
9
11
9
10
9
10
10
10
11
11
11
11
11
12
12
12
13
12
13
13
13
14
13
13
14
14
14
14
14
14
14
14
15
15
15
15
11
15
15
15
15
15
15
15
15
16
16
14
16
16
16
16
16
16
16
16
16
16
16
16
17
17
17
17
17
17
17
17
17
17
17
18
19
19
19
19
19
19
19
19
19
19
19
25
19
19
19
19
20
20
20
20
20
21
21
21
21
21
21
21
21
21
22
21
22
22
21
22
22
22
20
22
22
22
22
22
22
22
22
22
22
22
22
22
24
23
22
20
20
23
20
22
23
20
20
23
24
24
24
24
22
24
24
24
24
24
24
24
24
24
24
24
24
24
27
24
24
24
24
27
24
24
24
24
24
24
19
19
19
18
19
25
25
25
25
25
25
25
25
25
25
25
25
25
25
25
25
25
26
26
26
23
26
26
26
26
26
29
26
27
29
29
29
27
28
24
27
27
28
28
28
29
29
28
29
30
30
30
30
30
30
30
30
30
30
30
30
30
30
30
30
30
30
28
28
28
28
29
31
29
31
32
33
33
34
33
34
60
60
37
34
60
35
35
35
35
35
38
35
37
38
40
40
40
40
40
40
39
38
38
40
38
38
39
40
40
40
40
41
41
41
41
41
41
41
41
42
41
42
41
41
42
42
42
42
42
42
42
42
43
43
42
43
42
43
43
43
46
43
43
46
45
47
44
44
44
44
44
44
44
46
46
46
46
46
46
46
46
46
46
44
46
45
44
48
51
50
50
50
49
49
49
49
49
49
49
49
49
54
50
50
50
51
52
51
52
52
52
52
52
52
53
53
75
53
53
53
53
54
54
54
55
54
56
56
56
56
56
56
56
64
56
57
57
57
58
57
58
58
57
58
58
58
58
59
58
59
59
59
60
60
60
60
58
58
59
61
61
59
59
59
61
61
61
61
61
61
61
62
62
62
62
63
63
58
63
63
63
63
64
64
64
64
64
64
64
65
62
64
65
65
64
63
66
63
66
66
70
65
65
70
70
61
61
61
67
66
67
67
61
61
71
67
67
66
67
71
68
71
70
61
68
37
68
68
37
69
68
40
69
42
69
69
69
69
44
69
69
70
70
70
70
70
70
71
70
71
71
71
71
71
71
71
71
71
73
71
71
71
73
71
72
72
72
72
72
72
72
71
73
73
72
73
49
73
72
72
74
74
74
72
75
75
75
75
75
76
76
76
76
76
10
53
74
30
1
3
5
22
22
21
20
25
25
19
18
16
13
5
6
6
22
22
22
22
7
28
28
28
28
46
49
42
45
42
40
37
37
68
71
66
63
56
37
37
37
40
38
38
40
41
40
36
35
23
23
27
27
27
27
27
29
27
27
27
28
8
29
29
52
33
31
34
34
35
60
60
60
60
34
60
59
59
30
30
34
34
31
30
30
30
30
30
42
31
35
23
8
22
44
40
59
58
29
29
30
31
29
30
30
40
5
61
42
76
64
