1
1
1
1
1
1
1
1
1
1
1
2
2
2
2
2
2
2
2
2
2
2
2
2
4
77
77
77
77
77
4
4
4
77
77
77
77
77
77
77
77
4
4
77
3
3
3
3
3
3
4
4
3
4
4
4
4
4
4
4
4
4
4
5
5
16
5
5
5
5
5
5
5
5
5
5
3
3
5
6
3
3
6
6
3
6
6
6
6
6
6
6
6
6
6
5
5
6
7
7
6
6
6
6
7
6
7
7
6
7
7
7
7
7
7
7
7
7
7
7
7
7
7
8
7
8
8
8
7
8
8
8
8
7
8
8
8
8
8
8
32
8
8
9
9
9
10
11
10
10
10
10
10
11
11
10
11
11
11
12
12
12
12
13
13
13
14
14
14
14
14
14
16
14
14
14
14
15
15
15
15
15
15
17
15
15
19
15
15
15
16
16
16
16
16
16
16
16
16
16
16
16
16
16
16
17
17
17
17
17
17
17
17
17
17
17
18
19
19
19
19
19
19
19
19
19
19
19
19
19
19
19
19
20
20
20
20
20
21
21
21
21
21
21
21
21
21
22
22
22
22
22
22
22
22
22
22
22
22
22
22
22
22
22
22
22
23
22
22
23
23
23
23
23
23
23
23
23
23
23
26
24
24
24
24
24
24
24
24
24
24
24
24
24
24
24
24
24
24
24
24
24
24
24
24
24
24
24
28
24
24
25
25
25
25
25
25
25
25
25
25
25
25
25
25
25
25
29
25
25
29
25
25
26
26
23
23
29
29
26
26
26
29
27
27
27
27
27
27
28
24
28
28
28
27
28
28
28
33
29
30
31
30
29
29
30
30
30
30
30
30
30
30
30
30
30
30
30
31
31
31
31
31
31
31
31
32
8
32
33
33
34
34
34
34
35
33
36
35
38
35
35
38
38
38
38
38
38
38
38
38
38
38
39
39
39
39
39
39
42
40
40
40
41
41
41
41
41
41
41
41
41
41
42
42
42
42
42
42
42
42
42
42
42
43
43
69
43
43
43
43
43
43
43
43
43
44
44
44
44
44
44
44
44
44
45
46
46
46
46
46
46
46
46
46
47
45
45
51
45
48
49
49
50
49
49
49
50
49
49
49
49
49
49
50
50
50
46
51
51
52
52
52
52
52
52
53
49
53
53
53
53
53
53
54
54
55
54
56
56
56
56
56
56
56
56
56
57
57
57
62
57
58
58
58
58
58
58
58
58
61
59
59
59
60
60
60
60
61
61
38
61
61
61
61
67
61
67
67
67
61
61
61
62
62
62
62
61
63
63
63
61
63
63
64
64
64
64
64
64
64
65
65
65
65
65
65
66
66
66
65
66
70
66
66
70
65
67
61
67
67
67
67
67
67
67
67
67
67
70
70
67
71
67
70
67
68
68
68
69
69
71
71
69
69
69
69
69
71
69
69
69
45
70
70
70
70
70
70
70
70
71
71
71
71
71
71
71
71
71
71
71
71
71
71
71
72
72
72
72
74
72
72
73
73
73
73
73
49
73
73
74
74
74
74
75
75
75
75
75
75
76
76
76
76
76
10
53
75
30
2
3
4
22
22
21
20
25
29
19
18
15
13
6
3
6
22
22
22
22
7
28
28
28
28
46
49
45
45
42
40
37
61
68
67
66
63
56
38
37
38
38
38
38
39
41
39
38
36
23
27
27
27
27
27
27
27
28
28
28
28
7
29
29
51
32
32
35
35
35
60
60
60
60
60
60
59
59
30
30
33
34
31
31
30
29
30
30
69
33
35
23
8
24
44
69
61
58
28
29
27
31
27
29
30
39
5
61
42
76
56
