1
1
1
1
1
1
1
1
2
2
2
1
2
2
2
2
2
2
2
2
13
2
2
2
1
77
77
1
1
1
1
4
1
77
4
77
4
77
4
77
4
4
3
3
77
77
77
3
77
3
4
4
3
4
4
4
14
4
4
5
4
4
5
5
5
4
5
5
5
5
5
5
5
5
5
5
6
6
5
6
3
77
3
3
6
6
5
6
3
3
6
6
6
6
6
5
6
6
6
6
6
6
6
7
6
6
7
6
7
7
7
7
7
7
22
6
22
7
7
7
7
7
7
7
7
7
8
8
7
8
8
8
8
8
8
8
8
32
8
8
8
8
8
9
9
9
11
10
10
9
76
10
10
11
11
11
11
11
11
10
12
12
12
13
13
13
14
14
13
13
12
14
14
14
14
14
14
15
15
15
15
15
15
17
15
15
15
19
15
15
16
16
16
16
16
16
14
16
16
16
16
21
16
21
21
17
17
17
17
76
76
17
17
17
17
17
18
19
19
19
19
19
19
19
19
19
19
19
19
19
19
19
19
20
20
20
20
20
21
21
21
21
21
21
21
21
21
21
21
22
22
22
22
22
22
20
22
22
22
22
22
22
22
22
22
22
22
23
22
23
23
23
20
20
20
20
23
23
23
23
23
24
22
24
22
22
22
24
24
22
24
24
24
24
24
24
24
24
24
24
24
24
24
24
24
24
24
24
24
24
24
19
19
19
18
19
25
25
23
25
25
25
25
25
25
23
25
25
25
25
25
25
25
26
26
26
26
26
26
26
26
26
26
29
26
26
29
29
29
27
26
31
31
27
31
31
28
31
31
29
30
31
30
29
29
29
30
30
30
30
30
30
30
29
30
30
29
30
31
31
31
31
31
31
31
31
32
32
32
33
33
60
34
34
60
34
34
35
35
35
38
35
36
36
38
38
38
35
35
38
38
38
41
41
38
38
39
39
41
40
40
40
40
41
39
38
42
42
42
41
41
42
42
42
42
42
42
40
42
42
42
42
43
46
42
43
43
42
43
46
43
43
46
43
43
46
69
45
44
44
69
44
44
50
50
46
46
46
46
43
46
46
46
46
46
50
45
45
51
48
51
50
50
49
49
49
47
50
50
49
49
49
49
49
50
50
50
51
51
51
46
52
52
52
52
51
49
53
75
75
53
54
53
54
55
54
52
51
56
56
56
57
56
56
56
56
64
58
57
57
57
56
30
58
58
57
58
58
58
58
61
59
59
59
60
60
60
60
61
61
37
67
61
61
67
61
57
63
61
67
61
67
67
57
62
62
62
63
57
57
63
63
63
63
64
64
64
64
64
64
64
65
65
65
65
65
64
63
63
63
65
66
66
66
65
66
65
67
67
67
61
63
61
67
67
68
67
67
67
63
67
71
71
71
71
67
68
69
68
68
68
68
71
69
69
42
69
69
69
69
69
69
69
65
65
70
70
70
72
70
72
71
71
71
71
71
71
71
71
71
71
71
70
71
71
71
72
72
72
72
72
72
72
73
73
73
72
72
73
72
75
72
72
74
74
75
75
75
75
75
75
76
76
76
76
76
76
53
72
56
2
3
4
5
22
21
20
25
29
19
18
15
13
5
6
3
22
22
22
22
7
28
27
28
31
46
49
43
45
42
40
40
40
68
71
66
63
56
61
40
38
35
35
38
38
38
38
36
36
24
23
26
26
26
26
29
26
26
31
31
31
8
31
29
51
33
28
34
34
35
59
60
59
60
60
60
59
59
30
56
33
34
31
31
30
30
30
30
43
28
34
23
8
22
44
42
61
57
31
29
31
31
26
30
30
38
5
61
42
76
62
